2017-02-22T13:30:00Z,136.45,136.45,136.45,136.45
2017-02-22T13:34:00Z,136.45,136.45,136.45,136.45
2017-02-22T13:35:00Z,136.49,136.49,136.49,136.49
2017-02-22T13:36:00Z,136.45,136.45,136.43,136.43
2017-02-22T13:38:00Z,136.47,136.47,136.47,136.47
2017-02-22T13:39:00Z,136.47,136.48,136.47,136.48
2017-02-22T13:41:00Z,136.49,136.5,136.49,136.5
2017-02-22T13:44:00Z,136.5,136.51,136.5,136.5
2017-02-22T13:45:00Z,136.51,136.51,136.51,136.51
2017-02-22T13:48:00Z,136.45,136.45,136.45,136.45
2017-02-22T13:52:00Z,136.48,136.48,136.43,136.43
2017-02-22T13:53:00Z,136.42,136.42,136.42,136.42
2017-02-22T13:54:00Z,136.41,136.41,136.41,136.41
2017-02-22T13:56:00Z,136.44,136.44,136.44,136.44
2017-02-22T13:59:00Z,136.44,136.44,136.44,136.44
2017-02-22T14:00:00Z,136.44,136.44,136.44,136.44
2017-02-22T14:03:00Z,136.41,136.41,136.41,136.41
2017-02-22T14:04:00Z,136.41,136.41,136.41,136.41
2017-02-22T14:05:00Z,136.45,136.45,136.41,136.41
2017-02-22T14:07:00Z,136.41,136.41,136.41,136.41
2017-02-22T14:09:00Z,136.45,136.45,136.4,136.4
2017-02-22T14:11:00Z,136.4,136.4,136.4,136.4
2017-02-22T14:13:00Z,136.45,136.45,136.41,136.41
2017-02-22T14:14:00Z,136.42,136.42,136.37,136.37
2017-02-22T14:15:00Z,136.4,136.4,136.4,136.4
2017-02-22T14:16:00Z,136.45,136.45,136.44,136.44
2017-02-22T14:18:00Z,136.44,136.45,136.44,136.45
2017-02-22T14:20:00Z,136.5,136.5,136.41,136.42
2017-02-22T14:21:00Z,136.41,136.41,136.41,136.41
2017-02-22T14:25:00Z,136.42,136.42,136.41,136.42
2017-02-22T14:28:00Z,136.42,136.51,136.4,136.51
2017-02-22T14:29:00Z,136.49,136.54,136.41,136.41
2017-02-22T14:30:00Z,136.46,136.6,136.4,136.49
2017-02-22T14:31:00Z,136.5,136.59,136.49,136.52
2017-02-22T14:32:00Z,136.52,136.57,136.35,136.5273
2017-02-22T14:33:00Z,136.525,136.53,136.4,136.4198
2017-02-22T14:34:00Z,136.4,136.4507,136.3,136.44
2017-02-22T14:35:00Z,136.43,136.55,136.43,136.47
2017-02-22T14:36:00Z,136.46,136.498,136.35,136.498
2017-02-22T14:37:00Z,136.5,136.53,136.43,136.49
2017-02-22T14:38:00Z,136.4753,136.52,136.42,136.45
2017-02-22T14:39:00Z,136.46,136.461,136.325,136.39
2017-02-22T14:40:00Z,136.35,136.36,136.19,136.195
2017-02-22T14:41:00Z,136.19,136.25,136.155,136.2099
2017-02-22T14:42:00Z,136.21,136.29,136.19,136.23
2017-02-22T14:43:00Z,136.2281,136.24,136.11,136.16
2017-02-22T14:44:00Z,136.17,136.21,136.11,136.185
2017-02-22T14:45:00Z,136.18,136.26,136.16,136.171
2017-02-22T14:46:00Z,136.18,136.26,136.17,136.245
2017-02-22T14:47:00Z,136.245,136.34,136.22,136.31
2017-02-22T14:48:00Z,136.311,136.33,136.23,136.259
2017-02-22T14:49:00Z,136.26,136.26,136.18,136.235
2017-02-22T14:50:00Z,136.23,136.31,136.21,136.305
2017-02-22T14:51:00Z,136.305,136.31,136.22,136.23
2017-02-22T14:52:00Z,136.2383,136.29,136.21,136.259
2017-02-22T14:53:00Z,136.25,136.26,136.15,136.154
2017-02-22T14:54:00Z,136.155,136.21,136.15,136.197
2017-02-22T14:55:00Z,136.19,136.2453,136.1802,136.24
2017-02-22T14:56:00Z,136.2473,136.28,136.23,136.265
2017-02-22T14:57:00Z,136.27,136.38,136.2603,136.365
2017-02-22T14:58:00Z,136.37,136.37,136.3,136.33
2017-02-22T14:59:00Z,136.34,136.35,136.3,136.3478
2017-02-22T15:00:00Z,136.35,136.43,136.33,136.4192
2017-02-22T15:01:00Z,136.43,136.45,136.4,136.42
2017-02-22T15:02:00Z,136.42,136.4511,136.4,136.42
2017-02-22T15:03:00Z,136.41,136.4299,136.36,136.37
2017-02-22T15:04:00Z,136.37,136.43,136.37,136.3999
2017-02-22T15:05:00Z,136.4,136.42,136.35,136.41
2017-02-22T15:06:00Z,136.415,136.435,136.38,136.435
2017-02-22T15:07:00Z,136.44,136.45,136.4,136.44
2017-02-22T15:08:00Z,136.44,136.5,136.44,136.46
2017-02-22T15:09:00Z,136.47,136.52,136.47,136.5047
2017-02-22T15:10:00Z,136.5,136.51,136.45,136.45
2017-02-22T15:11:00Z,136.46,136.49,136.45,136.47
2017-02-22T15:12:00Z,136.46,136.48,136.44,136.45
2017-02-22T15:13:00Z,136.4535,136.4965,136.45,136.47
2017-02-22T15:14:00Z,136.47,136.5484,136.47,136.5484
2017-02-22T15:15:00Z,136.5499,136.56,136.52,136.535
2017-02-22T15:16:00Z,136.5345,136.54,136.49,136.5166
2017-02-22T15:17:00Z,136.52,136.54,136.48,136.51
2017-02-22T15:18:00Z,136.51,136.5261,136.47,136.48
2017-02-22T15:19:00Z,136.472,136.5,136.46,136.48
2017-02-22T15:20:00Z,136.47,136.5228,136.46,136.5093
2017-02-22T15:21:00Z,136.51,136.52,136.48,136.49
2017-02-22T15:22:00Z,136.4901,136.51,136.43,136.44
2017-02-22T15:23:00Z,136.4347,136.45,136.43,136.435
2017-02-22T15:24:00Z,136.43,136.4668,136.42,136.46
2017-02-22T15:25:00Z,136.46,136.46,136.4154,136.4343
2017-02-22T15:26:00Z,136.43,136.48,136.43,136.47
2017-02-22T15:27:00Z,136.473,136.52,136.47,136.51
2017-02-22T15:28:00Z,136.505,136.51,136.46,136.48
2017-02-22T15:29:00Z,136.4864,136.5,136.46,136.465
2017-02-22T15:30:00Z,136.46,136.49,136.45,136.4514
2017-02-22T15:31:00Z,136.45,136.46,136.4107,136.44
2017-02-22T15:32:00Z,136.43,136.445,136.4,136.43
2017-02-22T15:33:00Z,136.437,136.46,136.41,136.4465
2017-02-22T15:34:00Z,136.45,136.51,136.45,136.5
2017-02-22T15:35:00Z,136.5,136.53,136.48,136.525
2017-02-22T15:36:00Z,136.5233,136.55,136.51,136.54
2017-02-22T15:37:00Z,136.5401,136.5401,136.49,136.51
2017-02-22T15:38:00Z,136.51,136.5601,136.51,136.5484
2017-02-22T15:39:00Z,136.55,136.56,136.5,136.5501
2017-02-22T15:40:00Z,136.55,136.56,136.5,136.55
2017-02-22T15:41:00Z,136.5557,136.58,136.5,136.5
2017-02-22T15:42:00Z,136.51,136.52,136.48,136.495
2017-02-22T15:43:00Z,136.5,136.5,136.44,136.48
2017-02-22T15:44:00Z,136.49,136.54,136.4858,136.5243
2017-02-22T15:45:00Z,136.53,136.53,136.44,136.46
2017-02-22T15:46:00Z,136.45,136.48,136.42,136.425
2017-02-22T15:47:00Z,136.43,136.47,136.43,136.45
2017-02-22T15:48:00Z,136.45,136.48,136.43,136.44
2017-02-22T15:49:00Z,136.435,136.51,136.4308,136.505
2017-02-22T15:50:00Z,136.51,136.53,136.46,136.48
2017-02-22T15:51:00Z,136.48,136.4874,136.44,136.45
2017-02-22T15:52:00Z,136.45,136.49,136.44,136.49
2017-02-22T15:53:00Z,136.49,136.49,136.45,136.47
2017-02-22T15:54:00Z,136.46,136.52,136.46,136.47
2017-02-22T15:55:00Z,136.4615,136.495,136.46,136.47
2017-02-22T15:56:00Z,136.47,136.481,136.45,136.46
2017-02-22T15:57:00Z,136.47,136.49,136.44,136.463
2017-02-22T15:58:00Z,136.46,136.4699,136.43,136.43
2017-02-22T15:59:00Z,136.4315,136.46,136.42,136.45
2017-02-22T16:00:00Z,136.46,136.49,136.45,136.45
2017-02-22T16:01:00Z,136.46,136.47,136.41,136.4227
2017-02-22T16:02:00Z,136.42,136.4289,136.36,136.38
2017-02-22T16:03:00Z,136.39,136.435,136.38,136.39
2017-02-22T16:04:00Z,136.4,136.41,136.36,136.405
2017-02-22T16:05:00Z,136.4,136.405,136.3578,136.36
2017-02-22T16:06:00Z,136.37,136.4,136.37,136.38
2017-02-22T16:07:00Z,136.38,136.44,136.38,136.4231
2017-02-22T16:08:00Z,136.425,136.4307,136.3901,136.4
2017-02-22T16:09:00Z,136.3974,136.4,136.36,136.39
2017-02-22T16:10:00Z,136.39,136.41,136.3746,136.3746
2017-02-22T16:11:00Z,136.375,136.41,136.37,136.41
2017-02-22T16:12:00Z,136.41,136.415,136.38,136.41
2017-02-22T16:13:00Z,136.41,136.4296,136.39,136.42
2017-02-22T16:14:00Z,136.4244,136.45,136.42,136.4401
2017-02-22T16:15:00Z,136.45,136.48,136.44,136.45
2017-02-22T16:16:00Z,136.45,136.48,136.445,136.475
2017-02-22T16:17:00Z,136.475,136.49,136.42,136.445
2017-02-22T16:18:00Z,136.44,136.44,136.42,136.425
2017-02-22T16:19:00Z,136.4283,136.45,136.4256,136.45
2017-02-22T16:20:00Z,136.44,136.49,136.44,136.4703
2017-02-22T16:21:00Z,136.47,136.4795,136.44,136.4751
2017-02-22T16:22:00Z,136.47,136.495,136.4537,136.49
2017-02-22T16:23:00Z,136.49,136.5,136.49,136.49
2017-02-22T16:24:00Z,136.49,136.5,136.45,136.49
2017-02-22T16:25:00Z,136.49,136.5,136.48,136.48
2017-02-22T16:26:00Z,136.49,136.49,136.45,136.4708
2017-02-22T16:27:00Z,136.47,136.52,136.465,136.51
2017-02-22T16:28:00Z,136.51,136.53,136.5,136.53
2017-02-22T16:29:00Z,136.53,136.55,136.53,136.5457
2017-02-22T16:30:00Z,136.54,136.58,136.53,136.5765
2017-02-22T16:31:00Z,136.58,136.63,136.58,136.6
2017-02-22T16:32:00Z,136.5954,136.62,136.59,136.615
2017-02-22T16:33:00Z,136.615,136.66,136.61,136.63
2017-02-22T16:34:00Z,136.63,136.67,136.625,136.64
2017-02-22T16:35:00Z,136.6447,136.65,136.62,136.62
2017-02-22T16:36:00Z,136.62,136.63,136.61,136.62
2017-02-22T16:37:00Z,136.6231,136.63,136.58,136.59
2017-02-22T16:38:00Z,136.58,136.59,136.52,136.545
2017-02-22T16:39:00Z,136.545,136.55,136.52,136.5432
2017-02-22T16:40:00Z,136.55,136.55,136.52,136.5401
2017-02-22T16:41:00Z,136.55,136.56,136.54,136.5451
2017-02-22T16:42:00Z,136.545,136.55,136.52,136.535
2017-02-22T16:43:00Z,136.536,136.536,136.48,136.505
2017-02-22T16:44:00Z,136.495,136.51,136.48,136.51
2017-02-22T16:45:00Z,136.5,136.55,136.5,136.53
2017-02-22T16:46:00Z,136.53,136.55,136.52,136.53
2017-02-22T16:47:00Z,136.5347,136.55,136.52,136.55
2017-02-22T16:48:00Z,136.55,136.58,136.54,136.565
2017-02-22T16:49:00Z,136.56,136.61,136.55,136.6
2017-02-22T16:50:00Z,136.605,136.61,136.56,136.56
2017-02-22T16:51:00Z,136.56,136.56,136.52,136.54
2017-02-22T16:52:00Z,136.54,136.57,136.53,136.56
2017-02-22T16:53:00Z,136.56,136.56,136.53,136.54
2017-02-22T16:54:00Z,136.54,136.55,136.52,136.545
2017-02-22T16:55:00Z,136.5443,136.55,136.51,136.5143
2017-02-22T16:56:00Z,136.52,136.527,136.5,136.51
2017-02-22T16:57:00Z,136.5165,136.535,136.51,136.53
2017-02-22T16:58:00Z,136.5342,136.5357,136.5,136.51
2017-02-22T16:59:00Z,136.51,136.511,136.485,136.49
2017-02-22T17:00:00Z,136.48,136.49,136.44,136.49
2017-02-22T17:01:00Z,136.4963,136.51,136.45,136.4535
2017-02-22T17:02:00Z,136.45,136.49,136.44,136.47
2017-02-22T17:03:00Z,136.4792,136.5047,136.4792,136.5
2017-02-22T17:04:00Z,136.5,136.5,136.4577,136.48
2017-02-22T17:05:00Z,136.4658,136.47,136.44,136.4551
2017-02-22T17:06:00Z,136.451,136.485,136.4401,136.4593
2017-02-22T17:07:00Z,136.45,136.49,136.445,136.485
2017-02-22T17:08:00Z,136.48,136.485,136.45,136.46
2017-02-22T17:09:00Z,136.4522,136.49,136.4522,136.48
2017-02-22T17:10:00Z,136.48,136.49,136.48,136.49
2017-02-22T17:11:00Z,136.49,136.5,136.47,136.49
2017-02-22T17:12:00Z,136.5,136.52,136.49,136.5143
2017-02-22T17:13:00Z,136.52,136.5402,136.5107,136.53
2017-02-22T17:14:00Z,136.53,136.545,136.52,136.535
2017-02-22T17:15:00Z,136.5301,136.55,136.5199,136.545
2017-02-22T17:16:00Z,136.55,136.57,136.53,136.55
2017-02-22T17:17:00Z,136.55,136.57,136.54,136.55
2017-02-22T17:18:00Z,136.56,136.57,136.53,136.56
2017-02-22T17:19:00Z,136.57,136.5847,136.55,136.561
2017-02-22T17:20:00Z,136.55,136.6,136.55,136.59
2017-02-22T17:21:00Z,136.6,136.6078,136.5742,136.59
2017-02-22T17:22:00Z,136.59,136.6,136.58,136.6
2017-02-22T17:23:00Z,136.5937,136.61,136.59,136.5941
2017-02-22T17:24:00Z,136.59,136.595,136.58,136.59
2017-02-22T17:25:00Z,136.595,136.61,136.58,136.6
2017-02-22T17:26:00Z,136.6,136.61,136.58,136.5835
2017-02-22T17:27:00Z,136.5843,136.63,136.58,136.6147
2017-02-22T17:28:00Z,136.62,136.64,136.605,136.6393
2017-02-22T17:29:00Z,136.64,136.64,136.61,136.6211
2017-02-22T17:30:00Z,136.63,136.64,136.62,136.6293
2017-02-22T17:31:00Z,136.62,136.64,136.62,136.6289
2017-02-22T17:32:00Z,136.63,136.66,136.6201,136.66
2017-02-22T17:33:00Z,136.6565,136.66,136.62,136.62
2017-02-22T17:34:00Z,136.63,136.63,136.61,136.615
2017-02-22T17:35:00Z,136.615,136.6259,136.6,136.61
2017-02-22T17:36:00Z,136.61,136.61,136.58,136.59
2017-02-22T17:37:00Z,136.595,136.6,136.58,136.594
2017-02-22T17:38:00Z,136.591,136.6,136.57,136.58
2017-02-22T17:39:00Z,136.575,136.58,136.56,136.57
2017-02-22T17:40:00Z,136.575,136.63,136.57,136.625
2017-02-22T17:41:00Z,136.63,136.648,136.62,136.64
2017-02-22T17:42:00Z,136.6408,136.655,136.631,136.6451
2017-02-22T17:43:00Z,136.64,136.65,136.63,136.641
2017-02-22T17:44:00Z,136.641,136.65,136.64,136.65
2017-02-22T17:45:00Z,136.649,136.6602,136.64,136.6457
2017-02-22T17:46:00Z,136.65,136.66,136.64,136.655
2017-02-22T17:47:00Z,136.65,136.665,136.63,136.665
2017-02-22T17:48:00Z,136.6584,136.68,136.65,136.6513
2017-02-22T17:49:00Z,136.65,136.68,136.65,136.66
2017-02-22T17:50:00Z,136.6655,136.67,136.64,136.64
2017-02-22T17:51:00Z,136.64,136.66,136.62,136.645
2017-02-22T17:52:00Z,136.65,136.65,136.61,136.6197
2017-02-22T17:53:00Z,136.62,136.64,136.61,136.64
2017-02-22T17:54:00Z,136.65,136.67,136.63,136.67
2017-02-22T17:55:00Z,136.67,136.68,136.66,136.679
2017-02-22T17:56:00Z,136.675,136.685,136.67,136.67
2017-02-22T17:57:00Z,136.675,136.69,136.67,136.68
2017-02-22T17:58:00Z,136.68,136.69,136.675,136.69
2017-02-22T17:59:00Z,136.6847,136.69,136.671,136.685
2017-02-22T18:00:00Z,136.68,136.7001,136.67,136.7
2017-02-22T18:01:00Z,136.6966,136.7247,136.69,136.72
2017-02-22T18:02:00Z,136.72,136.73,136.68,136.7
2017-02-22T18:03:00Z,136.7,136.71,136.695,136.695
2017-02-22T18:04:00Z,136.695,136.71,136.695,136.705
2017-02-22T18:05:00Z,136.704,136.72,136.7,136.71
2017-02-22T18:06:00Z,136.7046,136.71,136.695,136.71
2017-02-22T18:07:00Z,136.71,136.72,136.7,136.71
2017-02-22T18:08:00Z,136.7142,136.72,136.68,136.6953
2017-02-22T18:09:00Z,136.6943,136.73,136.6943,136.7033
2017-02-22T18:10:00Z,136.704,136.7247,136.7001,136.7001
2017-02-22T18:11:00Z,136.7016,136.7231,136.7,136.71
2017-02-22T18:12:00Z,136.71,136.7162,136.7,136.71
2017-02-22T18:13:00Z,136.7151,136.72,136.71,136.72
2017-02-22T18:14:00Z,136.71,136.75,136.71,136.74
2017-02-22T18:15:00Z,136.74,136.74,136.73,136.735
2017-02-22T18:16:00Z,136.7335,136.75,136.73,136.74
2017-02-22T18:17:00Z,136.7351,136.78,136.7342,136.76
2017-02-22T18:18:00Z,136.76,136.8,136.75,136.8
2017-02-22T18:19:00Z,136.795,136.83,136.795,136.8237
2017-02-22T18:20:00Z,136.83,136.85,136.82,136.84
2017-02-22T18:21:00Z,136.8443,136.86,136.84,136.86
2017-02-22T18:22:00Z,136.8599,136.865,136.85,136.8543
2017-02-22T18:23:00Z,136.8505,136.87,136.82,136.82
2017-02-22T18:24:00Z,136.8246,136.8246,136.8,136.81
2017-02-22T18:25:00Z,136.8049,136.83,136.7806,136.81
2017-02-22T18:26:00Z,136.8,136.82,136.8,136.8067
2017-02-22T18:27:00Z,136.8,136.81,136.8,136.81
2017-02-22T18:28:00Z,136.81,136.87,136.81,136.86
2017-02-22T18:29:00Z,136.8575,136.88,136.85,136.88
2017-02-22T18:30:00Z,136.87,136.88,136.85,136.875
2017-02-22T18:31:00Z,136.87,136.875,136.85,136.875
2017-02-22T18:32:00Z,136.875,136.9,136.87,136.9
2017-02-22T18:33:00Z,136.891,136.95,136.89,136.9457
2017-02-22T18:34:00Z,136.95,136.95,136.925,136.94
2017-02-22T18:35:00Z,136.95,136.95,136.885,136.9
2017-02-22T18:36:00Z,136.91,136.91,136.9,136.9
2017-02-22T18:37:00Z,136.905,136.925,136.9001,136.925
2017-02-22T18:38:00Z,136.92,136.93,136.91,136.92
2017-02-22T18:39:00Z,136.9266,136.93,136.91,136.9293
2017-02-22T18:40:00Z,136.93,136.96,136.92,136.945
2017-02-22T18:41:00Z,136.94,136.96,136.935,136.955
2017-02-22T18:42:00Z,136.9541,136.96,136.94,136.9501
2017-02-22T18:43:00Z,136.95,136.96,136.95,136.955
2017-02-22T18:44:00Z,136.955,136.96,136.95,136.955
2017-02-22T18:45:00Z,136.9565,136.98,136.95,136.9735
2017-02-22T18:46:00Z,136.97,137,136.97,137
2017-02-22T18:47:00Z,137,137,136.98,136.999
2017-02-22T18:48:00Z,137,137,136.99,136.995
2017-02-22T18:49:00Z,136.995,137.05,136.99,137.04
2017-02-22T18:50:00Z,137.035,137.09,137.025,137.03
2017-02-22T18:51:00Z,137.04,137.1,137.035,137.1
2017-02-22T18:52:00Z,137.1,137.12,137.085,137.0942
2017-02-22T18:53:00Z,137.09,137.11,137.06,137.06
2017-02-22T18:54:00Z,137.06,137.06,137.03,137.045
2017-02-22T18:55:00Z,137.04,137.07,137.03,137.05
2017-02-22T18:56:00Z,137.04,137.05,137.02,137.02
2017-02-22T18:57:00Z,137.03,137.05,137.02,137.04
2017-02-22T18:58:00Z,137.04,137.05,137.01,137.02
2017-02-22T18:59:00Z,137.0163,137.019,136.96,136.97
2017-02-22T19:00:00Z,136.97,137,136.88,136.99
2017-02-22T19:01:00Z,136.9822,137,136.91,136.97
2017-02-22T19:02:00Z,136.97,137.06,136.97,137.04
2017-02-22T19:03:00Z,137.04,137.04,136.9323,136.937
2017-02-22T19:04:00Z,136.93,136.94,136.91,136.92
2017-02-22T19:05:00Z,136.92,136.965,136.86,136.879
2017-02-22T19:06:00Z,136.87,136.8899,136.83,136.842
2017-02-22T19:07:00Z,136.84,136.89,136.84,136.87
2017-02-22T19:08:00Z,136.86,136.88,136.83,136.83
2017-02-22T19:09:00Z,136.83,136.8471,136.8,136.82
2017-02-22T19:10:00Z,136.81,136.81,136.74,136.75
2017-02-22T19:11:00Z,136.76,136.81,136.72,136.77
2017-02-22T19:12:00Z,136.78,136.8,136.7547,136.79
2017-02-22T19:13:00Z,136.8,136.8,136.7425,136.78
2017-02-22T19:14:00Z,136.7781,136.8,136.771,136.7949
2017-02-22T19:15:00Z,136.8,136.87,136.79,136.8351
2017-02-22T19:16:00Z,136.839,136.87,136.83,136.8351
2017-02-22T19:17:00Z,136.8387,136.84,136.8,136.82
2017-02-22T19:18:00Z,136.82,136.8257,136.78,136.8066
2017-02-22T19:19:00Z,136.81,136.9,136.81,136.88
2017-02-22T19:20:00Z,136.88,136.88,136.84,136.855
2017-02-22T19:21:00Z,136.855,136.94,136.85,136.9382
2017-02-22T19:22:00Z,136.932,136.96,136.92,136.944
2017-02-22T19:23:00Z,136.9432,136.9432,136.9,136.9
2017-02-22T19:24:00Z,136.91,136.9481,136.91,136.93
2017-02-22T19:25:00Z,136.92,136.94,136.885,136.89
2017-02-22T19:26:00Z,136.89,136.91,136.87,136.89
2017-02-22T19:27:00Z,136.895,136.93,136.88,136.88
2017-02-22T19:28:00Z,136.8601,136.89,136.85,136.855
2017-02-22T19:29:00Z,136.86,136.87,136.85,136.86
2017-02-22T19:30:00Z,136.85,136.86,136.84,136.85
2017-02-22T19:31:00Z,136.86,136.9,136.85,136.85
2017-02-22T19:32:00Z,136.855,136.86,136.84,136.855
2017-02-22T19:33:00Z,136.86,136.86,136.82,136.83
2017-02-22T19:34:00Z,136.82,136.83,136.78,136.8205
2017-02-22T19:35:00Z,136.8216,136.87,136.81,136.86
2017-02-22T19:36:00Z,136.865,136.9,136.86,136.89
2017-02-22T19:37:00Z,136.89,136.89,136.8543,136.8543
2017-02-22T19:38:00Z,136.855,136.86,136.81,136.825
2017-02-22T19:39:00Z,136.8201,136.8299,136.805,136.82
2017-02-22T19:40:00Z,136.81,136.8199,136.78,136.78
2017-02-22T19:41:00Z,136.78,136.795,136.76,136.785
2017-02-22T19:42:00Z,136.786,136.81,136.7746,136.78
2017-02-22T19:43:00Z,136.7799,136.8,136.77,136.78
2017-02-22T19:44:00Z,136.79,136.81,136.79,136.7935
2017-02-22T19:45:00Z,136.8,136.8,136.75,136.75
2017-02-22T19:46:00Z,136.75,136.755,136.72,136.725
2017-02-22T19:47:00Z,136.72,136.765,136.72,136.74
2017-02-22T19:48:00Z,136.73,136.74,136.71,136.71
2017-02-22T19:49:00Z,136.7112,136.74,136.71,136.739
2017-02-22T19:50:00Z,136.736,136.7599,136.735,136.74
2017-02-22T19:51:00Z,136.745,136.8,136.7409,136.7948
2017-02-22T19:52:00Z,136.799,136.83,136.79,136.83
2017-02-22T19:53:00Z,136.8291,136.8291,136.79,136.8099
2017-02-22T19:54:00Z,136.8025,136.8046,136.75,136.75
2017-02-22T19:55:00Z,136.75,136.76,136.74,136.74
2017-02-22T19:56:00Z,136.74,136.75,136.72,136.72
2017-02-22T19:57:00Z,136.7248,136.73,136.71,136.7201
2017-02-22T19:58:00Z,136.7299,136.78,136.72,136.7201
2017-02-22T19:59:00Z,136.72,136.73,136.65,136.65
