2018-12-21T13:30:00Z,157.4,157.68,157.4,157.61
2018-12-21T13:31:00Z,157.51,157.6,157.4,157.58
2018-12-21T13:32:00Z,157.5,157.62,157.5,157.62
2018-12-21T13:33:00Z,157.65,157.65,157.57,157.57
2018-12-21T13:34:00Z,157.57,157.69,157.43,157.69
2018-12-21T13:35:00Z,157.72,157.85,157.72,157.85
2018-12-21T13:36:00Z,157.88,157.88,157.58,157.85
2018-12-21T13:37:00Z,157.84,157.92,157.82,157.85
2018-12-21T13:38:00Z,157.9,158.2,157.79,158.06
2018-12-21T13:39:00Z,158.1,158.13,158,158.07
2018-12-21T13:40:00Z,158.08,158.13,158,158.06
2018-12-21T13:41:00Z,158.07,158.07,157.9,157.9
2018-12-21T13:42:00Z,157.9799,157.9799,157.81,157.81
2018-12-21T13:43:00Z,157.8,157.8,157.76,157.76
2018-12-21T13:44:00Z,157.79,157.79,157.75,157.76
2018-12-21T13:45:00Z,157.76,157.7999,157.75,157.75
2018-12-21T13:46:00Z,157.75,157.83,157.66,157.83
2018-12-21T13:47:00Z,157.75,157.95,157.7499,157.95
2018-12-21T13:48:00Z,157.85,157.85,157.83,157.83
2018-12-21T13:49:00Z,157.7,157.836,157.66,157.66
2018-12-21T13:50:00Z,157.61,157.61,157.6,157.6
2018-12-21T13:51:00Z,157.7,157.7,157.61,157.67
2018-12-21T13:52:00Z,157.69,157.84,157.69,157.83
2018-12-21T13:53:00Z,157.75,157.75,157.75,157.75
2018-12-21T13:54:00Z,157.84,157.84,157.84,157.84
2018-12-21T13:55:00Z,157.72,157.72,157.4,157.41
2018-12-21T13:56:00Z,157.42,157.42,157.39,157.4
2018-12-21T13:57:00Z,157.55,157.55,157.41,157.41
2018-12-21T13:58:00Z,157.5,157.5,157.5,157.5
2018-12-21T13:59:00Z,157.49,157.5,157.49,157.5
2018-12-21T14:00:00Z,157.6,157.72,157.6,157.71
2018-12-21T14:01:00Z,157.7,157.89,157.7,157.85
2018-12-21T14:02:00Z,157.82,157.88,157.82,157.88
2018-12-21T14:03:00Z,157.8899,157.8899,157.8,157.8
2018-12-21T14:04:00Z,157.79,157.79,157.78,157.79
2018-12-21T14:05:00Z,157.6,157.78,157.6,157.62
2018-12-21T14:06:00Z,157.75,157.75,157.75,157.75
2018-12-21T14:07:00Z,157.79,157.79,157.79,157.79
2018-12-21T14:08:00Z,157.77,157.77,157.63,157.75
2018-12-21T14:09:00Z,157.7,157.71,157.7,157.7
2018-12-21T14:10:00Z,157.7,157.7,157.7,157.7
2018-12-21T14:11:00Z,157.7,157.77,157.7,157.77
2018-12-21T14:12:00Z,157.71,157.83,157.71,157.82
2018-12-21T14:13:00Z,157.85,157.9,157.85,157.86
2018-12-21T14:14:00Z,157.9,157.9,157.9,157.9
2018-12-21T14:15:00Z,157.9,157.9,157.85,157.86
2018-12-21T14:16:00Z,157.8,157.8499,157.8,157.8
2018-12-21T14:17:00Z,157.85,158.01,157.82,158.01
2018-12-21T14:18:00Z,158.02,158.02,157.91,157.98
2018-12-21T14:19:00Z,158,158.05,157.95,158.01
2018-12-21T14:20:00Z,158,158.14,158,158.13
2018-12-21T14:21:00Z,158.11,158.13,158,158.1
2018-12-21T14:22:00Z,158.06,158.06,158.05,158.06
2018-12-21T14:23:00Z,158.07,158.09,158.05,158.05
2018-12-21T14:24:00Z,158.05,158.05,157.9,157.96
2018-12-21T14:25:00Z,157.9,157.93,157.6999,157.6999
2018-12-21T14:26:00Z,157.7,157.7,157.5,157.56
2018-12-21T14:27:00Z,157.65,157.65,157.3,157.31
2018-12-21T14:28:00Z,156.99,157.31,155.1,155.55
2018-12-21T14:29:00Z,155.58,157.77,155.1,157.56
2018-12-21T14:30:00Z,156.86,157.56,155.72,156.36
2018-12-21T14:31:00Z,156.34,156.47,155.96,156.21
2018-12-21T14:32:00Z,156.22,157.13,156.05,157.04
2018-12-21T14:33:00Z,157.0095,157.295,156.85,157.2438
2018-12-21T14:34:00Z,157.21,157.58,156.97,157.53
2018-12-21T14:35:00Z,157.54,157.71,157.28,157.52
2018-12-21T14:36:00Z,157.5512,158.06,157.52,157.66
2018-12-21T14:37:00Z,157.6,157.74,157.41,157.46
2018-12-21T14:38:00Z,157.48,157.8899,157.43,157.74
2018-12-21T14:39:00Z,157.7892,157.8685,157.64,157.8685
2018-12-21T14:40:00Z,157.86,158,157.33,157.42
2018-12-21T14:41:00Z,157.44,157.75,157.39,157.7
2018-12-21T14:42:00Z,157.69,157.8335,157.6205,157.75
2018-12-21T14:43:00Z,157.7621,158.16,157.7621,157.81
2018-12-21T14:44:00Z,157.79,157.93,157.62,157.6817
2018-12-21T14:45:00Z,157.69,157.81,157.4048,157.5
2018-12-21T14:46:00Z,157.4948,157.6,157.25,157.31
2018-12-21T14:47:00Z,157.3383,157.46,157.25,157.4235
2018-12-21T14:48:00Z,157.44,157.83,157.1464,157.1464
2018-12-21T14:49:00Z,157.12,157.44,157.08,157.28
2018-12-21T14:50:00Z,157.28,157.34,156.93,157.07
2018-12-21T14:51:00Z,157.05,157.21,156.91,157.021
2018-12-21T14:52:00Z,157.049,157.28,157.02,157.095
2018-12-21T14:53:00Z,157.08,157.1466,156.96,157.085
2018-12-21T14:54:00Z,157.08,157.13,156.69,156.7492
2018-12-21T14:55:00Z,156.75,157.0499,156.7,157.02
2018-12-21T14:56:00Z,157.02,157.0433,156.83,156.95
2018-12-21T14:57:00Z,156.94,157.02,156.83,156.9095
2018-12-21T14:58:00Z,156.9,157.25,156.8,157.25
2018-12-21T14:59:00Z,157.25,157.3,157.16,157.19
2018-12-21T15:00:00Z,157.2,157.36,157.09,157.09
2018-12-21T15:01:00Z,157.09,157.09,156.68,156.774
2018-12-21T15:02:00Z,156.7857,156.81,156.43,156.62
2018-12-21T15:03:00Z,156.61,156.61,156.28,156.3286
2018-12-21T15:04:00Z,156.32,156.4199,156.05,156.065
2018-12-21T15:05:00Z,156.05,156.33,155.88,156.03
2018-12-21T15:06:00Z,156.03,156.03,155.6,155.63
2018-12-21T15:07:00Z,155.61,156,155.6058,155.82
2018-12-21T15:08:00Z,155.83,156,155.5301,155.545
2018-12-21T15:09:00Z,155.53,155.88,155.53,155.86
2018-12-21T15:10:00Z,155.87,156.38,155.84,156.38
2018-12-21T15:11:00Z,156.39,156.64,156.17,156.23
2018-12-21T15:12:00Z,156.22,156.64,156.2142,156.443
2018-12-21T15:13:00Z,156.47,157.03,156.37,156.9503
2018-12-21T15:14:00Z,156.93,157.19,156.73,157.0628
2018-12-21T15:15:00Z,157.02,157.28,156.93,157.05
2018-12-21T15:16:00Z,157.03,157.4975,157.02,157.28
2018-12-21T15:17:00Z,157.293,157.6999,157.2475,157.64
2018-12-21T15:18:00Z,157.64,157.76,157.35,157.62
2018-12-21T15:19:00Z,157.62,157.68,157.38,157.5162
2018-12-21T15:20:00Z,157.5,157.65,157.38,157.47
2018-12-21T15:21:00Z,157.46,157.63,157.3,157.4095
2018-12-21T15:22:00Z,157.37,157.58,157.29,157.3
2018-12-21T15:23:00Z,157.31,157.43,157.03,157.0328
2018-12-21T15:24:00Z,157.04,157.36,157.01,157.2419
2018-12-21T15:25:00Z,157.23,157.23,156.83,156.9
2018-12-21T15:26:00Z,156.92,157.0998,156.788,156.8307
2018-12-21T15:27:00Z,156.8483,156.88,156.66,156.8108
2018-12-21T15:28:00Z,156.83,157,156.7801,156.9471
2018-12-21T15:29:00Z,156.96,157.15,156.83,157.075
2018-12-21T15:30:00Z,157.0673,157.25,156.945,156.945
2018-12-21T15:31:00Z,156.93,157.21,156.9091,157.17
2018-12-21T15:32:00Z,157.1662,157.19,156.995,157.02
2018-12-21T15:33:00Z,157.01,157.01,156.5518,156.63
2018-12-21T15:34:00Z,156.635,156.7167,156.35,156.48
2018-12-21T15:35:00Z,156.46,156.5393,156.32,156.327
2018-12-21T15:36:00Z,156.3332,156.36,156.08,156.27
2018-12-21T15:37:00Z,156.28,156.63,156.26,156.605
2018-12-21T15:38:00Z,156.615,156.71,156.47,156.4927
2018-12-21T15:39:00Z,156.48,156.72,156.45,156.66
2018-12-21T15:40:00Z,156.67,156.68,156.24,156.4769
2018-12-21T15:41:00Z,156.4718,156.63,156.46,156.498
2018-12-21T15:42:00Z,156.51,156.79,156.42,156.7
2018-12-21T15:43:00Z,156.7,156.72,156.52,156.5484
2018-12-21T15:44:00Z,156.5599,156.56,156.35,156.48
2018-12-21T15:45:00Z,156.48,156.51,156.36,156.49
2018-12-21T15:46:00Z,156.49,156.59,156.34,156.47
2018-12-21T15:47:00Z,156.48,156.68,156.34,156.5
2018-12-21T15:48:00Z,156.53,156.7,156.4357,156.48
2018-12-21T15:49:00Z,156.4819,156.52,156.1401,156.182
2018-12-21T15:50:00Z,156.17,156.2329,156.1101,156.18
2018-12-21T15:51:00Z,156.19,156.4,156.15,156.31
2018-12-21T15:52:00Z,156.31,156.31,155.85,156
2018-12-21T15:53:00Z,155.97,156.0824,155.8957,155.95
2018-12-21T15:54:00Z,155.95,155.98,155.75,155.87
2018-12-21T15:55:00Z,155.9,156.16,155.83,156.0962
2018-12-21T15:56:00Z,156.11,156.1847,156.01,156.011
2018-12-21T15:57:00Z,156.04,156.1995,156.01,156.1461
2018-12-21T15:58:00Z,156.1479,156.17,155.99,156.17
2018-12-21T15:59:00Z,156.13,156.255,155.94,156.04
2018-12-21T16:00:00Z,156.02,156.07,155.42,155.712
2018-12-21T16:01:00Z,155.73,155.76,155.51,155.54
2018-12-21T16:02:00Z,155.524,155.59,155.36,155.4771
2018-12-21T16:03:00Z,155.466,155.5,155.31,155.3186
2018-12-21T16:04:00Z,155.31,155.37,154.82,154.9721
2018-12-21T16:05:00Z,154.97,155.03,154.8,155.0046
2018-12-21T16:06:00Z,154.99,155.09,154.8,154.89
2018-12-21T16:07:00Z,154.9081,154.95,154.3,154.34
2018-12-21T16:08:00Z,154.36,154.69,154.3562,154.4566
2018-12-21T16:09:00Z,154.4549,154.65,154.19,154.31
2018-12-21T16:10:00Z,154.33,154.76,154.31,154.75
2018-12-21T16:11:00Z,154.72,154.94,154.6759,154.84
2018-12-21T16:12:00Z,154.825,154.86,154.55,154.58
2018-12-21T16:13:00Z,154.54,154.83,154.54,154.68
2018-12-21T16:14:00Z,154.69,154.72,154.49,154.571
2018-12-21T16:15:00Z,154.6,154.894,154.5491,154.876
2018-12-21T16:16:00Z,154.89,154.89,154.62,154.6601
2018-12-21T16:17:00Z,154.68,154.8099,154.55,154.6808
2018-12-21T16:18:00Z,154.69,154.9403,154.69,154.87
2018-12-21T16:19:00Z,154.8592,155.06,154.84,155.01
2018-12-21T16:20:00Z,155.02,155.11,154.88,154.96
2018-12-21T16:21:00Z,154.97,155.3,154.9526,155.12
2018-12-21T16:22:00Z,155.1254,155.17,154.94,154.96
2018-12-21T16:23:00Z,154.93,155.1499,154.8907,155.05
2018-12-21T16:24:00Z,155.07,155.17,154.96,155.07
2018-12-21T16:25:00Z,155.0698,155.12,154.83,154.87
2018-12-21T16:26:00Z,154.87,154.94,154.64,154.67
2018-12-21T16:27:00Z,154.68,154.8799,154.64,154.67
2018-12-21T16:28:00Z,154.7,155,154.68,154.98
2018-12-21T16:29:00Z,154.9879,155.3,154.83,155.2198
2018-12-21T16:30:00Z,155.21,155.45,155.21,155.34
2018-12-21T16:31:00Z,155.34,155.45,155.16,155.1828
2018-12-21T16:32:00Z,155.2,155.27,155.09,155.17
2018-12-21T16:33:00Z,155.1799,155.41,155.15,155.21
2018-12-21T16:34:00Z,155.2001,155.29,154.97,155.01
2018-12-21T16:35:00Z,155.01,155.14,154.75,154.7759
2018-12-21T16:36:00Z,154.82,154.99,154.81,154.9589
2018-12-21T16:37:00Z,154.97,155.19,154.95,155.19
2018-12-21T16:38:00Z,155.19,155.2,155.0401,155.08
2018-12-21T16:39:00Z,155.08,155.08,154.72,154.82
2018-12-21T16:40:00Z,154.81,154.81,154.544,154.75
2018-12-21T16:41:00Z,154.758,154.85,154.62,154.78
2018-12-21T16:42:00Z,154.775,155.434,154.6398,154.74
2018-12-21T16:43:00Z,154.73,155,154.66,154.9
2018-12-21T16:44:00Z,154.89,154.94,154.7,154.87
2018-12-21T16:45:00Z,154.8501,154.93,154.68,154.93
2018-12-21T16:46:00Z,154.9249,155.1,154.84,154.84
2018-12-21T16:47:00Z,154.82,154.881,154.54,154.67
2018-12-21T16:48:00Z,154.6754,154.6754,154.32,154.42
2018-12-21T16:49:00Z,154.42,154.49,154.19,154.2899
2018-12-21T16:50:00Z,154.27,154.53,154.2,154.51
2018-12-21T16:51:00Z,154.5144,154.56,154.32,154.5501
2018-12-21T16:52:00Z,154.55,154.92,154.55,154.85
2018-12-21T16:53:00Z,154.84,154.88,154.5501,154.59
2018-12-21T16:54:00Z,154.59,154.7,154.46,154.51
2018-12-21T16:55:00Z,154.519,154.74,154.519,154.6
2018-12-21T16:56:00Z,154.6,154.63,154.4732,154.55
2018-12-21T16:57:00Z,154.53,154.6494,154.46,154.46
2018-12-21T16:58:00Z,154.47,154.7,154.39,154.5174
2018-12-21T16:59:00Z,154.51,154.53,154.25,154.41
2018-12-21T17:00:00Z,154.42,154.44,154.08,154.2051
2018-12-21T17:01:00Z,154.19,154.29,154.15,154.2429
2018-12-21T17:02:00Z,154.24,154.48,154.15,154.18
2018-12-21T17:03:00Z,154.18,154.34,154.03,154.3153
2018-12-21T17:04:00Z,154.3,154.4,154.18,154.25
2018-12-21T17:05:00Z,154.27,154.28,154.06,154.08
2018-12-21T17:06:00Z,154.05,154.07,153.56,153.7
2018-12-21T17:07:00Z,153.69,153.89,153.59,153.6
2018-12-21T17:08:00Z,153.595,153.8,153.5693,153.79
2018-12-21T17:09:00Z,153.79,153.9,153.74,153.86
2018-12-21T17:10:00Z,153.89,153.91,153.68,153.8
2018-12-21T17:11:00Z,153.8,153.87,153.64,153.78
2018-12-21T17:12:00Z,153.8,153.8899,153.62,153.7
2018-12-21T17:13:00Z,153.71,153.73,153.39,153.46
2018-12-21T17:14:00Z,153.4482,153.63,153.4,153.4
2018-12-21T17:15:00Z,153.4015,153.83,153.38,153.5755
2018-12-21T17:16:00Z,153.59,153.5988,153.36,153.39
2018-12-21T17:17:00Z,153.41,153.47,153.28,153.3001
2018-12-21T17:18:00Z,153.31,153.48,153.23,153.27
2018-12-21T17:19:00Z,153.26,153.32,152.72,152.91
2018-12-21T17:20:00Z,152.9,153,152.72,152.83
2018-12-21T17:21:00Z,152.84,153.02,152.74,152.8593
2018-12-21T17:22:00Z,152.88,153.055,152.85,153.0093
2018-12-21T17:23:00Z,153,153.01,152.84,153
2018-12-21T17:24:00Z,153,153.21,152.97,152.9874
2018-12-21T17:25:00Z,152.97,153,152.63,152.65
2018-12-21T17:26:00Z,152.63,152.86,152.57,152.81
2018-12-21T17:27:00Z,152.815,152.83,152.64,152.82
2018-12-21T17:28:00Z,152.835,153.16,152.6947,153
2018-12-21T17:29:00Z,153.01,153.13,152.67,152.81
2018-12-21T17:30:00Z,152.75,152.79,152.26,152.53
2018-12-21T17:31:00Z,152.5,152.53,152.06,152.37
2018-12-21T17:32:00Z,152.3645,152.65,152.19,152.5
2018-12-21T17:33:00Z,152.49,152.9,152.11,152.1401
2018-12-21T17:34:00Z,152.1659,152.76,152.1659,152.6
2018-12-21T17:35:00Z,152.594,152.96,152.5,152.77
2018-12-21T17:36:00Z,152.79,152.9295,152.62,152.88
2018-12-21T17:37:00Z,152.8895,153.19,152.7601,152.9
2018-12-21T17:38:00Z,152.93,153.18,152.89,153.1
2018-12-21T17:39:00Z,153.1,153.365,153.05,153.28
2018-12-21T17:40:00Z,153.25,153.36,152.9262,153.0479
2018-12-21T17:41:00Z,153.055,153.25,153,153.25
2018-12-21T17:42:00Z,153.2352,153.53,153.17,153.4941
2018-12-21T17:43:00Z,153.4863,153.5244,153.33,153.4
2018-12-21T17:44:00Z,153.39,153.48,153.31,153.4239
2018-12-21T17:45:00Z,153.43,153.77,153.38,153.5949
2018-12-21T17:46:00Z,153.61,153.8002,153.54,153.6798
2018-12-21T17:47:00Z,153.6836,153.97,153.62,153.94
2018-12-21T17:48:00Z,153.98,154.08,153.73,153.92
2018-12-21T17:49:00Z,153.9,154,153.6,153.67
2018-12-21T17:50:00Z,153.685,153.79,153.49,153.5583
2018-12-21T17:51:00Z,153.57,153.82,153.55,153.78
2018-12-21T17:52:00Z,153.8,153.95,153.63,153.74
2018-12-21T17:53:00Z,153.77,154,153.71,153.7443
2018-12-21T17:54:00Z,153.734,153.76,153.46,153.48
2018-12-21T17:55:00Z,153.47,153.92,153.45,153.92
2018-12-21T17:56:00Z,153.925,154.01,153.75,153.765
2018-12-21T17:57:00Z,153.78,153.8,153.45,153.56
2018-12-21T17:58:00Z,153.55,153.8928,153.55,153.82
2018-12-21T17:59:00Z,153.82,153.97,153.68,153.82
2018-12-21T18:00:00Z,153.8067,154.13,153.6863,153.95
2018-12-21T18:01:00Z,153.9587,153.97,153.67,153.94
2018-12-21T18:02:00Z,153.9339,154.32,153.93,154.19
2018-12-21T18:03:00Z,154.2109,154.2109,153.92,153.9491
2018-12-21T18:04:00Z,153.928,154.25,153.928,154.0302
2018-12-21T18:05:00Z,154.03,154.06,153.685,153.81
2018-12-21T18:06:00Z,153.8,153.84,153.57,153.595
2018-12-21T18:07:00Z,153.6,153.69,153.51,153.59
2018-12-21T18:08:00Z,153.62,153.72,153.45,153.625
2018-12-21T18:09:00Z,153.63,153.86,153.5305,153.7825
2018-12-21T18:10:00Z,153.77,153.98,153.72,153.72
2018-12-21T18:11:00Z,153.7128,153.7185,153.33,153.36
2018-12-21T18:12:00Z,153.37,153.5,153.23,153.4382
2018-12-21T18:13:00Z,153.42,153.654,153.41,153.61
2018-12-21T18:14:00Z,153.6,153.79,153.52,153.56
2018-12-21T18:15:00Z,153.56,153.61,153.32,153.3928
2018-12-21T18:16:00Z,153.4,153.45,153.17,153.2198
2018-12-21T18:17:00Z,153.22,153.34,153.08,153.11
2018-12-21T18:18:00Z,153.12,153.13,152.79,152.83
2018-12-21T18:19:00Z,152.8223,153.05,152.8101,153
2018-12-21T18:20:00Z,153.01,153.08,152.89,152.94
2018-12-21T18:21:00Z,152.9489,153.21,152.89,153.1941
2018-12-21T18:22:00Z,153.205,153.46,153.01,153.4151
2018-12-21T18:23:00Z,153.3999,153.56,153.25,153.34
2018-12-21T18:24:00Z,153.3399,153.465,153.3,153.4
2018-12-21T18:25:00Z,153.3891,153.65,153.37,153.65
2018-12-21T18:26:00Z,153.65,153.65,153.48,153.57
2018-12-21T18:27:00Z,153.589,153.74,153.5,153.6395
2018-12-21T18:28:00Z,153.6454,153.7332,153.21,153.31
2018-12-21T18:29:00Z,153.32,153.34,153.0947,153.285
2018-12-21T18:30:00Z,153.31,153.33,153.1586,153.2463
2018-12-21T18:31:00Z,153.27,153.43,153.19,153.42
2018-12-21T18:32:00Z,153.37,153.4193,153.23,153.33
2018-12-21T18:33:00Z,153.35,153.55,153.3,153.41
2018-12-21T18:34:00Z,153.39,153.75,153.39,153.68
2018-12-21T18:35:00Z,153.69,153.7,153.42,153.42
2018-12-21T18:36:00Z,153.46,153.56,153.42,153.4404
2018-12-21T18:37:00Z,153.41,153.42,153.2,153.26
2018-12-21T18:38:00Z,153.26,153.32,153.2,153.2969
2018-12-21T18:39:00Z,153.29,153.46,153.29,153.39
2018-12-21T18:40:00Z,153.408,153.59,153.28,153.49
2018-12-21T18:41:00Z,153.5,153.77,153.5,153.62
2018-12-21T18:42:00Z,153.62,153.72,153.52,153.63
2018-12-21T18:43:00Z,153.6124,153.73,153.6,153.615
2018-12-21T18:44:00Z,153.6117,153.81,153.6061,153.74
2018-12-21T18:45:00Z,153.72,153.72,153.31,153.3575
2018-12-21T18:46:00Z,153.38,153.4695,153.26,153.3522
2018-12-21T18:47:00Z,153.37,153.41,152.87,152.91
2018-12-21T18:48:00Z,152.9,153.15,152.88,152.89
2018-12-21T18:49:00Z,152.88,153.01,152.77,152.89
2018-12-21T18:50:00Z,152.8998,153.05,152.89,152.95
2018-12-21T18:51:00Z,152.95,153.16,152.84,152.855
2018-12-21T18:52:00Z,152.84,152.85,152.64,152.72
2018-12-21T18:53:00Z,152.74,152.74,152.45,152.4735
2018-12-21T18:54:00Z,152.5,152.75,152.4853,152.73
2018-12-21T18:55:00Z,152.7494,152.95,152.59,152.82
2018-12-21T18:56:00Z,152.82,152.91,152.72,152.765
2018-12-21T18:57:00Z,152.77,152.8013,152.64,152.64
2018-12-21T18:58:00Z,152.6625,152.8299,152.64,152.77
2018-12-21T18:59:00Z,152.755,152.92,152.755,152.8193
2018-12-21T19:00:00Z,152.83,152.83,152.5,152.5036
2018-12-21T19:01:00Z,152.5,152.79,152.487,152.62
2018-12-21T19:02:00Z,152.61,152.88,152.5849,152.83
2018-12-21T19:03:00Z,152.87,153.12,152.82,153.04
2018-12-21T19:04:00Z,153.04,153.04,152.7854,152.84
2018-12-21T19:05:00Z,152.84,152.99,152.82,152.9325
2018-12-21T19:06:00Z,152.93,153.15,152.9,153.1367
2018-12-21T19:07:00Z,153.1362,153.14,152.8576,152.94
2018-12-21T19:08:00Z,152.93,153.02,152.87,152.88
2018-12-21T19:09:00Z,152.87,152.95,152.78,152.8801
2018-12-21T19:10:00Z,152.88,153.06,152.82,152.8281
2018-12-21T19:11:00Z,152.81,152.87,152.76,152.7912
2018-12-21T19:12:00Z,152.78,152.78,152.49,152.5
2018-12-21T19:13:00Z,152.48,152.68,152.44,152.52
2018-12-21T19:14:00Z,152.54,152.7,152.41,152.5925
2018-12-21T19:15:00Z,152.6,152.8,152.46,152.78
2018-12-21T19:16:00Z,152.7872,153.08,152.7872,153.01
2018-12-21T19:17:00Z,153.01,153.19,153,153.1102
2018-12-21T19:18:00Z,153.13,153.23,153.08,153.17
2018-12-21T19:19:00Z,153.17,153.4,153.17,153.3302
2018-12-21T19:20:00Z,153.35,153.36,153.23,153.34
2018-12-21T19:21:00Z,153.31,153.34,153.11,153.3399
2018-12-21T19:22:00Z,153.32,153.43,153.26,153.34
2018-12-21T19:23:00Z,153.35,153.48,153.1973,153.4668
2018-12-21T19:24:00Z,153.43,153.65,153.38,153.48
2018-12-21T19:25:00Z,153.465,153.5,153.18,153.356
2018-12-21T19:26:00Z,153.4,153.43,153.25,153.3
2018-12-21T19:27:00Z,153.26,153.33,152.91,153
2018-12-21T19:28:00Z,153.0054,153.09,152.82,152.94
2018-12-21T19:29:00Z,152.94,152.99,152.81,152.99
2018-12-21T19:30:00Z,152.9881,153.1,152.92,153.0775
2018-12-21T19:31:00Z,153.0876,153.1,152.99,153.06
2018-12-21T19:32:00Z,153.045,153.13,153.03,153.12
2018-12-21T19:33:00Z,153.1165,153.27,153,153.06
2018-12-21T19:34:00Z,153.07,153.0899,153,153.0185
2018-12-21T19:35:00Z,153.02,153.11,153,153.06
2018-12-21T19:36:00Z,153.07,153.37,153.06,153.27
2018-12-21T19:37:00Z,153.23,153.3407,153.12,153.16
2018-12-21T19:38:00Z,153.1819,153.19,153.04,153.05
2018-12-21T19:39:00Z,153.0606,153.12,152.95,153.02
2018-12-21T19:40:00Z,153.0113,153.12,153.0066,153.02
2018-12-21T19:41:00Z,153.01,153.05,152.7802,152.7894
2018-12-21T19:42:00Z,152.8,152.91,152.8,152.8779
2018-12-21T19:43:00Z,152.8822,152.89,152.58,152.6006
2018-12-21T19:44:00Z,152.6079,152.65,152.26,152.4821
2018-12-21T19:45:00Z,152.47,152.73,152.4,152.6636
2018-12-21T19:46:00Z,152.67,152.72,152.46,152.49
2018-12-21T19:47:00Z,152.5055,152.52,152.354,152.36
2018-12-21T19:48:00Z,152.37,152.49,152.31,152.36
2018-12-21T19:49:00Z,152.3401,152.58,152.3257,152.46
2018-12-21T19:50:00Z,152.48,152.76,152.45,152.7411
2018-12-21T19:51:00Z,152.74,153.1,152.74,153.0239
2018-12-21T19:52:00Z,153.03,153.03,152.81,152.81
2018-12-21T19:53:00Z,152.8137,152.83,152.56,152.6309
2018-12-21T19:54:00Z,152.644,152.66,152.33,152.4399
2018-12-21T19:55:00Z,152.44,152.49,152.37,152.3799
2018-12-21T19:56:00Z,152.37,152.49,152.15,152.23
2018-12-21T19:57:00Z,152.23,152.36,152.2,152.2787
2018-12-21T19:58:00Z,152.2656,152.273,152.14,152.1502
2018-12-21T19:59:00Z,152.17,152.55,152.17,152.43
