2018-12-28T13:30:00Z,157.09,157.19,157.09,157.19
2018-12-28T13:31:00Z,157.19,157.2,157.12,157.12
2018-12-28T13:32:00Z,157.19,157.19,157.1,157.1
2018-12-28T13:33:00Z,157.1,157.15,157.1,157.15
2018-12-28T13:34:00Z,157.2,157.22,157.2,157.22
2018-12-28T13:35:00Z,157.12,157.15,157.05,157.05
2018-12-28T13:36:00Z,157.05,157.05,157,157
2018-12-28T13:37:00Z,157.09,157.2,157.09,157.16
2018-12-28T13:38:00Z,157.11,157.2,157.1,157.2
2018-12-28T13:39:00Z,157.18,157.29,157.18,157.18
2018-12-28T13:40:00Z,157.18,157.23,157.18,157.23
2018-12-28T13:41:00Z,157.18,157.23,157.18,157.23
2018-12-28T13:42:00Z,157.19,157.2614,157.19,157.2614
2018-12-28T13:43:00Z,157.18,157.18,157.1201,157.1201
2018-12-28T13:44:00Z,157.15,157.15,157.15,157.15
2018-12-28T13:45:00Z,157.11,157.18,157.1,157.1
2018-12-28T13:46:00Z,157.16,157.25,157.16,157.25
2018-12-28T13:47:00Z,157.28,157.28,157.28,157.28
2018-12-28T13:48:00Z,157.24,157.32,157.24,157.32
2018-12-28T13:49:00Z,157.26,157.26,157.21,157.21
2018-12-28T13:50:00Z,157.29,157.29,157.25,157.25
2018-12-28T13:51:00Z,157.26,157.28,157.22,157.23
2018-12-28T13:52:00Z,157.26,157.28,157.22,157.22
2018-12-28T13:53:00Z,157.23,157.23,157.2,157.2
2018-12-28T13:55:00Z,157.22,157.22,157.22,157.22
2018-12-28T13:56:00Z,157.26,157.26,157.2,157.22
2018-12-28T13:57:00Z,157.27,157.27,157.27,157.27
2018-12-28T13:58:00Z,157.28,157.28,157.2,157.2
2018-12-28T13:59:00Z,157.2395,157.2395,157.2395,157.2395
2018-12-28T14:00:00Z,157.23,157.23,157.22,157.22
2018-12-28T14:01:00Z,157.18,157.2,157.18,157.2
2018-12-28T14:02:00Z,157.16,157.2,157.15,157.15
2018-12-28T14:03:00Z,157.13,157.22,157.13,157.13
2018-12-28T14:04:00Z,157.18,157.2,157.17,157.17
2018-12-28T14:05:00Z,157.15,157.18,157.13,157.18
2018-12-28T14:06:00Z,157.15,157.15,157.15,157.15
2018-12-28T14:07:00Z,157.15,157.15,157.12,157.13
2018-12-28T14:09:00Z,157.15,157.17,157.1301,157.1301
2018-12-28T14:10:00Z,157.15,157.18,157.13,157.1301
2018-12-28T14:11:00Z,157.12,157.15,157.1,157.1
2018-12-28T14:12:00Z,157.05,157.05,157.01,157.02
2018-12-28T14:13:00Z,157.06,157.09,157.03,157.06
2018-12-28T14:14:00Z,157.12,157.2,157.11,157.2
2018-12-28T14:15:00Z,157.2,157.39,157.2,157.33
2018-12-28T14:16:00Z,157.32,157.4086,157.3,157.3
2018-12-28T14:17:00Z,157.31,157.3994,157.31,157.3994
2018-12-28T14:18:00Z,157.34,157.39,157.3,157.3
2018-12-28T14:19:00Z,157.3,157.35,157.3,157.3
2018-12-28T14:20:00Z,157.3,157.35,157.3,157.33
2018-12-28T14:21:00Z,157.31,157.5,157.31,157.4
2018-12-28T14:22:00Z,157.39,157.48,157.39,157.45
2018-12-28T14:23:00Z,157.45,157.48,157.42,157.48
2018-12-28T14:24:00Z,157.48,157.48,157.48,157.48
2018-12-28T14:25:00Z,157.42,157.4799,157.4,157.4
2018-12-28T14:26:00Z,157.36,157.39,157.3,157.3
2018-12-28T14:27:00Z,157.31,157.33,157.3,157.31
2018-12-28T14:28:00Z,157.3,157.4,157.25,157.38
2018-12-28T14:29:00Z,157.29,157.5,157.26,157.48
2018-12-28T14:30:00Z,157.48,157.65,156.8883,157.26
2018-12-28T14:31:00Z,157.25,157.45,156.35,156.68
2018-12-28T14:32:00Z,156.68,156.76,156.28,156.41
2018-12-28T14:33:00Z,156.3896,156.45,156,156.3
2018-12-28T14:34:00Z,156.3,156.439,155.76,156.03
2018-12-28T14:35:00Z,156.0108,156.05,155.54,155.7001
2018-12-28T14:36:00Z,155.77,155.82,155.23,155.49
2018-12-28T14:37:00Z,155.48,155.54,155.26,155.36
2018-12-28T14:38:00Z,155.3505,155.79,155.19,155.79
2018-12-28T14:39:00Z,155.7831,155.7891,155.32,155.39
2018-12-28T14:40:00Z,155.42,155.59,155.19,155.49
2018-12-28T14:41:00Z,155.48,155.63,155.3762,155.61
2018-12-28T14:42:00Z,155.63,155.77,155.285,155.75
2018-12-28T14:43:00Z,155.74,156.04,155.72,155.8261
2018-12-28T14:44:00Z,155.837,156.09,155.79,156.05
2018-12-28T14:45:00Z,156.08,156.37,156.0281,156.24
2018-12-28T14:46:00Z,156.23,156.75,156.1946,156.71
2018-12-28T14:47:00Z,156.73,156.84,156.62,156.761
2018-12-28T14:48:00Z,156.7722,156.78,156.53,156.58
2018-12-28T14:49:00Z,156.59,156.67,156.2612,156.39
2018-12-28T14:50:00Z,156.4,156.43,156.12,156.1823
2018-12-28T14:51:00Z,156.1912,156.38,155.84,155.91
2018-12-28T14:52:00Z,155.9,156.22,155.9,156.1625
2018-12-28T14:53:00Z,156.17,156.5,156.11,156.38
2018-12-28T14:54:00Z,156.39,156.59,156.2,156.42
2018-12-28T14:55:00Z,156.45,156.73,156.3592,156.3696
2018-12-28T14:56:00Z,156.38,156.44,156.1101,156.18
2018-12-28T14:57:00Z,156.1923,156.5,156.1573,156.42
2018-12-28T14:58:00Z,156.42,156.6,156.32,156.44
2018-12-28T14:59:00Z,156.45,156.88,156.36,156.73
2018-12-28T15:00:00Z,156.745,156.84,156.34,156.4
2018-12-28T15:01:00Z,156.395,156.83,156.2,156.2
2018-12-28T15:02:00Z,156.16,156.28,156.04,156.0825
2018-12-28T15:03:00Z,156.0839,156.0839,155.84,155.84
2018-12-28T15:04:00Z,155.8446,156.01,155.8,156
2018-12-28T15:05:00Z,156.02,156.58,156.02,156.57
2018-12-28T15:06:00Z,156.59,156.75,156.45,156.64
2018-12-28T15:07:00Z,156.64,156.71,156.36,156.46
2018-12-28T15:08:00Z,156.4551,156.72,156.44,156.55
2018-12-28T15:09:00Z,156.57,156.71,156.53,156.6207
2018-12-28T15:10:00Z,156.63,156.77,156.48,156.63
2018-12-28T15:11:00Z,156.63,156.63,156.15,156.1868
2018-12-28T15:12:00Z,156.2,156.41,156.16,156.35
2018-12-28T15:13:00Z,156.35,156.45,155.98,156.058
2018-12-28T15:14:00Z,156.04,156.13,155.81,156.0601
2018-12-28T15:15:00Z,156.08,156.29,156.04,156.1484
2018-12-28T15:16:00Z,156.1367,156.214,155.9,156.2037
2018-12-28T15:17:00Z,156.205,156.45,156.1501,156.29
2018-12-28T15:18:00Z,156.28,156.3,156.06,156.24
2018-12-28T15:19:00Z,156.26,156.45,156.22,156.33
2018-12-28T15:20:00Z,156.35,156.5,156.13,156.455
2018-12-28T15:21:00Z,156.45,156.5,156.18,156.3
2018-12-28T15:22:00Z,156.32,156.35,156.04,156.2197
2018-12-28T15:23:00Z,156.19,156.31,156.0702,156.13
2018-12-28T15:24:00Z,156.1,156.12,155.59,155.7301
2018-12-28T15:25:00Z,155.73,155.78,155.64,155.7582
2018-12-28T15:26:00Z,155.75,155.85,155.59,155.59
2018-12-28T15:27:00Z,155.59,155.59,155.35,155.45
2018-12-28T15:28:00Z,155.447,155.447,155.18,155.3
2018-12-28T15:29:00Z,155.29,155.39,155.16,155.2677
2018-12-28T15:30:00Z,155.2632,155.49,155.12,155.49
2018-12-28T15:31:00Z,155.5,155.78,155.499,155.5762
2018-12-28T15:32:00Z,155.61,155.62,155.26,155.28
2018-12-28T15:33:00Z,155.3,155.4499,155.1305,155.21
2018-12-28T15:34:00Z,155.19,155.39,155.16,155.29
2018-12-28T15:35:00Z,155.29,155.31,154.95,155.0064
2018-12-28T15:36:00Z,155.0162,155.0417,154.63,154.6605
2018-12-28T15:37:00Z,154.6699,154.78,154.55,154.72
2018-12-28T15:38:00Z,154.7201,154.9,154.6401,154.76
2018-12-28T15:39:00Z,154.769,155.1733,154.73,155.115
2018-12-28T15:40:00Z,155.1004,155.41,155.04,155.27
2018-12-28T15:41:00Z,155.285,155.44,155.15,155.31
2018-12-28T15:42:00Z,155.34,155.37,155.16,155.22
2018-12-28T15:43:00Z,155.19,155.22,154.92,155.01
2018-12-28T15:44:00Z,155.01,155.22,154.9,154.9002
2018-12-28T15:45:00Z,154.9,155.32,154.9,155.27
2018-12-28T15:46:00Z,155.28,155.42,155.26,155.26
2018-12-28T15:47:00Z,155.2942,155.31,155.1,155.28
2018-12-28T15:48:00Z,155.33,155.72,155.31,155.72
2018-12-28T15:49:00Z,155.71,155.7125,155.48,155.56
2018-12-28T15:50:00Z,155.59,155.75,155.49,155.726
2018-12-28T15:51:00Z,155.74,155.95,155.72,155.81
2018-12-28T15:52:00Z,155.81,155.99,155.8,155.808
2018-12-28T15:53:00Z,155.81,155.95,155.75,155.9
2018-12-28T15:54:00Z,155.91,155.91,155.56,155.59
2018-12-28T15:55:00Z,155.59,155.73,155.42,155.42
2018-12-28T15:56:00Z,155.41,155.54,155.37,155.3728
2018-12-28T15:57:00Z,155.4,155.55,155.3501,155.52
2018-12-28T15:58:00Z,155.52,155.54,155.22,155.2654
2018-12-28T15:59:00Z,155.263,155.47,155.25,155.305
2018-12-28T16:00:00Z,155.32,155.45,155.12,155.16
2018-12-28T16:01:00Z,155.18,155.3827,155.0725,155.28
2018-12-28T16:02:00Z,155.27,155.5,155.19,155.41
2018-12-28T16:03:00Z,155.41,155.42,155.21,155.29
2018-12-28T16:04:00Z,155.32,155.34,155.13,155.16
2018-12-28T16:05:00Z,155.16,155.29,155,155.04
2018-12-28T16:06:00Z,155.035,155.23,155.01,155.2154
2018-12-28T16:07:00Z,155.2,155.39,155.14,155.23
2018-12-28T16:08:00Z,155.23,155.5077,155.17,155.432
2018-12-28T16:09:00Z,155.45,155.74,155.42,155.655
2018-12-28T16:10:00Z,155.64,155.9,155.61,155.74
2018-12-28T16:11:00Z,155.755,155.85,155.74,155.76
2018-12-28T16:12:00Z,155.7723,155.78,155.59,155.69
2018-12-28T16:13:00Z,155.7069,155.87,155.68,155.82
2018-12-28T16:14:00Z,155.8269,155.8718,155.71,155.78
2018-12-28T16:15:00Z,155.78,155.84,155.55,155.83
2018-12-28T16:16:00Z,155.82,156.22,155.738,155.738
2018-12-28T16:17:00Z,155.78,155.94,155.7543,155.83
2018-12-28T16:18:00Z,155.81,155.86,155.55,155.6624
2018-12-28T16:19:00Z,155.667,155.84,155.55,155.68
2018-12-28T16:20:00Z,155.66,155.79,155.51,155.59
2018-12-28T16:21:00Z,155.5955,155.84,155.56,155.78
2018-12-28T16:22:00Z,155.79,155.8,155.56,155.5675
2018-12-28T16:23:00Z,155.56,155.58,155.44,155.4951
2018-12-28T16:24:00Z,155.48,155.749,155.47,155.64
2018-12-28T16:25:00Z,155.64,155.96,155.59,155.9399
2018-12-28T16:26:00Z,155.92,155.92,155.725,155.7623
2018-12-28T16:27:00Z,155.774,156.03,155.76,155.95
2018-12-28T16:28:00Z,155.941,156.08,155.89,156.02
2018-12-28T16:29:00Z,156.01,156.2,155.86,156.0834
2018-12-28T16:30:00Z,156.07,156.1517,155.95,156.11
2018-12-28T16:31:00Z,156.1001,156.25,155.99,156.02
2018-12-28T16:32:00Z,156.025,156.06,155.87,155.995
2018-12-28T16:33:00Z,156.01,156.2,155.98,156.1
2018-12-28T16:34:00Z,156.1,156.25,156.1,156.22
2018-12-28T16:35:00Z,156.24,156.53,156.21,156.4101
2018-12-28T16:36:00Z,156.44,156.55,156.37,156.4
2018-12-28T16:37:00Z,156.4,156.52,156.39,156.4276
2018-12-28T16:38:00Z,156.4336,156.8,156.42,156.76
2018-12-28T16:39:00Z,156.7734,156.923,156.761,156.8646
2018-12-28T16:40:00Z,156.8625,156.98,156.76,156.7686
2018-12-28T16:41:00Z,156.762,156.88,156.76,156.8299
2018-12-28T16:42:00Z,156.82,156.92,156.78,156.85
2018-12-28T16:43:00Z,156.86,157.11,156.8464,157.01
2018-12-28T16:44:00Z,157.01,157.05,156.73,156.74
2018-12-28T16:45:00Z,156.75,156.81,156.63,156.6535
2018-12-28T16:46:00Z,156.66,156.79,156.65,156.741
2018-12-28T16:47:00Z,156.7398,156.76,156.57,156.6
2018-12-28T16:48:00Z,156.6,156.7,156.47,156.5899
2018-12-28T16:49:00Z,156.6,156.8164,156.5672,156.8164
2018-12-28T16:50:00Z,156.81,156.8164,156.6761,156.78
2018-12-28T16:51:00Z,156.78,156.9035,156.63,156.9035
2018-12-28T16:52:00Z,156.92,157.1,156.901,156.98
2018-12-28T16:53:00Z,156.985,157.1923,156.91,157.14
2018-12-28T16:54:00Z,157.1346,157.1555,156.92,157.0182
2018-12-28T16:55:00Z,157.0199,157.06,156.9201,156.96
2018-12-28T16:56:00Z,156.95,157.08,156.88,157
2018-12-28T16:57:00Z,156.995,157.09,156.8077,156.86
2018-12-28T16:58:00Z,156.89,157.09,156.86,157
2018-12-28T16:59:00Z,157.01,157.035,156.89,156.92
2018-12-28T17:00:00Z,156.925,157.02,156.85,156.921
2018-12-28T17:01:00Z,156.9,156.94,156.745,156.8
2018-12-28T17:02:00Z,156.81,156.91,156.81,156.88
2018-12-28T17:03:00Z,156.89,156.91,156.68,156.73
2018-12-28T17:04:00Z,156.71,157.23,156.71,157.22
2018-12-28T17:05:00Z,157.2041,157.2041,156.94,157.0483
2018-12-28T17:06:00Z,157.06,157.18,157.03,157.06
2018-12-28T17:07:00Z,157.03,157.045,156.89,157.0157
2018-12-28T17:08:00Z,157.01,157.09,156.85,156.9422
2018-12-28T17:09:00Z,156.945,156.9474,156.651,156.6962
2018-12-28T17:10:00Z,156.7197,156.77,156.6,156.63
2018-12-28T17:11:00Z,156.62,156.81,156.52,156.55
2018-12-28T17:12:00Z,156.5488,156.6,156.48,156.5099
2018-12-28T17:13:00Z,156.49,156.55,156.44,156.5018
2018-12-28T17:14:00Z,156.49,156.52,156.4,156.47
2018-12-28T17:15:00Z,156.49,156.5399,156.35,156.39
2018-12-28T17:16:00Z,156.3887,156.42,156.21,156.2289
2018-12-28T17:17:00Z,156.21,156.42,156.2,156.3601
2018-12-28T17:18:00Z,156.3815,156.46,156.32,156.4501
2018-12-28T17:19:00Z,156.4553,156.56,156.4553,156.4798
2018-12-28T17:20:00Z,156.48,156.63,156.48,156.63
2018-12-28T17:21:00Z,156.63,156.67,156.55,156.65
2018-12-28T17:22:00Z,156.6408,156.71,156.53,156.7099
2018-12-28T17:23:00Z,156.72,156.96,156.7134,156.85
2018-12-28T17:24:00Z,156.87,156.96,156.83,156.83
2018-12-28T17:25:00Z,156.8278,156.88,156.59,156.67
2018-12-28T17:26:00Z,156.6525,156.8199,156.6525,156.68
2018-12-28T17:27:00Z,156.7,156.7,156.5131,156.62
2018-12-28T17:28:00Z,156.628,156.69,156.56,156.6799
2018-12-28T17:29:00Z,156.67,156.75,156.63,156.6769
2018-12-28T17:30:00Z,156.67,156.92,156.67,156.92
2018-12-28T17:31:00Z,156.91,156.91,156.65,156.79
2018-12-28T17:32:00Z,156.83,156.87,156.68,156.69
2018-12-28T17:33:00Z,156.7175,156.76,156.61,156.69
2018-12-28T17:34:00Z,156.7,156.83,156.67,156.7722
2018-12-28T17:35:00Z,156.76,156.76,156.59,156.61
2018-12-28T17:36:00Z,156.61,156.65,156.41,156.41
2018-12-28T17:37:00Z,156.41,156.6202,156.39,156.6098
2018-12-28T17:38:00Z,156.6,156.6,156.48,156.57
2018-12-28T17:39:00Z,156.55,156.71,156.53,156.7017
2018-12-28T17:40:00Z,156.7101,156.81,156.68,156.74
2018-12-28T17:41:00Z,156.7429,156.7429,156.56,156.6499
2018-12-28T17:42:00Z,156.65,156.66,156.54,156.6
2018-12-28T17:43:00Z,156.5765,156.71,156.5765,156.6176
2018-12-28T17:44:00Z,156.62,156.66,156.56,156.57
2018-12-28T17:45:00Z,156.5697,156.5841,156.42,156.4644
2018-12-28T17:46:00Z,156.465,156.63,156.45,156.5778
2018-12-28T17:47:00Z,156.5742,156.58,156.45,156.5098
2018-12-28T17:48:00Z,156.51,156.52,156.39,156.4456
2018-12-28T17:49:00Z,156.42,156.4624,156.33,156.43
2018-12-28T17:50:00Z,156.433,156.53,156.35,156.39
2018-12-28T17:51:00Z,156.42,156.4299,156.22,156.22
2018-12-28T17:52:00Z,156.23,156.44,156.23,156.41
2018-12-28T17:53:00Z,156.44,156.4522,156.34,156.4411
2018-12-28T17:54:00Z,156.46,156.64,156.46,156.51
2018-12-28T17:55:00Z,156.53,156.58,156.38,156.4131
2018-12-28T17:56:00Z,156.4071,156.4071,156.25,156.31
2018-12-28T17:57:00Z,156.31,156.37,156.194,156.194
2018-12-28T17:58:00Z,156.2,156.27,156.07,156.105
2018-12-28T17:59:00Z,156.114,156.25,156.03,156.21
2018-12-28T18:00:00Z,156.217,156.35,156.16,156.29
2018-12-28T18:01:00Z,156.28,156.33,156.1958,156.25
2018-12-28T18:02:00Z,156.25,156.3506,156.2,156.35
2018-12-28T18:03:00Z,156.33,156.33,156.17,156.18
2018-12-28T18:04:00Z,156.18,156.35,156.14,156.17
2018-12-28T18:05:00Z,156.17,156.19,156.07,156.09
2018-12-28T18:06:00Z,156.09,156.22,156.07,156.22
2018-12-28T18:07:00Z,156.24,156.3255,156.12,156.19
2018-12-28T18:08:00Z,156.23,156.33,156.19,156.31
2018-12-28T18:09:00Z,156.295,156.37,156.23,156.285
2018-12-28T18:10:00Z,156.29,156.3,156.09,156.105
2018-12-28T18:11:00Z,156.1,156.29,156.07,156.25
2018-12-28T18:12:00Z,156.255,156.315,156.2156,156.25
2018-12-28T18:13:00Z,156.25,156.3732,156.22,156.32
2018-12-28T18:14:00Z,156.3536,156.38,156.25,156.29
2018-12-28T18:15:00Z,156.29,156.42,156.29,156.33
2018-12-28T18:16:00Z,156.34,156.38,156.17,156.2201
2018-12-28T18:17:00Z,156.2015,156.25,156.1,156.18
2018-12-28T18:18:00Z,156.17,156.2,156.11,156.165
2018-12-28T18:19:00Z,156.1603,156.22,156.06,156.07
2018-12-28T18:20:00Z,156.08,156.13,155.9,155.93
2018-12-28T18:21:00Z,155.9275,156.05,155.8652,155.9
2018-12-28T18:22:00Z,155.9155,155.9155,155.78,155.86
2018-12-28T18:23:00Z,155.83,155.88,155.78,155.84
2018-12-28T18:24:00Z,155.8437,155.86,155.53,155.55
2018-12-28T18:25:00Z,155.54,155.66,155.5,155.531
2018-12-28T18:26:00Z,155.5481,155.66,155.48,155.56
2018-12-28T18:27:00Z,155.574,155.574,155.41,155.525
2018-12-28T18:28:00Z,155.54,155.74,155.46,155.725
2018-12-28T18:29:00Z,155.73,155.77,155.65,155.7081
2018-12-28T18:30:00Z,155.68,155.76,155.47,155.56
2018-12-28T18:31:00Z,155.55,155.63,155.48,155.48
2018-12-28T18:32:00Z,155.47,155.49,155.27,155.3804
2018-12-28T18:33:00Z,155.39,155.53,155.31,155.39
2018-12-28T18:34:00Z,155.41,155.4508,155.3225,155.4
2018-12-28T18:35:00Z,155.3865,155.5,155.37,155.42
2018-12-28T18:36:00Z,155.4,155.4657,155.29,155.3287
2018-12-28T18:37:00Z,155.3199,155.48,155.2972,155.48
2018-12-28T18:38:00Z,155.5,155.6,155.37,155.37
2018-12-28T18:39:00Z,155.3667,155.489,155.3367,155.4672
2018-12-28T18:40:00Z,155.46,155.5257,155.3872,155.431
2018-12-28T18:41:00Z,155.47,155.6643,155.38,155.5874
2018-12-28T18:42:00Z,155.5908,155.65,155.5,155.5437
2018-12-28T18:43:00Z,155.55,155.62,155.53,155.575
2018-12-28T18:44:00Z,155.56,155.56,155.42,155.459
2018-12-28T18:45:00Z,155.47,155.71,155.47,155.69
2018-12-28T18:46:00Z,155.7,155.92,155.7,155.89
2018-12-28T18:47:00Z,155.8898,155.99,155.82,155.935
2018-12-28T18:48:00Z,155.9497,156.1,155.92,156.04
2018-12-28T18:49:00Z,156.0331,156.035,155.97,155.9868
2018-12-28T18:50:00Z,155.98,156.08,155.94,156.07
2018-12-28T18:51:00Z,156.07,156.24,156.07,156.12
2018-12-28T18:52:00Z,156.1298,156.14,156,156.03
2018-12-28T18:53:00Z,156.04,156.07,155.82,155.83
2018-12-28T18:54:00Z,155.85,155.98,155.82,155.9
2018-12-28T18:55:00Z,155.9011,156.06,155.9011,155.99
2018-12-28T18:56:00Z,156.01,156.01,155.92,155.99
2018-12-28T18:57:00Z,155.9716,156.18,155.92,156.11
2018-12-28T18:58:00Z,156.1092,156.21,156.1089,156.1151
2018-12-28T18:59:00Z,156.1109,156.144,156.02,156.0301
2018-12-28T19:00:00Z,156.05,156.43,156.05,156.43
2018-12-28T19:01:00Z,156.44,156.5762,156.435,156.52
2018-12-28T19:02:00Z,156.5118,156.55,156.34,156.41
2018-12-28T19:03:00Z,156.44,156.6599,156.4,156.61
2018-12-28T19:04:00Z,156.59,156.62,156.5,156.61
2018-12-28T19:05:00Z,156.63,156.82,156.62,156.8025
2018-12-28T19:06:00Z,156.8047,156.89,156.78,156.8654
2018-12-28T19:07:00Z,156.86,156.98,156.75,156.81
2018-12-28T19:08:00Z,156.8009,156.82,156.7,156.765
2018-12-28T19:09:00Z,156.76,156.92,156.74,156.9129
2018-12-28T19:10:00Z,156.8928,156.92,156.7601,156.85
2018-12-28T19:11:00Z,156.8501,157.08,156.83,157.0368
2018-12-28T19:12:00Z,157.03,157.35,157.03,157.31
2018-12-28T19:13:00Z,157.27,157.3499,157.19,157.24
2018-12-28T19:14:00Z,157.25,157.26,157.14,157.22
2018-12-28T19:15:00Z,157.23,157.49,157.22,157.49
2018-12-28T19:16:00Z,157.48,157.533,157.31,157.4824
2018-12-28T19:17:00Z,157.49,157.53,157.42,157.47
2018-12-28T19:18:00Z,157.46,157.58,157.4,157.5426
2018-12-28T19:19:00Z,157.54,157.54,157.25,157.26
2018-12-28T19:20:00Z,157.25,157.4352,157.25,157.33
2018-12-28T19:21:00Z,157.31,157.31,157.04,157.1301
2018-12-28T19:22:00Z,157.1561,157.369,157.13,157.33
2018-12-28T19:23:00Z,157.3417,157.3417,157.12,157.2679
2018-12-28T19:24:00Z,157.2778,157.45,157.27,157.3676
2018-12-28T19:25:00Z,157.3749,157.4145,157.27,157.35
2018-12-28T19:26:00Z,157.3375,157.58,157.22,157.555
2018-12-28T19:27:00Z,157.5451,157.5697,157.28,157.4
2018-12-28T19:28:00Z,157.44,157.49,157.37,157.4139
2018-12-28T19:29:00Z,157.42,157.5,157.26,157.29
2018-12-28T19:30:00Z,157.2935,157.44,157.1205,157.242
2018-12-28T19:31:00Z,157.21,157.26,157.08,157.09
2018-12-28T19:32:00Z,157.077,157.165,157.04,157.15
2018-12-28T19:33:00Z,157.16,157.2935,157.14,157.2935
2018-12-28T19:34:00Z,157.3,157.45,157.3,157.4452
2018-12-28T19:35:00Z,157.4302,157.44,157.32,157.4
2018-12-28T19:36:00Z,157.4,157.4758,157.33,157.451
2018-12-28T19:37:00Z,157.4543,157.54,157.33,157.4
2018-12-28T19:38:00Z,157.4,157.58,157.34,157.5205
2018-12-28T19:39:00Z,157.53,157.65,157.43,157.6385
2018-12-28T19:40:00Z,157.63,157.65,157.54,157.5714
2018-12-28T19:41:00Z,157.5849,157.75,157.49,157.7104
2018-12-28T19:42:00Z,157.73,157.9,157.68,157.8978
2018-12-28T19:43:00Z,157.9,158.07,157.87,158.04
2018-12-28T19:44:00Z,158.04,158.1,157.97,157.991
2018-12-28T19:45:00Z,158,158.0199,157.81,157.89
2018-12-28T19:46:00Z,157.9,157.97,157.8188,157.8983
2018-12-28T19:47:00Z,157.91,158.01,157.84,158.0051
2018-12-28T19:48:00Z,157.9972,158.05,157.96,157.9995
2018-12-28T19:49:00Z,157.99,158.03,157.87,157.87
2018-12-28T19:50:00Z,157.8761,157.98,157.82,157.95
2018-12-28T19:51:00Z,157.95,158.0307,157.89,157.9901
2018-12-28T19:52:00Z,157.995,158.12,157.97,158.1
2018-12-28T19:53:00Z,158.11,158.52,158.07,158.2299
2018-12-28T19:54:00Z,158.23,158.24,158.06,158.1902
2018-12-28T19:55:00Z,158.2,158.2,158.11,158.19
2018-12-28T19:56:00Z,158.179,158.31,158.16,158.265
2018-12-28T19:57:00Z,158.2641,158.389,158.18,158.34
2018-12-28T19:58:00Z,158.3368,158.47,158.26,158.35
2018-12-28T19:59:00Z,158.33,158.41,158.23,158.41
