2017-04-17T13:30:00Z,141.15,141.55,141.15,141.37
2017-04-17T13:31:00Z,141.38,141.5,141.26,141.385
2017-04-17T13:32:00Z,141.4,141.48,141.3484,141.4399
2017-04-17T13:33:00Z,141.43,141.55,141.42,141.52
2017-04-17T13:34:00Z,141.53,141.64,141.5,141.63
2017-04-17T13:35:00Z,141.63,141.7,141.59,141.64
2017-04-17T13:36:00Z,141.62,141.65,141.5673,141.64
2017-04-17T13:37:00Z,141.6434,141.7,141.63,141.65
2017-04-17T13:38:00Z,141.64,141.64,141.54,141.6
2017-04-17T13:39:00Z,141.59,141.605,141.4684,141.535
2017-04-17T13:40:00Z,141.55,141.5987,141.49,141.57
2017-04-17T13:41:00Z,141.5917,141.5934,141.51,141.53
2017-04-17T13:42:00Z,141.525,141.53,141.411,141.48
2017-04-17T13:43:00Z,141.49,141.5,141.4,141.4505
2017-04-17T13:44:00Z,141.45,141.52,141.41,141.5
2017-04-17T13:45:00Z,141.48,141.58,141.48,141.5499
2017-04-17T13:46:00Z,141.54,141.54,141.45,141.49
2017-04-17T13:47:00Z,141.5,141.585,141.5,141.585
2017-04-17T13:48:00Z,141.5837,141.61,141.52,141.554
2017-04-17T13:49:00Z,141.53,141.54,141.48,141.5044
2017-04-17T13:50:00Z,141.51,141.5253,141.35,141.35
2017-04-17T13:51:00Z,141.36,141.375,141.3,141.32
2017-04-17T13:52:00Z,141.31,141.35,141.2883,141.2959
2017-04-17T13:53:00Z,141.29,141.34,141.22,141.33
2017-04-17T13:54:00Z,141.33,141.4099,141.31,141.379
2017-04-17T13:55:00Z,141.37,141.39,141.34,141.3544
2017-04-17T13:56:00Z,141.36,141.38,141.2,141.2
2017-04-17T13:57:00Z,141.206,141.25,141.1067,141.1199
2017-04-17T13:58:00Z,141.12,141.16,141.1146,141.12
2017-04-17T13:59:00Z,141.119,141.2299,141.11,141.2299
2017-04-17T14:00:00Z,141.22,141.28,141.22,141.26
2017-04-17T14:01:00Z,141.26,141.31,141.24,141.27
2017-04-17T14:02:00Z,141.26,141.2622,141.18,141.25
2017-04-17T14:03:00Z,141.25,141.4,141.24,141.4
2017-04-17T14:04:00Z,141.4,141.4,141.3336,141.35
2017-04-17T14:05:00Z,141.35,141.36,141.29,141.3
2017-04-17T14:06:00Z,141.29,141.42,141.29,141.3999
2017-04-17T14:07:00Z,141.39,141.4,141.3,141.36
2017-04-17T14:08:00Z,141.37,141.43,141.34,141.41
2017-04-17T14:09:00Z,141.4,141.45,141.4,141.44
2017-04-17T14:10:00Z,141.435,141.435,141.36,141.37
2017-04-17T14:11:00Z,141.38,141.4,141.35,141.3637
2017-04-17T14:12:00Z,141.3642,141.396,141.35,141.36
2017-04-17T14:13:00Z,141.36,141.36,141.27,141.2919
2017-04-17T14:14:00Z,141.3,141.35,141.3,141.3225
2017-04-17T14:15:00Z,141.32,141.43,141.3084,141.3771
2017-04-17T14:16:00Z,141.375,141.5,141.3739,141.4701
2017-04-17T14:17:00Z,141.47,141.49,141.42,141.4584
2017-04-17T14:18:00Z,141.4562,141.54,141.4562,141.52
2017-04-17T14:19:00Z,141.515,141.55,141.481,141.49
2017-04-17T14:20:00Z,141.5,141.525,141.43,141.4555
2017-04-17T14:21:00Z,141.45,141.45,141.36,141.39
2017-04-17T14:22:00Z,141.3999,141.4438,141.37,141.38
2017-04-17T14:23:00Z,141.38,141.38,141.3,141.31
2017-04-17T14:24:00Z,141.3,141.31,141.27,141.285
2017-04-17T14:25:00Z,141.29,141.3,141.24,141.2401
2017-04-17T14:26:00Z,141.2442,141.3,141.2442,141.2542
2017-04-17T14:27:00Z,141.2542,141.271,141.16,141.195
2017-04-17T14:28:00Z,141.2,141.24,141.17,141.19
2017-04-17T14:29:00Z,141.19,141.2,141.05,141.05
2017-04-17T14:30:00Z,141.05,141.15,141.05,141.06
2017-04-17T14:31:00Z,141.06,141.15,141.06,141.11
2017-04-17T14:32:00Z,141.11,141.1554,141.09,141.1311
2017-04-17T14:33:00Z,141.14,141.17,141.12,141.15
2017-04-17T14:34:00Z,141.14,141.161,141.12,141.12
2017-04-17T14:35:00Z,141.11,141.14,141.0539,141.06
2017-04-17T14:36:00Z,141.051,141.06,140.96,140.98
2017-04-17T14:37:00Z,140.9799,141.01,140.92,140.97
2017-04-17T14:38:00Z,140.96,140.99,140.91,140.9265
2017-04-17T14:39:00Z,140.93,140.96,140.87,140.96
2017-04-17T14:40:00Z,140.96,141.04,140.9248,141.03
2017-04-17T14:41:00Z,141.03,141.0844,141.0201,141.04
2017-04-17T14:42:00Z,141.04,141.04,141,141
2017-04-17T14:43:00Z,141,141.06,141,141.0507
2017-04-17T14:44:00Z,141.05,141.07,141,141.04
2017-04-17T14:45:00Z,141.05,141.1,141.04,141.0934
2017-04-17T14:46:00Z,141.09,141.15,141.06,141.11
2017-04-17T14:47:00Z,141.11,141.13,141.08,141.1038
2017-04-17T14:48:00Z,141.1042,141.16,141.07,141.1058
2017-04-17T14:49:00Z,141.1,141.125,141.1,141.1
2017-04-17T14:50:00Z,141.11,141.11,141.08,141.11
2017-04-17T14:51:00Z,141.12,141.19,141.12,141.18
2017-04-17T14:52:00Z,141.1879,141.2,141.14,141.154
2017-04-17T14:53:00Z,141.16,141.178,141.13,141.135
2017-04-17T14:54:00Z,141.13,141.15,141.08,141.1
2017-04-17T14:55:00Z,141.095,141.14,141.095,141.14
2017-04-17T14:56:00Z,141.133,141.16,141.12,141.12
2017-04-17T14:57:00Z,141.13,141.14,141.08,141.1155
2017-04-17T14:58:00Z,141.111,141.111,141.06,141.06
2017-04-17T14:59:00Z,141.07,141.125,141.0629,141.12
2017-04-17T15:00:00Z,141.12,141.14,141.0701,141.1
2017-04-17T15:01:00Z,141.1,141.11,141.08,141.0831
2017-04-17T15:02:00Z,141.07,141.08,141.04,141.04
2017-04-17T15:03:00Z,141.04,141.04,140.97,140.9926
2017-04-17T15:04:00Z,140.99,141.09,140.98,141.0747
2017-04-17T15:05:00Z,141.07,141.1,141.05,141.05
2017-04-17T15:06:00Z,141.05,141.0592,141.01,141.0256
2017-04-17T15:07:00Z,141.03,141.03,140.94,140.9947
2017-04-17T15:08:00Z,140.9947,141.01,140.9648,140.97
2017-04-17T15:09:00Z,140.975,141.01,140.9745,141.01
2017-04-17T15:10:00Z,141.01,141.09,141.01,141.08
2017-04-17T15:11:00Z,141.08,141.12,141.08,141.0938
2017-04-17T15:12:00Z,141.1,141.1,141.08,141.0899
2017-04-17T15:13:00Z,141.08,141.12,141.08,141.12
2017-04-17T15:14:00Z,141.12,141.16,141.12,141.16
2017-04-17T15:15:00Z,141.1547,141.19,141.15,141.18
2017-04-17T15:16:00Z,141.1882,141.25,141.16,141.23
2017-04-17T15:17:00Z,141.23,141.31,141.22,141.26
2017-04-17T15:18:00Z,141.27,141.33,141.2551,141.2942
2017-04-17T15:19:00Z,141.2948,141.33,141.27,141.3
2017-04-17T15:20:00Z,141.31,141.3547,141.3,141.31
2017-04-17T15:21:00Z,141.32,141.3266,141.26,141.264
2017-04-17T15:22:00Z,141.27,141.27,141.21,141.22
2017-04-17T15:23:00Z,141.23,141.2453,141.22,141.23
2017-04-17T15:24:00Z,141.23,141.25,141.22,141.2247
2017-04-17T15:25:00Z,141.23,141.28,141.23,141.251
2017-04-17T15:26:00Z,141.26,141.27,141.24,141.25
2017-04-17T15:27:00Z,141.25,141.26,141.22,141.225
2017-04-17T15:28:00Z,141.2235,141.25,141.22,141.25
2017-04-17T15:29:00Z,141.245,141.3,141.245,141.3
2017-04-17T15:30:00Z,141.2941,141.32,141.27,141.285
2017-04-17T15:31:00Z,141.28,141.3,141.28,141.29
2017-04-17T15:32:00Z,141.28,141.29,141.23,141.24
2017-04-17T15:33:00Z,141.24,141.24,141.225,141.225
2017-04-17T15:34:00Z,141.22,141.2452,141.21,141.24
2017-04-17T15:35:00Z,141.24,141.265,141.23,141.2348
2017-04-17T15:36:00Z,141.24,141.28,141.24,141.2659
2017-04-17T15:37:00Z,141.27,141.3,141.26,141.26
2017-04-17T15:38:00Z,141.27,141.28,141.26,141.28
2017-04-17T15:39:00Z,141.28,141.285,141.25,141.26
2017-04-17T15:40:00Z,141.25,141.275,141.23,141.24
2017-04-17T15:41:00Z,141.24,141.25,141.23,141.235
2017-04-17T15:42:00Z,141.24,141.25,141.219,141.22
2017-04-17T15:43:00Z,141.2201,141.223,141.19,141.21
2017-04-17T15:44:00Z,141.21,141.22,141.1775,141.1775
2017-04-17T15:45:00Z,141.18,141.2238,141.18,141.191
2017-04-17T15:46:00Z,141.19,141.1947,141.14,141.14
2017-04-17T15:47:00Z,141.14,141.16,141.14,141.15
2017-04-17T15:48:00Z,141.15,141.17,141.07,141.14
2017-04-17T15:49:00Z,141.13,141.15,141.1238,141.15
2017-04-17T15:50:00Z,141.15,141.15,141.1,141.1143
2017-04-17T15:51:00Z,141.115,141.14,141.115,141.12
2017-04-17T15:52:00Z,141.1248,141.1399,141.1,141.11
2017-04-17T15:53:00Z,141.115,141.13,141.1,141.13
2017-04-17T15:54:00Z,141.14,141.16,141.1,141.1
2017-04-17T15:55:00Z,141.1,141.14,141.065,141.13
2017-04-17T15:56:00Z,141.13,141.14,141.12,141.14
2017-04-17T15:57:00Z,141.14,141.14,141.11,141.125
2017-04-17T15:58:00Z,141.1319,141.15,141.13,141.15
2017-04-17T15:59:00Z,141.15,141.18,141.1,141.1
2017-04-17T16:00:00Z,141.1,141.15,141.09,141.1466
2017-04-17T16:01:00Z,141.14,141.1901,141.14,141.17
2017-04-17T16:02:00Z,141.16,141.17,141.1473,141.16
2017-04-17T16:03:00Z,141.16,141.18,141.1339,141.1768
2017-04-17T16:04:00Z,141.1767,141.2,141.16,141.16
2017-04-17T16:05:00Z,141.1642,141.2,141.1642,141.1958
2017-04-17T16:06:00Z,141.2,141.22,141.19,141.2
2017-04-17T16:07:00Z,141.205,141.21,141.2,141.2
2017-04-17T16:08:00Z,141.205,141.21,141.18,141.2
2017-04-17T16:09:00Z,141.1901,141.205,141.17,141.1801
2017-04-17T16:10:00Z,141.19,141.197,141.18,141.193
2017-04-17T16:11:00Z,141.195,141.21,141.1938,141.1942
2017-04-17T16:12:00Z,141.2,141.21,141.16,141.17
2017-04-17T16:13:00Z,141.17,141.21,141.14,141.2052
2017-04-17T16:14:00Z,141.205,141.22,141.2,141.22
2017-04-17T16:15:00Z,141.223,141.251,141.22,141.235
2017-04-17T16:16:00Z,141.2332,141.25,141.22,141.23
2017-04-17T16:17:00Z,141.23,141.24,141.19,141.2367
2017-04-17T16:18:00Z,141.23,141.24,141.2238,141.2301
2017-04-17T16:19:00Z,141.2326,141.25,141.19,141.19
2017-04-17T16:20:00Z,141.199,141.215,141.18,141.2
2017-04-17T16:21:00Z,141.2,141.27,141.2,141.25
2017-04-17T16:22:00Z,141.24,141.27,141.24,141.2662
2017-04-17T16:23:00Z,141.27,141.33,141.27,141.3026
2017-04-17T16:24:00Z,141.3063,141.35,141.3,141.3437
2017-04-17T16:25:00Z,141.355,141.3598,141.295,141.3
2017-04-17T16:26:00Z,141.3,141.335,141.28,141.32
2017-04-17T16:27:00Z,141.325,141.35,141.32,141.33
2017-04-17T16:28:00Z,141.33,141.335,141.3,141.3
2017-04-17T16:29:00Z,141.305,141.3142,141.28,141.285
2017-04-17T16:30:00Z,141.285,141.3263,141.285,141.32
2017-04-17T16:31:00Z,141.3121,141.34,141.3057,141.31
2017-04-17T16:32:00Z,141.31,141.335,141.31,141.3342
2017-04-17T16:33:00Z,141.34,141.371,141.34,141.37
2017-04-17T16:34:00Z,141.37,141.3757,141.3201,141.33
2017-04-17T16:35:00Z,141.32,141.32,141.2801,141.2965
2017-04-17T16:36:00Z,141.29,141.3,141.28,141.29
2017-04-17T16:37:00Z,141.29,141.33,141.29,141.3064
2017-04-17T16:38:00Z,141.3042,141.314,141.271,141.2774
2017-04-17T16:39:00Z,141.27,141.2784,141.24,141.2662
2017-04-17T16:40:00Z,141.27,141.31,141.26,141.2999
2017-04-17T16:41:00Z,141.291,141.31,141.29,141.31
2017-04-17T16:42:00Z,141.31,141.31,141.28,141.2916
2017-04-17T16:43:00Z,141.29,141.3,141.2847,141.3
2017-04-17T16:44:00Z,141.29,141.33,141.29,141.32
2017-04-17T16:45:00Z,141.33,141.36,141.3205,141.3599
2017-04-17T16:46:00Z,141.355,141.37,141.33,141.34
2017-04-17T16:47:00Z,141.35,141.37,141.35,141.3557
2017-04-17T16:48:00Z,141.36,141.36,141.33,141.3349
2017-04-17T16:49:00Z,141.335,141.335,141.3,141.32
2017-04-17T16:50:00Z,141.32,141.32,141.28,141.29
2017-04-17T16:51:00Z,141.29,141.32,141.271,141.32
2017-04-17T16:52:00Z,141.33,141.335,141.31,141.32
2017-04-17T16:53:00Z,141.32,141.335,141.31,141.32
2017-04-17T16:54:00Z,141.328,141.37,141.32,141.37
2017-04-17T16:55:00Z,141.3654,141.3654,141.33,141.3301
2017-04-17T16:56:00Z,141.34,141.37,141.3349,141.36
2017-04-17T16:57:00Z,141.36,141.37,141.34,141.3638
2017-04-17T16:58:00Z,141.37,141.385,141.37,141.3843
2017-04-17T16:59:00Z,141.386,141.41,141.37,141.3757
2017-04-17T17:00:00Z,141.38,141.4164,141.3793,141.39
2017-04-17T17:01:00Z,141.38,141.3885,141.37,141.3848
2017-04-17T17:02:00Z,141.385,141.39,141.36,141.37
2017-04-17T17:03:00Z,141.37,141.4199,141.37,141.41
2017-04-17T17:04:00Z,141.4,141.4,141.35,141.3538
2017-04-17T17:05:00Z,141.353,141.37,141.3507,141.37
2017-04-17T17:06:00Z,141.37,141.38,141.33,141.35
2017-04-17T17:07:00Z,141.3547,141.36,141.32,141.33
2017-04-17T17:08:00Z,141.325,141.3654,141.3201,141.355
2017-04-17T17:09:00Z,141.3553,141.3799,141.355,141.3642
2017-04-17T17:10:00Z,141.37,141.39,141.36,141.36
2017-04-17T17:11:00Z,141.37,141.391,141.34,141.3884
2017-04-17T17:12:00Z,141.398,141.398,141.34,141.37
2017-04-17T17:13:00Z,141.37,141.38,141.34,141.38
2017-04-17T17:14:00Z,141.38,141.38,141.35,141.35
2017-04-17T17:15:00Z,141.35,141.385,141.35,141.3801
2017-04-17T17:16:00Z,141.38,141.39,141.36,141.374
2017-04-17T17:17:00Z,141.375,141.385,141.37,141.37
2017-04-17T17:18:00Z,141.3766,141.385,141.37,141.3749
2017-04-17T17:19:00Z,141.375,141.41,141.375,141.38
2017-04-17T17:20:00Z,141.37,141.379,141.32,141.34
2017-04-17T17:21:00Z,141.34,141.365,141.34,141.35
2017-04-17T17:22:00Z,141.34,141.36,141.321,141.335
2017-04-17T17:23:00Z,141.33,141.3646,141.31,141.36
2017-04-17T17:24:00Z,141.365,141.38,141.35,141.36
2017-04-17T17:25:00Z,141.3582,141.38,141.34,141.37
2017-04-17T17:26:00Z,141.3699,141.401,141.36,141.385
2017-04-17T17:27:00Z,141.39,141.48,141.3815,141.45
2017-04-17T17:28:00Z,141.4401,141.49,141.44,141.49
2017-04-17T17:29:00Z,141.48,141.48,141.45,141.4701
2017-04-17T17:30:00Z,141.48,141.525,141.47,141.48
2017-04-17T17:31:00Z,141.49,141.495,141.47,141.48
2017-04-17T17:32:00Z,141.48,141.49,141.47,141.48
2017-04-17T17:33:00Z,141.4847,141.525,141.48,141.5005
2017-04-17T17:34:00Z,141.5026,141.52,141.493,141.4959
2017-04-17T17:35:00Z,141.49,141.5153,141.49,141.49
2017-04-17T17:36:00Z,141.49,141.5,141.43,141.45
2017-04-17T17:37:00Z,141.44,141.4795,141.44,141.4795
2017-04-17T17:38:00Z,141.47,141.485,141.455,141.4801
2017-04-17T17:39:00Z,141.4899,141.5,141.47,141.47
2017-04-17T17:40:00Z,141.475,141.5,141.47,141.4751
2017-04-17T17:41:00Z,141.475,141.48,141.41,141.43
2017-04-17T17:42:00Z,141.4133,141.45,141.4133,141.4401
2017-04-17T17:43:00Z,141.45,141.46,141.42,141.42
2017-04-17T17:44:00Z,141.414,141.42,141.375,141.41
2017-04-17T17:45:00Z,141.41,141.4399,141.4,141.41
2017-04-17T17:46:00Z,141.4189,141.44,141.4189,141.4315
2017-04-17T17:47:00Z,141.43,141.4543,141.43,141.4468
2017-04-17T17:48:00Z,141.445,141.445,141.39,141.4
2017-04-17T17:49:00Z,141.41,141.4352,141.41,141.4342
2017-04-17T17:50:00Z,141.44,141.445,141.42,141.42
2017-04-17T17:51:00Z,141.425,141.425,141.4,141.4099
2017-04-17T17:52:00Z,141.4032,141.42,141.4032,141.42
2017-04-17T17:53:00Z,141.4154,141.43,141.4154,141.43
2017-04-17T17:54:00Z,141.4286,141.43,141.4,141.4
2017-04-17T17:55:00Z,141.4,141.45,141.4,141.45
2017-04-17T17:56:00Z,141.4441,141.47,141.395,141.41
2017-04-17T17:57:00Z,141.4105,141.43,141.4105,141.43
2017-04-17T17:58:00Z,141.43,141.43,141.39,141.4
2017-04-17T17:59:00Z,141.4007,141.42,141.4,141.4136
2017-04-17T18:00:00Z,141.41,141.415,141.35,141.35
2017-04-17T18:01:00Z,141.34,141.38,141.33,141.3799
2017-04-17T18:02:00Z,141.375,141.395,141.355,141.375
2017-04-17T18:03:00Z,141.3751,141.415,141.37,141.415
2017-04-17T18:04:00Z,141.4199,141.458,141.4199,141.4301
2017-04-17T18:05:00Z,141.4339,141.45,141.41,141.42
2017-04-17T18:06:00Z,141.42,141.4501,141.42,141.43
2017-04-17T18:07:00Z,141.44,141.48,141.4389,141.46
2017-04-17T18:08:00Z,141.46,141.49,141.39,141.39
2017-04-17T18:09:00Z,141.382,141.42,141.38,141.42
2017-04-17T18:10:00Z,141.42,141.47,141.42,141.47
2017-04-17T18:11:00Z,141.46,141.48,141.46,141.47
2017-04-17T18:12:00Z,141.47,141.51,141.47,141.5
2017-04-17T18:13:00Z,141.5,141.52,141.47,141.48
2017-04-17T18:14:00Z,141.4707,141.48,141.45,141.46
2017-04-17T18:15:00Z,141.4635,141.52,141.45,141.51
2017-04-17T18:16:00Z,141.5,141.52,141.48,141.48
2017-04-17T18:17:00Z,141.4886,141.49,141.47,141.47
2017-04-17T18:18:00Z,141.475,141.48,141.47,141.47
2017-04-17T18:19:00Z,141.47,141.476,141.41,141.44
2017-04-17T18:20:00Z,141.43,141.45,141.4142,141.44
2017-04-17T18:21:00Z,141.43,141.46,141.43,141.44
2017-04-17T18:22:00Z,141.4486,141.48,141.4486,141.48
2017-04-17T18:23:00Z,141.4765,141.49,141.46,141.46
2017-04-17T18:24:00Z,141.451,141.4758,141.45,141.47
2017-04-17T18:25:00Z,141.48,141.5,141.47,141.47
2017-04-17T18:26:00Z,141.476,141.48,141.445,141.45
2017-04-17T18:27:00Z,141.46,141.49,141.46,141.4895
2017-04-17T18:28:00Z,141.482,141.485,141.45,141.4668
2017-04-17T18:29:00Z,141.47,141.47,141.43,141.45
2017-04-17T18:30:00Z,141.444,141.4862,141.4437,141.4862
2017-04-17T18:31:00Z,141.49,141.53,141.47,141.48
2017-04-17T18:32:00Z,141.4762,141.5238,141.4762,141.5238
2017-04-17T18:33:00Z,141.52,141.5234,141.5,141.51
2017-04-17T18:34:00Z,141.5042,141.53,141.5,141.52
2017-04-17T18:35:00Z,141.5284,141.5284,141.46,141.47
2017-04-17T18:36:00Z,141.48,141.49,141.455,141.48
2017-04-17T18:37:00Z,141.47,141.54,141.47,141.54
2017-04-17T18:38:00Z,141.53,141.54,141.5,141.51
2017-04-17T18:39:00Z,141.51,141.51,141.47,141.5
2017-04-17T18:40:00Z,141.51,141.54,141.51,141.53
2017-04-17T18:41:00Z,141.53,141.53,141.51,141.5147
2017-04-17T18:42:00Z,141.515,141.54,141.5115,141.5339
2017-04-17T18:43:00Z,141.53,141.539,141.49,141.49
2017-04-17T18:44:00Z,141.5,141.54,141.483,141.53
2017-04-17T18:45:00Z,141.5357,141.55,141.49,141.4952
2017-04-17T18:46:00Z,141.49,141.52,141.49,141.52
2017-04-17T18:47:00Z,141.52,141.53,141.49,141.5
2017-04-17T18:48:00Z,141.5079,141.52,141.47,141.48
2017-04-17T18:49:00Z,141.48,141.4872,141.42,141.43
2017-04-17T18:50:00Z,141.4243,141.4243,141.38,141.4
2017-04-17T18:51:00Z,141.39,141.44,141.38,141.42
2017-04-17T18:52:00Z,141.41,141.44,141.41,141.4241
2017-04-17T18:53:00Z,141.4284,141.4284,141.37,141.4
2017-04-17T18:54:00Z,141.4,141.405,141.39,141.3963
2017-04-17T18:55:00Z,141.4,141.44,141.38,141.44
2017-04-17T18:56:00Z,141.4363,141.45,141.4301,141.4362
2017-04-17T18:57:00Z,141.44,141.45,141.4,141.405
2017-04-17T18:58:00Z,141.4,141.41,141.3255,141.38
2017-04-17T18:59:00Z,141.3851,141.41,141.37,141.37
2017-04-17T19:00:00Z,141.37,141.4001,141.37,141.39
2017-04-17T19:01:00Z,141.4,141.405,141.36,141.37
2017-04-17T19:02:00Z,141.37,141.39,141.36,141.3701
2017-04-17T19:03:00Z,141.38,141.381,141.32,141.32
2017-04-17T19:04:00Z,141.32,141.3599,141.32,141.355
2017-04-17T19:05:00Z,141.35,141.35,141.31,141.35
2017-04-17T19:06:00Z,141.35,141.36,141.33,141.35
2017-04-17T19:07:00Z,141.35,141.36,141.33,141.33
2017-04-17T19:08:00Z,141.34,141.35,141.33,141.33
2017-04-17T19:09:00Z,141.33,141.36,141.3299,141.36
2017-04-17T19:10:00Z,141.37,141.38,141.3433,141.36
2017-04-17T19:11:00Z,141.36,141.3866,141.3467,141.37
2017-04-17T19:12:00Z,141.36,141.43,141.36,141.4269
2017-04-17T19:13:00Z,141.4201,141.45,141.42,141.425
2017-04-17T19:14:00Z,141.4225,141.45,141.4225,141.43
2017-04-17T19:15:00Z,141.43,141.49,141.43,141.465
2017-04-17T19:16:00Z,141.47,141.47,141.43,141.43
2017-04-17T19:17:00Z,141.44,141.58,141.44,141.57
2017-04-17T19:18:00Z,141.58,141.62,141.5342,141.59
2017-04-17T19:19:00Z,141.59,141.63,141.55,141.63
2017-04-17T19:20:00Z,141.62,141.62,141.57,141.599
2017-04-17T19:21:00Z,141.59,141.6,141.56,141.5642
2017-04-17T19:22:00Z,141.56,141.631,141.55,141.62
2017-04-17T19:23:00Z,141.625,141.67,141.5908,141.64
2017-04-17T19:24:00Z,141.63,141.65,141.6147,141.625
2017-04-17T19:25:00Z,141.63,141.65,141.565,141.5853
2017-04-17T19:26:00Z,141.59,141.65,141.5833,141.63
2017-04-17T19:27:00Z,141.63,141.71,141.625,141.6793
2017-04-17T19:28:00Z,141.6792,141.72,141.65,141.66
2017-04-17T19:29:00Z,141.67,141.7,141.64,141.64
2017-04-17T19:30:00Z,141.63,141.645,141.61,141.62
2017-04-17T19:31:00Z,141.62,141.63,141.58,141.59
2017-04-17T19:32:00Z,141.5913,141.5913,141.56,141.581
2017-04-17T19:33:00Z,141.58,141.605,141.58,141.58
2017-04-17T19:34:00Z,141.59,141.59,141.55,141.56
2017-04-17T19:35:00Z,141.57,141.62,141.56,141.6
2017-04-17T19:36:00Z,141.6,141.66,141.6,141.66
2017-04-17T19:37:00Z,141.67,141.7,141.665,141.67
2017-04-17T19:38:00Z,141.67,141.7,141.6401,141.65
2017-04-17T19:39:00Z,141.66,141.73,141.66,141.7002
2017-04-17T19:40:00Z,141.7,141.73,141.69,141.7
2017-04-17T19:41:00Z,141.7,141.725,141.7,141.7
2017-04-17T19:42:00Z,141.7,141.7145,141.655,141.691
2017-04-17T19:43:00Z,141.7,141.74,141.685,141.69
2017-04-17T19:44:00Z,141.69,141.74,141.685,141.7
2017-04-17T19:45:00Z,141.71,141.75,141.69,141.75
2017-04-17T19:46:00Z,141.7462,141.81,141.74,141.77
2017-04-17T19:47:00Z,141.775,141.79,141.755,141.761
2017-04-17T19:48:00Z,141.77,141.82,141.76,141.77
2017-04-17T19:49:00Z,141.77,141.83,141.7601,141.82
2017-04-17T19:50:00Z,141.82,141.87,141.755,141.785
2017-04-17T19:51:00Z,141.79,141.81,141.77,141.78
2017-04-17T19:52:00Z,141.78,141.84,141.78,141.8
2017-04-17T19:53:00Z,141.791,141.82,141.78,141.79
2017-04-17T19:54:00Z,141.79,141.83,141.785,141.795
2017-04-17T19:55:00Z,141.79,141.8,141.73,141.785
2017-04-17T19:56:00Z,141.785,141.81,141.78,141.8
2017-04-17T19:57:00Z,141.805,141.86,141.8,141.85
2017-04-17T19:58:00Z,141.85,141.85,141.7,141.79
2017-04-17T19:59:00Z,141.79,141.86,141.74,141.83
