2019-03-27T13:30:00Z,188.75,188.88,188.29,188.6428
2019-03-27T13:31:00Z,188.67,188.91,188.31,188.7228
2019-03-27T13:32:00Z,188.73,189.1878,188.7126,189.1661
2019-03-27T13:33:00Z,189.18,189.3699,189.08,189.195
2019-03-27T13:34:00Z,189.18,189.18,188.37,188.7
2019-03-27T13:35:00Z,188.72,188.94,188.45,188.9154
2019-03-27T13:36:00Z,188.93,189.26,188.92,189.22
2019-03-27T13:37:00Z,189.2,189.23,188.5398,188.5964
2019-03-27T13:38:00Z,188.5942,188.65,188.37,188.45
2019-03-27T13:39:00Z,188.41,188.81,188.33,188.81
2019-03-27T13:40:00Z,188.82,188.95,188.47,188.503
2019-03-27T13:41:00Z,188.5,188.87,188.46,188.87
2019-03-27T13:42:00Z,188.8632,189.2043,188.8325,189.1406
2019-03-27T13:43:00Z,189.16,189.16,188.66,188.69
2019-03-27T13:44:00Z,188.73,188.84,188.54,188.58
2019-03-27T13:45:00Z,188.59,189.11,188.5546,189.0439
2019-03-27T13:46:00Z,189.0628,189.13,188.71,188.74
2019-03-27T13:47:00Z,188.79,189.08,188.79,189.07
2019-03-27T13:48:00Z,189.07,189.12,188.67,188.67
2019-03-27T13:49:00Z,188.68,188.882,188.6,188.7601
2019-03-27T13:50:00Z,188.7603,189.28,188.7603,189.1691
2019-03-27T13:51:00Z,189.1749,189.64,189.1601,189.55
2019-03-27T13:52:00Z,189.57,189.64,189.25,189.43
2019-03-27T13:53:00Z,189.4,189.49,189.22,189.3404
2019-03-27T13:54:00Z,189.3467,189.41,189.17,189.25
2019-03-27T13:55:00Z,189.255,189.255,188.68,188.84
2019-03-27T13:56:00Z,188.855,188.855,188.43,188.55
2019-03-27T13:57:00Z,188.55,188.72,188.511,188.5854
2019-03-27T13:58:00Z,188.56,188.66,188.37,188.54
2019-03-27T13:59:00Z,188.5414,188.58,188.43,188.52
2019-03-27T14:00:00Z,188.52,188.6982,188.33,188.34
2019-03-27T14:01:00Z,188.33,188.731,188.33,188.73
2019-03-27T14:02:00Z,188.73,188.83,188.61,188.7336
2019-03-27T14:03:00Z,188.74,188.82,188.61,188.7399
2019-03-27T14:04:00Z,188.73,188.76,188.36,188.37
2019-03-27T14:05:00Z,188.37,188.45,188.19,188.413
2019-03-27T14:06:00Z,188.4,188.63,188.27,188.52
2019-03-27T14:07:00Z,188.525,188.67,188.4205,188.44
2019-03-27T14:08:00Z,188.44,188.6599,188.34,188.37
2019-03-27T14:09:00Z,188.365,188.52,188.28,188.5
2019-03-27T14:10:00Z,188.52,188.68,188.37,188.6701
2019-03-27T14:11:00Z,188.68,188.6963,188.38,188.41
2019-03-27T14:12:00Z,188.4238,188.705,188.42,188.68
2019-03-27T14:13:00Z,188.68,188.82,188.56,188.8
2019-03-27T14:14:00Z,188.8,188.91,188.67,188.91
2019-03-27T14:15:00Z,188.92,188.92,188.76,188.79
2019-03-27T14:16:00Z,188.7901,189,188.7299,188.92
2019-03-27T14:17:00Z,188.93,188.957,188.85,188.95
2019-03-27T14:18:00Z,188.95,189.15,188.92,189.06
2019-03-27T14:19:00Z,189.07,189.204,189.0699,189.2
2019-03-27T14:20:00Z,189.21,189.22,188.95,189.082
2019-03-27T14:21:00Z,189.08,189.1999,189,189.17
2019-03-27T14:22:00Z,189.175,189.28,189.175,189.26
2019-03-27T14:23:00Z,189.26,189.38,189.11,189.37
2019-03-27T14:24:00Z,189.37,189.55,189.36,189.535
2019-03-27T14:25:00Z,189.535,189.68,189.32,189.38
2019-03-27T14:26:00Z,189.39,189.4899,189.34,189.4402
2019-03-27T14:27:00Z,189.44,189.52,189.34,189.45
2019-03-27T14:28:00Z,189.4805,189.58,189.46,189.54
2019-03-27T14:29:00Z,189.545,189.65,189.46,189.4965
2019-03-27T14:30:00Z,189.5,189.76,189.41,189.73
2019-03-27T14:31:00Z,189.74,189.74,189.48,189.5
2019-03-27T14:32:00Z,189.5,189.55,189.4,189.5
2019-03-27T14:33:00Z,189.5,189.68,189.26,189.3
2019-03-27T14:34:00Z,189.293,189.3,189.05,189.21
2019-03-27T14:35:00Z,189.22,189.43,189.21,189.3325
2019-03-27T14:36:00Z,189.33,189.46,189.26,189.28
2019-03-27T14:37:00Z,189.27,189.3999,189.24,189.3
2019-03-27T14:38:00Z,189.3107,189.44,189.3,189.3999
2019-03-27T14:39:00Z,189.4,189.55,189.25,189.27
2019-03-27T14:40:00Z,189.29,189.4,189.12,189.34
2019-03-27T14:41:00Z,189.34,189.43,189.08,189.2
2019-03-27T14:42:00Z,189.21,189.28,188.9496,188.965
2019-03-27T14:43:00Z,188.96,188.97,188.76,188.9343
2019-03-27T14:44:00Z,188.91,189.04,188.86,189.04
2019-03-27T14:45:00Z,189.03,189.04,188.6532,188.715
2019-03-27T14:46:00Z,188.71,188.77,188.55,188.63
2019-03-27T14:47:00Z,188.66,188.74,188.55,188.6626
2019-03-27T14:48:00Z,188.6533,188.939,188.6499,188.88
2019-03-27T14:49:00Z,188.9001,188.9145,188.63,188.63
2019-03-27T14:50:00Z,188.62,188.65,188.32,188.6481
2019-03-27T14:51:00Z,188.64,188.73,188.5,188.5797
2019-03-27T14:52:00Z,188.58,188.7,188.45,188.5
2019-03-27T14:53:00Z,188.51,188.62,188.3716,188.55
2019-03-27T14:54:00Z,188.55,188.68,188.49,188.67
2019-03-27T14:55:00Z,188.67,188.78,188.65,188.75
2019-03-27T14:56:00Z,188.75,188.89,188.69,188.73
2019-03-27T14:57:00Z,188.7411,188.92,188.71,188.9
2019-03-27T14:58:00Z,188.915,189.15,188.84,189.09
2019-03-27T14:59:00Z,189.1,189.14,188.8855,188.96
2019-03-27T15:00:00Z,188.96,189.085,188.88,189.05
2019-03-27T15:01:00Z,189.055,189.06,188.969,189
2019-03-27T15:02:00Z,188.99,189.0199,188.87,188.89
2019-03-27T15:03:00Z,188.9,189,188.86,188.95
2019-03-27T15:04:00Z,188.95,188.95,188.72,188.83
2019-03-27T15:05:00Z,188.82,188.89,188.72,188.79
2019-03-27T15:06:00Z,188.79,188.92,188.72,188.92
2019-03-27T15:07:00Z,188.92,189.01,188.89,188.9401
2019-03-27T15:08:00Z,188.95,188.97,188.87,188.94
2019-03-27T15:09:00Z,188.92,188.92,188.63,188.7
2019-03-27T15:10:00Z,188.69,188.78,188.55,188.7187
2019-03-27T15:11:00Z,188.71,188.71,188.47,188.61
2019-03-27T15:12:00Z,188.6298,188.6298,188.3,188.3025
2019-03-27T15:13:00Z,188.31,188.38,188.12,188.15
2019-03-27T15:14:00Z,188.13,188.21,188.03,188.07
2019-03-27T15:15:00Z,188.06,188.12,187.97,188.02
2019-03-27T15:16:00Z,188.04,188.09,187.85,187.909
2019-03-27T15:17:00Z,187.9,187.9795,187.83,187.93
2019-03-27T15:18:00Z,187.92,187.93,187.7501,187.79
2019-03-27T15:19:00Z,187.79,187.85,187.55,187.6899
2019-03-27T15:20:00Z,187.67,187.7,187.56,187.58
2019-03-27T15:21:00Z,187.61,187.89,187.59,187.8823
2019-03-27T15:22:00Z,187.8701,188.02,187.84,188.01
2019-03-27T15:23:00Z,188.0081,188.0498,187.84,187.8825
2019-03-27T15:24:00Z,187.91,188.13,187.87,188.1217
2019-03-27T15:25:00Z,188.11,188.17,188,188
2019-03-27T15:26:00Z,188.01,188.01,187.85,187.98
2019-03-27T15:27:00Z,187.9838,188.015,187.7,187.7
2019-03-27T15:28:00Z,187.7,187.74,187.39,187.4401
2019-03-27T15:29:00Z,187.46,187.4969,187.28,187.41
2019-03-27T15:30:00Z,187.39,187.4295,187.26,187.27
2019-03-27T15:31:00Z,187.27,187.49,187.26,187.49
2019-03-27T15:32:00Z,187.5,187.54,187.25,187.2565
2019-03-27T15:33:00Z,187.27,187.37,187.19,187.2452
2019-03-27T15:34:00Z,187.2673,187.31,187.01,187.06
2019-03-27T15:35:00Z,187.02,187.03,186.81,186.94
2019-03-27T15:36:00Z,186.91,187.13,186.87,187.03
2019-03-27T15:37:00Z,187.05,187.22,186.94,187.22
2019-03-27T15:38:00Z,187.213,187.28,187.055,187.25
2019-03-27T15:39:00Z,187.2525,187.27,187,187.0884
2019-03-27T15:40:00Z,187.07,187.28,187.0653,187.1504
2019-03-27T15:41:00Z,187.14,187.2798,187.06,187.1009
2019-03-27T15:42:00Z,187.1,187.12,186.91,186.9896
2019-03-27T15:43:00Z,186.99,187,186.81,186.95
2019-03-27T15:44:00Z,186.95,186.95,186.55,186.5739
2019-03-27T15:45:00Z,186.55,186.86,186.55,186.82
2019-03-27T15:46:00Z,186.82,187.03,186.82,187
2019-03-27T15:47:00Z,187.03,187.15,187.01,187.12
2019-03-27T15:48:00Z,187.1275,187.129,186.91,186.9504
2019-03-27T15:49:00Z,186.95,187.09,186.94,186.97
2019-03-27T15:50:00Z,186.96,187.15,186.8105,187.09
2019-03-27T15:51:00Z,187.1,187.13,186.97,187.021
2019-03-27T15:52:00Z,187.0499,187.05,186.79,186.96
2019-03-27T15:53:00Z,186.96,186.99,186.73,186.8334
2019-03-27T15:54:00Z,186.81,187.03,186.76,187.02
2019-03-27T15:55:00Z,187.01,187.1,186.89,187.0675
2019-03-27T15:56:00Z,187.09,187.24,187.07,187.2395
2019-03-27T15:57:00Z,187.211,187.35,187.1142,187.28
2019-03-27T15:58:00Z,187.28,187.48,187.25,187.42
2019-03-27T15:59:00Z,187.42,187.4305,187.23,187.3195
2019-03-27T16:00:00Z,187.3162,187.41,187.245,187.25
2019-03-27T16:01:00Z,187.26,187.55,187.26,187.5145
2019-03-27T16:02:00Z,187.51,187.6202,187.4165,187.6
2019-03-27T16:03:00Z,187.61,187.889,187.61,187.85
2019-03-27T16:04:00Z,187.8416,187.99,187.8248,187.92
2019-03-27T16:05:00Z,187.91,188.07,187.82,188.0361
2019-03-27T16:06:00Z,188.0301,188.16,188.02,188.1
2019-03-27T16:07:00Z,188.0982,188.0982,187.96,188.0069
2019-03-27T16:08:00Z,187.99,188,187.88,187.93
2019-03-27T16:09:00Z,187.9265,188.09,187.89,188.04
2019-03-27T16:10:00Z,188.03,188.06,187.92,187.92
2019-03-27T16:11:00Z,187.9124,187.985,187.82,187.985
2019-03-27T16:12:00Z,187.98,188.29,187.97,188.2031
2019-03-27T16:13:00Z,188.215,188.31,188.01,188.02
2019-03-27T16:14:00Z,188.0256,188.0964,187.94,187.9971
2019-03-27T16:15:00Z,187.99,188.14,187.98,188.1
2019-03-27T16:16:00Z,188.1,188.26,188.07,188.1718
2019-03-27T16:17:00Z,188.198,188.22,188.1,188.19
2019-03-27T16:18:00Z,188.16,188.18,188.02,188.1
2019-03-27T16:19:00Z,188.09,188.09,187.86,187.97
2019-03-27T16:20:00Z,187.97,188.26,187.9502,188.18
2019-03-27T16:21:00Z,188.21,188.21,188.11,188.2
2019-03-27T16:22:00Z,188.21,188.26,188.18,188.24
2019-03-27T16:23:00Z,188.24,188.2597,188.05,188.075
2019-03-27T16:24:00Z,188.09,188.29,188.04,188.2851
2019-03-27T16:25:00Z,188.27,188.2837,188.1213,188.17
2019-03-27T16:26:00Z,188.14,188.2799,188.14,188.2799
2019-03-27T16:27:00Z,188.2621,188.38,188.23,188.35
2019-03-27T16:28:00Z,188.35,188.35,188.2163,188.22
2019-03-27T16:29:00Z,188.23,188.38,188.22,188.29
2019-03-27T16:30:00Z,188.29,188.39,188.18,188.37
2019-03-27T16:31:00Z,188.37,188.45,188.34,188.4
2019-03-27T16:32:00Z,188.4,188.4501,188.3622,188.43
2019-03-27T16:33:00Z,188.44,188.569,188.43,188.4842
2019-03-27T16:34:00Z,188.5,188.5799,188.47,188.5355
2019-03-27T16:35:00Z,188.5376,188.57,188.4,188.4365
2019-03-27T16:36:00Z,188.43,188.5,188.4,188.4464
2019-03-27T16:37:00Z,188.44,188.4462,188.35,188.418
2019-03-27T16:38:00Z,188.42,188.5057,188.41,188.47
2019-03-27T16:39:00Z,188.48,188.48,188.27,188.28
2019-03-27T16:40:00Z,188.28,188.29,188.02,188.035
2019-03-27T16:41:00Z,188.0405,188.09,187.97,187.9769
2019-03-27T16:42:00Z,187.99,188.16,187.97,188.02
2019-03-27T16:43:00Z,188.02,188.15,187.99,188.02
2019-03-27T16:44:00Z,188.03,188.11,187.97,188.06
2019-03-27T16:45:00Z,188.07,188.14,188.03,188.03
2019-03-27T16:46:00Z,188.03,188.05,187.82,187.98
2019-03-27T16:47:00Z,187.97,188.02,187.8905,187.96
2019-03-27T16:48:00Z,187.97,188.1899,187.92,188.1869
2019-03-27T16:49:00Z,188.1801,188.23,188.03,188.1
2019-03-27T16:50:00Z,188.08,188.1612,188.04,188.07
2019-03-27T16:51:00Z,188.09,188.2935,188.02,188.2935
2019-03-27T16:52:00Z,188.29,188.42,188.26,188.4
2019-03-27T16:53:00Z,188.4,188.4,188.28,188.3204
2019-03-27T16:54:00Z,188.3251,188.36,188.26,188.32
2019-03-27T16:55:00Z,188.3,188.3199,188.16,188.2264
2019-03-27T16:56:00Z,188.2399,188.3102,188.23,188.31
2019-03-27T16:57:00Z,188.3,188.3,188.12,188.17
2019-03-27T16:58:00Z,188.19,188.23,188.12,188.16
2019-03-27T16:59:00Z,188.14,188.18,187.97,187.98
2019-03-27T17:00:00Z,188.01,188.01,187.82,187.86
2019-03-27T17:01:00Z,187.8612,187.99,187.81,187.965
2019-03-27T17:02:00Z,187.96,188.0001,187.8352,187.9
2019-03-27T17:03:00Z,187.91,187.94,187.69,187.69
2019-03-27T17:04:00Z,187.69,187.715,187.63,187.67
2019-03-27T17:05:00Z,187.67,187.82,187.67,187.82
2019-03-27T17:06:00Z,187.85,187.94,187.81,187.92
2019-03-27T17:07:00Z,187.9265,187.95,187.81,187.8269
2019-03-27T17:08:00Z,187.824,187.84,187.7,187.7684
2019-03-27T17:09:00Z,187.78,187.82,187.74,187.8
2019-03-27T17:10:00Z,187.8,187.9288,187.79,187.9117
2019-03-27T17:11:00Z,187.92,188.03,187.91,187.9962
2019-03-27T17:12:00Z,187.99,188.16,187.9589,188.15
2019-03-27T17:13:00Z,188.16,188.41,188.1502,188.3699
2019-03-27T17:14:00Z,188.37,188.71,188.37,188.59
2019-03-27T17:15:00Z,188.5999,188.63,188.49,188.59
2019-03-27T17:16:00Z,188.59,188.74,188.5602,188.65
2019-03-27T17:17:00Z,188.6461,188.7,188.46,188.52
2019-03-27T17:18:00Z,188.52,188.56,188.45,188.48
2019-03-27T17:19:00Z,188.48,188.61,188.44,188.61
2019-03-27T17:20:00Z,188.61,188.65,188.53,188.6268
2019-03-27T17:21:00Z,188.64,188.8,188.62,188.75
2019-03-27T17:22:00Z,188.76,188.85,188.7272,188.73
2019-03-27T17:23:00Z,188.74,188.8397,188.69,188.72
2019-03-27T17:24:00Z,188.745,188.82,188.68,188.8
2019-03-27T17:25:00Z,188.8,188.9167,188.78,188.86
2019-03-27T17:26:00Z,188.88,188.94,188.83,188.9
2019-03-27T17:27:00Z,188.92,188.95,188.85,188.9201
2019-03-27T17:28:00Z,188.93,189.05,188.83,188.84
2019-03-27T17:29:00Z,188.85,188.94,188.81,188.91
2019-03-27T17:30:00Z,188.92,189.07,188.92,188.9488
2019-03-27T17:31:00Z,188.97,189.03,188.84,188.8504
2019-03-27T17:32:00Z,188.8527,188.97,188.85,188.93
2019-03-27T17:33:00Z,188.93,189.04,188.9291,188.95
2019-03-27T17:34:00Z,188.9625,188.9897,188.93,188.96
2019-03-27T17:35:00Z,188.947,188.96,188.84,188.84
2019-03-27T17:36:00Z,188.82,188.85,188.7252,188.761
2019-03-27T17:37:00Z,188.76,188.9461,188.76,188.9461
2019-03-27T17:38:00Z,188.94,188.94,188.81,188.855
2019-03-27T17:39:00Z,188.855,188.87,188.79,188.83
2019-03-27T17:40:00Z,188.822,188.99,188.76,188.95
2019-03-27T17:41:00Z,188.9401,189.03,188.92,188.95
2019-03-27T17:42:00Z,188.95,189.04,188.9205,189.03
2019-03-27T17:43:00Z,189.035,189.05,188.9369,189
2019-03-27T17:44:00Z,189.03,189.1883,189.03,189.169
2019-03-27T17:45:00Z,189.17,189.265,189.1311,189.26
2019-03-27T17:46:00Z,189.2599,189.2599,189.0705,189.1001
2019-03-27T17:47:00Z,189.1,189.1,188.92,188.99
2019-03-27T17:48:00Z,188.9869,189.087,188.97,189.05
2019-03-27T17:49:00Z,189.06,189.075,188.98,189.03
2019-03-27T17:50:00Z,189.0436,189.08,188.83,188.88
2019-03-27T17:51:00Z,188.89,189.0299,188.89,189.015
2019-03-27T17:52:00Z,189.03,189.075,188.98,189.06
2019-03-27T17:53:00Z,189.065,189.13,188.92,188.94
2019-03-27T17:54:00Z,188.96,188.98,188.8531,188.944
2019-03-27T17:55:00Z,188.97,189.04,188.92,188.93
2019-03-27T17:56:00Z,188.93,188.95,188.81,188.87
2019-03-27T17:57:00Z,188.85,188.8897,188.77,188.8579
2019-03-27T17:58:00Z,188.87,188.9,188.822,188.85
2019-03-27T17:59:00Z,188.8499,188.88,188.77,188.85
2019-03-27T18:00:00Z,188.87,189,188.81,188.81
2019-03-27T18:01:00Z,188.81,188.8703,188.79,188.79
2019-03-27T18:02:00Z,188.79,188.9,188.78,188.89
2019-03-27T18:03:00Z,188.87,189,188.85,188.94
2019-03-27T18:04:00Z,188.96,189.0198,188.92,188.93
2019-03-27T18:05:00Z,188.93,188.98,188.68,188.729
2019-03-27T18:06:00Z,188.7298,188.9,188.7289,188.78
2019-03-27T18:07:00Z,188.77,189.04,188.7604,189.02
2019-03-27T18:08:00Z,189.03,189.05,188.83,188.8628
2019-03-27T18:09:00Z,188.8707,189.0467,188.8707,189.02
2019-03-27T18:10:00Z,189.02,189.09,188.953,189.0397
2019-03-27T18:11:00Z,189.02,189.2396,189.02,189.23
2019-03-27T18:12:00Z,189.23,189.25,189.14,189.245
2019-03-27T18:13:00Z,189.245,189.35,189.245,189.34
2019-03-27T18:14:00Z,189.3301,189.345,189.2551,189.2551
2019-03-27T18:15:00Z,189.27,189.27,189.1,189.11
2019-03-27T18:16:00Z,189.1074,189.15,189.03,189.1
2019-03-27T18:17:00Z,189.11,189.14,189.08,189.0901
2019-03-27T18:18:00Z,189.09,189.095,188.92,188.95
2019-03-27T18:19:00Z,188.96,189,188.81,188.83
2019-03-27T18:20:00Z,188.8301,188.87,188.7901,188.83
2019-03-27T18:21:00Z,188.82,188.82,188.75,188.79
2019-03-27T18:22:00Z,188.7972,188.91,188.7972,188.88
2019-03-27T18:23:00Z,188.88,188.96,188.84,188.92
2019-03-27T18:24:00Z,188.91,189.06,188.9,189.0502
2019-03-27T18:25:00Z,189.05,189.05,188.91,188.92
2019-03-27T18:26:00Z,188.91,188.91,188.77,188.8482
2019-03-27T18:27:00Z,188.85,188.91,188.8,188.807
2019-03-27T18:28:00Z,188.8,188.85,188.74,188.85
2019-03-27T18:29:00Z,188.84,188.89,188.75,188.88
2019-03-27T18:30:00Z,188.87,189.02,188.85,189
2019-03-27T18:31:00Z,189.01,189.06,188.98,189.0299
2019-03-27T18:32:00Z,189.0303,189.0303,188.86,188.94
2019-03-27T18:33:00Z,188.93,188.95,188.83,188.85
2019-03-27T18:34:00Z,188.8548,188.98,188.83,188.86
2019-03-27T18:35:00Z,188.85,188.89,188.76,188.77
2019-03-27T18:36:00Z,188.79,188.97,188.79,188.9454
2019-03-27T18:37:00Z,188.94,188.9677,188.83,188.83
2019-03-27T18:38:00Z,188.84,188.86,188.5,188.62
2019-03-27T18:39:00Z,188.63,188.63,188.3401,188.3681
2019-03-27T18:40:00Z,188.34,188.52,188.34,188.5191
2019-03-27T18:41:00Z,188.5131,188.56,188.43,188.43
2019-03-27T18:42:00Z,188.4249,188.52,188.28,188.48
2019-03-27T18:43:00Z,188.47,188.47,188.33,188.41
2019-03-27T18:44:00Z,188.41,188.4629,188.38,188.46
2019-03-27T18:45:00Z,188.4637,188.57,188.46,188.55
2019-03-27T18:46:00Z,188.5668,188.5823,188.52,188.5238
2019-03-27T18:47:00Z,188.53,188.53,188.38,188.38
2019-03-27T18:48:00Z,188.38,188.41,188.3401,188.39
2019-03-27T18:49:00Z,188.42,188.49,188.401,188.45
2019-03-27T18:50:00Z,188.46,188.61,188.46,188.484
2019-03-27T18:51:00Z,188.48,188.48,188.37,188.46
2019-03-27T18:52:00Z,188.48,188.57,188.46,188.5603
2019-03-27T18:53:00Z,188.57,188.57,188.46,188.4802
2019-03-27T18:54:00Z,188.48,188.52,188.45,188.514
2019-03-27T18:55:00Z,188.52,188.62,188.44,188.49
2019-03-27T18:56:00Z,188.48,188.4899,188.35,188.43
2019-03-27T18:57:00Z,188.42,188.4637,188.3,188.3266
2019-03-27T18:58:00Z,188.32,188.32,188.21,188.26
2019-03-27T18:59:00Z,188.27,188.33,188.2,188.26
2019-03-27T19:00:00Z,188.26,188.36,188.16,188.2148
2019-03-27T19:01:00Z,188.22,188.3,188.2,188.24
2019-03-27T19:02:00Z,188.26,188.26,188.1464,188.18
2019-03-27T19:03:00Z,188.18,188.1998,188.09,188.16
2019-03-27T19:04:00Z,188.15,188.27,188.15,188.265
2019-03-27T19:05:00Z,188.26,188.35,188.1649,188.34
2019-03-27T19:06:00Z,188.33,188.3701,188.3,188.36
2019-03-27T19:07:00Z,188.36,188.36,188.23,188.2457
2019-03-27T19:08:00Z,188.245,188.29,188.12,188.2
2019-03-27T19:09:00Z,188.2,188.25,188.14,188.2
2019-03-27T19:10:00Z,188.2,188.3,188.17,188.29
2019-03-27T19:11:00Z,188.266,188.39,188.26,188.3353
2019-03-27T19:12:00Z,188.33,188.34,188.19,188.22
2019-03-27T19:13:00Z,188.22,188.2491,188.13,188.19
2019-03-27T19:14:00Z,188.19,188.24,188.175,188.21
2019-03-27T19:15:00Z,188.21,188.27,188.14,188.25
2019-03-27T19:16:00Z,188.2474,188.3735,188.24,188.3735
2019-03-27T19:17:00Z,188.37,188.4,188.18,188.19
2019-03-27T19:18:00Z,188.2,188.37,188.2,188.36
2019-03-27T19:19:00Z,188.365,188.45,188.33,188.44
2019-03-27T19:20:00Z,188.43,188.49,188.34,188.34
2019-03-27T19:21:00Z,188.33,188.39,188.33,188.36
2019-03-27T19:22:00Z,188.35,188.45,188.35,188.445
2019-03-27T19:23:00Z,188.43,188.5799,188.411,188.53
2019-03-27T19:24:00Z,188.53,188.55,188.43,188.4316
2019-03-27T19:25:00Z,188.43,188.48,188.42,188.455
2019-03-27T19:26:00Z,188.4501,188.55,188.43,188.51
2019-03-27T19:27:00Z,188.515,188.59,188.47,188.505
2019-03-27T19:28:00Z,188.514,188.514,188.365,188.47
2019-03-27T19:29:00Z,188.47,188.56,188.4169,188.55
2019-03-27T19:30:00Z,188.55,188.86,188.55,188.74
2019-03-27T19:31:00Z,188.74,188.87,188.68,188.69
2019-03-27T19:32:00Z,188.69,188.76,188.615,188.7
2019-03-27T19:33:00Z,188.7,188.715,188.5401,188.65
2019-03-27T19:34:00Z,188.65,188.7573,188.63,188.67
2019-03-27T19:35:00Z,188.68,188.7787,188.62,188.7649
2019-03-27T19:36:00Z,188.765,188.765,188.6,188.6098
2019-03-27T19:37:00Z,188.61,188.67,188.58,188.605
2019-03-27T19:38:00Z,188.6,188.62,188.47,188.49
2019-03-27T19:39:00Z,188.4899,188.5657,188.46,188.56
2019-03-27T19:40:00Z,188.565,188.66,188.45,188.59
2019-03-27T19:41:00Z,188.6,188.66,188.55,188.615
2019-03-27T19:42:00Z,188.615,188.64,188.54,188.54
2019-03-27T19:43:00Z,188.53,188.63,188.53,188.55
2019-03-27T19:44:00Z,188.56,188.62,188.53,188.56
2019-03-27T19:45:00Z,188.56,188.73,188.54,188.64
2019-03-27T19:46:00Z,188.635,188.7351,188.43,188.44
2019-03-27T19:47:00Z,188.45,188.51,188.3,188.35
2019-03-27T19:48:00Z,188.34,188.47,188.33,188.465
2019-03-27T19:49:00Z,188.47,188.56,188.3839,188.3839
2019-03-27T19:50:00Z,188.39,188.45,188.36,188.4
2019-03-27T19:51:00Z,188.39,188.55,188.365,188.5
2019-03-27T19:52:00Z,188.495,188.5,188.37,188.44
2019-03-27T19:53:00Z,188.44,188.48,188.35,188.38
2019-03-27T19:54:00Z,188.37,188.52,188.355,188.4
2019-03-27T19:55:00Z,188.39,188.42,188.09,188.37
2019-03-27T19:56:00Z,188.37,188.44,188.28,188.43
2019-03-27T19:57:00Z,188.43,188.44,188.28,188.325
2019-03-27T19:58:00Z,188.33,188.34,188.2,188.25
2019-03-27T19:59:00Z,188.255,188.55,188.24,188.47
