2019-12-18T13:30:00Z,280.16,280.26,280.15,280.26
2019-12-18T13:31:00Z,280.2946,280.3,280.26,280.26
2019-12-18T13:33:00Z,280.25,280.25,280.25,280.25
2019-12-18T13:35:00Z,280.15,280.21,280.15,280.2
2019-12-18T13:37:00Z,280.27,280.27,280.27,280.27
2019-12-18T13:38:00Z,280.13,280.13,280.13,280.13
2019-12-18T13:39:00Z,280.16,280.24,280.16,280.24
2019-12-18T13:40:00Z,280.23,280.25,280.2,280.25
2019-12-18T13:41:00Z,280.2,280.2,280.2,280.2
2019-12-18T13:44:00Z,280.17,280.17,280.08,280.08
2019-12-18T13:45:00Z,280.0817,280.2499,280.0817,280.2499
2019-12-18T13:47:00Z,280.25,280.25,280.19,280.19
2019-12-18T13:50:00Z,280.15,280.15,280.08,280.1499
2019-12-18T13:51:00Z,280.1499,280.1499,280.1499,280.1499
2019-12-18T13:52:00Z,280.2,280.2,280.2,280.2
2019-12-18T13:53:00Z,280.09,280.09,280.08,280.08
2019-12-18T13:57:00Z,280.06,280.06,280.06,280.06
2019-12-18T13:58:00Z,280.06,280.06,280.06,280.06
2019-12-18T13:59:00Z,280.06,280.06,280,280
2019-12-18T14:00:00Z,280,280,279.97,279.97
2019-12-18T14:02:00Z,280.02,280.02,280.02,280.02
2019-12-18T14:03:00Z,280.02,280.05,280.02,280.05
2019-12-18T14:04:00Z,280.0501,280.0501,280.0501,280.0501
2019-12-18T14:05:00Z,280.05,280.05,280.05,280.05
2019-12-18T14:06:00Z,280.1199,280.12,280.08,280.12
2019-12-18T14:07:00Z,280.08,280.12,280.08,280.12
2019-12-18T14:08:00Z,280.1,280.15,280.1,280.15
2019-12-18T14:10:00Z,280.12,280.12,280.12,280.12
2019-12-18T14:11:00Z,280.1,280.1,280.09,280.09
2019-12-18T14:12:00Z,280.12,280.12,280.12,280.12
2019-12-18T14:13:00Z,280.1,280.1,280.1,280.1
2019-12-18T14:14:00Z,280.15,280.15,280.15,280.15
2019-12-18T14:15:00Z,280.11,280.11,280.11,280.11
2019-12-18T14:16:00Z,280.15,280.2,280.14,280.2
2019-12-18T14:17:00Z,280.2,280.2,280.2,280.2
2019-12-18T14:18:00Z,280.1301,280.2,280.1301,280.187
2019-12-18T14:19:00Z,280.19,280.19,280.1211,280.1211
2019-12-18T14:20:00Z,280.15,280.2501,280.15,280.21
2019-12-18T14:21:00Z,280.2699,280.3,280.2699,280.3
2019-12-18T14:22:00Z,280.36,280.36,280.28,280.28
2019-12-18T14:25:00Z,280.3254,280.33,280.3254,280.33
2019-12-18T14:26:00Z,280.29,280.29,280.29,280.29
2019-12-18T14:27:00Z,280.35,280.36,280.33,280.36
2019-12-18T14:28:00Z,280.33,280.33,280.04,280.04
2019-12-18T14:29:00Z,280.04,280.04,279.7,279.79
2019-12-18T14:30:00Z,279.71,280.24,279.65,280.2185
2019-12-18T14:31:00Z,280.2,280.48,280.16,280.23
2019-12-18T14:32:00Z,280.245,280.28,280.0515,280.07
2019-12-18T14:33:00Z,280.07,280.08,279.69,279.77
2019-12-18T14:34:00Z,279.7629,279.87,279.5606,279.74
2019-12-18T14:35:00Z,279.7,279.8,279.6251,279.79
2019-12-18T14:36:00Z,279.7576,279.88,279.6,279.7234
2019-12-18T14:37:00Z,279.71,279.75,279.47,279.53
2019-12-18T14:38:00Z,279.53,279.6946,279.43,279.5601
2019-12-18T14:39:00Z,279.5891,279.72,279.5401,279.6
2019-12-18T14:40:00Z,279.606,279.65,279.49,279.58
2019-12-18T14:41:00Z,279.586,279.72,279.51,279.61
2019-12-18T14:42:00Z,279.61,280.06,279.61,280.0443
2019-12-18T14:43:00Z,280.04,280.29,279.99,280.284
2019-12-18T14:44:00Z,280.27,280.44,280.25,280.3779
2019-12-18T14:45:00Z,280.4,280.45,280.08,280.1
2019-12-18T14:46:00Z,280.11,280.25,280.11,280.14
2019-12-18T14:47:00Z,280.15,280.19,279.9,279.95
2019-12-18T14:48:00Z,279.95,279.95,279.52,279.5842
2019-12-18T14:49:00Z,279.5999,279.74,279.56,279.64
2019-12-18T14:50:00Z,279.64,279.66,279.55,279.65
2019-12-18T14:51:00Z,279.64,279.66,279.44,279.545
2019-12-18T14:52:00Z,279.53,279.68,279.49,279.62
2019-12-18T14:53:00Z,279.61,279.68,279.5093,279.6346
2019-12-18T14:54:00Z,279.6252,279.86,279.6,279.7112
2019-12-18T14:55:00Z,279.7062,279.7062,279.51,279.51
2019-12-18T14:56:00Z,279.5,279.66,279.48,279.55
2019-12-18T14:57:00Z,279.55,279.65,279.53,279.58
2019-12-18T14:58:00Z,279.5813,279.68,279.41,279.41
2019-12-18T14:59:00Z,279.41,279.429,279.3,279.417
2019-12-18T15:00:00Z,279.41,279.52,279.371,279.371
2019-12-18T15:01:00Z,279.37,279.83,279.3,279.45
2019-12-18T15:02:00Z,279.45,279.59,279.4236,279.54
2019-12-18T15:03:00Z,279.5431,279.72,279.48,279.72
2019-12-18T15:04:00Z,279.738,279.85,279.7203,279.7999
2019-12-18T15:05:00Z,279.7927,279.8,279.53,279.6
2019-12-18T15:06:00Z,279.62,279.6256,279.53,279.55
2019-12-18T15:07:00Z,279.54,279.62,279.5,279.5399
2019-12-18T15:08:00Z,279.54,279.58,279.47,279.5596
2019-12-18T15:09:00Z,279.56,279.57,279.44,279.52
2019-12-18T15:10:00Z,279.52,279.52,279.365,279.365
2019-12-18T15:11:00Z,279.37,279.3899,279.12,279.24
2019-12-18T15:12:00Z,279.25,279.39,279.24,279.36
2019-12-18T15:13:00Z,279.36,279.52,279.35,279.5159
2019-12-18T15:14:00Z,279.52,279.72,279.51,279.7102
2019-12-18T15:15:00Z,279.7,279.71,279.612,279.65
2019-12-18T15:16:00Z,279.65,279.71,279.62,279.7
2019-12-18T15:17:00Z,279.69,279.98,279.69,279.9
2019-12-18T15:18:00Z,279.91,279.94,279.83,279.87
2019-12-18T15:19:00Z,279.86,279.94,279.7869,279.8827
2019-12-18T15:20:00Z,279.88,279.88,279.69,279.8
2019-12-18T15:21:00Z,279.81,279.93,279.79,279.8537
2019-12-18T15:22:00Z,279.84,279.9,279.742,279.78
2019-12-18T15:23:00Z,279.7901,279.9099,279.78,279.9099
2019-12-18T15:24:00Z,279.9,279.98,279.86,279.95
2019-12-18T15:25:00Z,279.95,279.96,279.7703,279.86
2019-12-18T15:26:00Z,279.8685,279.89,279.835,279.85
2019-12-18T15:27:00Z,279.86,279.9,279.77,279.82
2019-12-18T15:28:00Z,279.8126,279.98,279.81,279.97
2019-12-18T15:29:00Z,279.97,279.98,279.8,279.84
2019-12-18T15:30:00Z,279.84,279.9,279.77,279.86
2019-12-18T15:31:00Z,279.8642,279.9,279.67,279.682
2019-12-18T15:32:00Z,279.67,279.75,279.66,279.6974
2019-12-18T15:33:00Z,279.7,279.77,279.61,279.66
2019-12-18T15:34:00Z,279.67,279.7115,279.64,279.65
2019-12-18T15:35:00Z,279.655,279.7036,279.61,279.6235
2019-12-18T15:36:00Z,279.625,279.6616,279.52,279.6616
2019-12-18T15:37:00Z,279.6699,279.73,279.53,279.54
2019-12-18T15:38:00Z,279.5401,279.5814,279.51,279.5399
2019-12-18T15:39:00Z,279.535,279.75,279.53,279.6799
2019-12-18T15:40:00Z,279.67,279.7384,279.66,279.72
2019-12-18T15:41:00Z,279.7059,279.72,279.65,279.67
2019-12-18T15:42:00Z,279.679,279.6799,279.43,279.4895
2019-12-18T15:43:00Z,279.49,279.5799,279.4,279.55
2019-12-18T15:44:00Z,279.5463,279.558,279.4414,279.53
2019-12-18T15:45:00Z,279.53,279.55,279.36,279.38
2019-12-18T15:46:00Z,279.395,279.4523,279.27,279.395
2019-12-18T15:47:00Z,279.39,279.43,279.3,279.33
2019-12-18T15:48:00Z,279.33,279.43,279.33,279.37
2019-12-18T15:49:00Z,279.38,279.4307,279.36,279.4307
2019-12-18T15:50:00Z,279.4364,279.61,279.42,279.605
2019-12-18T15:51:00Z,279.61,279.77,279.595,279.6
2019-12-18T15:52:00Z,279.5999,279.63,279.51,279.55
2019-12-18T15:53:00Z,279.5401,279.5926,279.49,279.57
2019-12-18T15:54:00Z,279.5746,279.68,279.56,279.6545
2019-12-18T15:55:00Z,279.65,279.68,279.6,279.65
2019-12-18T15:56:00Z,279.67,279.7,279.61,279.635
2019-12-18T15:57:00Z,279.635,279.7386,279.635,279.7
2019-12-18T15:58:00Z,279.7,279.735,279.68,279.7301
2019-12-18T15:59:00Z,279.735,279.76,279.66,279.69
2019-12-18T16:00:00Z,279.68,279.7016,279.61,279.67
2019-12-18T16:01:00Z,279.67,279.68,279.62,279.65
2019-12-18T16:02:00Z,279.65,279.68,279.62,279.675
2019-12-18T16:03:00Z,279.675,279.76,279.67,279.755
2019-12-18T16:04:00Z,279.755,279.855,279.75,279.84
2019-12-18T16:05:00Z,279.84,279.85,279.78,279.82
2019-12-18T16:06:00Z,279.82,279.84,279.77,279.82
2019-12-18T16:07:00Z,279.82,279.8523,279.75,279.75
2019-12-18T16:08:00Z,279.7284,279.81,279.72,279.7686
2019-12-18T16:09:00Z,279.7598,279.765,279.62,279.66
2019-12-18T16:10:00Z,279.67,279.67,279.56,279.58
2019-12-18T16:11:00Z,279.591,279.62,279.53,279.6
2019-12-18T16:12:00Z,279.61,279.6877,279.58,279.645
2019-12-18T16:13:00Z,279.6548,279.7,279.61,279.64
2019-12-18T16:14:00Z,279.64,279.69,279.61,279.67
2019-12-18T16:15:00Z,279.67,279.7,279.6527,279.6958
2019-12-18T16:16:00Z,279.695,279.96,279.695,279.955
2019-12-18T16:17:00Z,279.96,280.11,279.96,280.06
2019-12-18T16:18:00Z,280.0316,280.06,279.93,280.0401
2019-12-18T16:19:00Z,280.0418,280.0418,279.91,279.97
2019-12-18T16:20:00Z,279.97,280,279.91,279.9389
2019-12-18T16:21:00Z,279.93,280,279.92,279.9642
2019-12-18T16:22:00Z,279.96,279.9699,279.86,279.8999
2019-12-18T16:23:00Z,279.9,279.9,279.8,279.86
2019-12-18T16:24:00Z,279.86,279.88,279.7702,279.83
2019-12-18T16:25:00Z,279.85,279.91,279.8335,279.8669
2019-12-18T16:26:00Z,279.8643,279.9,279.79,279.84
2019-12-18T16:27:00Z,279.81,279.88,279.81,279.8201
2019-12-18T16:28:00Z,279.8258,279.88,279.81,279.82
2019-12-18T16:29:00Z,279.83,279.86,279.72,279.79
2019-12-18T16:30:00Z,279.783,279.94,279.78,279.9227
2019-12-18T16:31:00Z,279.94,279.94,279.86,279.89
2019-12-18T16:32:00Z,279.86,279.886,279.7807,279.8514
2019-12-18T16:33:00Z,279.8576,279.8576,279.74,279.7701
2019-12-18T16:34:00Z,279.79,279.8284,279.75,279.795
2019-12-18T16:35:00Z,279.8,279.83,279.7875,279.8
2019-12-18T16:36:00Z,279.79,279.87,279.78,279.82
2019-12-18T16:37:00Z,279.815,279.8236,279.78,279.81
2019-12-18T16:38:00Z,279.8,279.85,279.79,279.84
2019-12-18T16:39:00Z,279.83,279.84,279.79,279.8
2019-12-18T16:40:00Z,279.8,279.85,279.79,279.8
2019-12-18T16:41:00Z,279.805,279.84,279.78,279.8301
2019-12-18T16:42:00Z,279.85,280.2,279.83,280.169
2019-12-18T16:43:00Z,280.16,280.16,279.95,279.9715
2019-12-18T16:44:00Z,279.98,280.1132,279.97,280
2019-12-18T16:45:00Z,280,280.14,280,280.0361
2019-12-18T16:46:00Z,280.04,280.15,280.04,280.12
2019-12-18T16:47:00Z,280.12,280.16,280.0801,280.15
2019-12-18T16:48:00Z,280.13,280.19,280.0752,280.1889
2019-12-18T16:49:00Z,280.188,280.2137,280.15,280.2051
2019-12-18T16:50:00Z,280.2,280.26,280.19,280.19
2019-12-18T16:51:00Z,280.195,280.2,280.08,280.1
2019-12-18T16:52:00Z,280.1,280.23,280.1,280.16
2019-12-18T16:53:00Z,280.16,280.2042,280.13,280.13
2019-12-18T16:54:00Z,280.14,280.194,280.03,280.1057
2019-12-18T16:55:00Z,280.1099,280.13,279.85,279.95
2019-12-18T16:56:00Z,279.96,279.99,279.93,279.9899
2019-12-18T16:57:00Z,279.985,280.04,279.91,280.04
2019-12-18T16:58:00Z,280.03,280.14,280,280.12
2019-12-18T16:59:00Z,280.11,280.12,280.035,280.06
2019-12-18T17:00:00Z,280.07,280.18,280.0699,280.1501
2019-12-18T17:01:00Z,280.1639,280.2,280.16,280.1875
2019-12-18T17:02:00Z,280.1815,280.24,280.16,280.1738
2019-12-18T17:03:00Z,280.16,280.18,280.11,280.18
2019-12-18T17:04:00Z,280.1999,280.33,280.1999,280.2956
2019-12-18T17:05:00Z,280.3099,280.36,280.27,280.34
2019-12-18T17:06:00Z,280.36,280.38,280.303,280.33
2019-12-18T17:07:00Z,280.3301,280.4,280.32,280.37
2019-12-18T17:08:00Z,280.37,280.41,280.36,280.4
2019-12-18T17:09:00Z,280.41,280.42,280.36,280.36
2019-12-18T17:10:00Z,280.3678,280.37,280.23,280.27
2019-12-18T17:11:00Z,280.25,280.38,280.25,280.3601
2019-12-18T17:12:00Z,280.3778,280.6,280.37,280.49
2019-12-18T17:13:00Z,280.5,280.62,280.5,280.59
2019-12-18T17:14:00Z,280.5858,280.6272,280.49,280.59
2019-12-18T17:15:00Z,280.6,280.74,280.5841,280.6501
2019-12-18T17:16:00Z,280.65,280.8378,280.65,280.808
2019-12-18T17:17:00Z,280.804,280.95,280.79,280.88
2019-12-18T17:18:00Z,280.875,280.9069,280.81,280.81
2019-12-18T17:19:00Z,280.8103,280.8103,280.65,280.67
2019-12-18T17:20:00Z,280.6857,280.74,280.67,280.71
2019-12-18T17:21:00Z,280.717,280.73,280.62,280.66
2019-12-18T17:22:00Z,280.64,280.7027,280.63,280.69
2019-12-18T17:23:00Z,280.682,280.7391,280.68,280.701
2019-12-18T17:24:00Z,280.705,280.72,280.63,280.66
2019-12-18T17:25:00Z,280.67,280.82,280.65,280.7801
2019-12-18T17:26:00Z,280.78,280.82,280.73,280.8
2019-12-18T17:27:00Z,280.8,280.8,280.75,280.8
2019-12-18T17:28:00Z,280.798,280.9431,280.79,280.9431
2019-12-18T17:29:00Z,280.93,281.1,280.91,281.095
2019-12-18T17:30:00Z,281.09,281.13,281.0129,281.11
2019-12-18T17:31:00Z,281.11,281.1696,280.9,280.9799
2019-12-18T17:32:00Z,280.98,281.1,280.979,281.09
2019-12-18T17:33:00Z,281.0796,281.08,280.9001,280.94
2019-12-18T17:34:00Z,280.94,281.05,280.94,281.03
2019-12-18T17:35:00Z,281.03,281.05,280.8611,280.9009
2019-12-18T17:36:00Z,280.9118,280.96,280.8551,280.935
2019-12-18T17:37:00Z,280.93,280.96,280.8509,280.9312
2019-12-18T17:38:00Z,280.9301,280.9386,280.86,280.9347
2019-12-18T17:39:00Z,280.9342,280.97,280.87,280.89
2019-12-18T17:40:00Z,280.8956,280.92,280.86,280.8939
2019-12-18T17:41:00Z,280.895,280.9456,280.86,280.9456
2019-12-18T17:42:00Z,280.95,280.99,280.915,280.9878
2019-12-18T17:43:00Z,280.985,281.04,280.985,281.035
2019-12-18T17:44:00Z,281.04,281.06,281.01,281.04
2019-12-18T17:45:00Z,281.04,281.09,281.03,281.072
2019-12-18T17:46:00Z,281.08,281.19,281.06,281.18
2019-12-18T17:47:00Z,281.17,281.24,281.17,281.235
2019-12-18T17:48:00Z,281.2318,281.24,281.0601,281.1027
2019-12-18T17:49:00Z,281.09,281.25,281.09,281.2301
2019-12-18T17:50:00Z,281.2018,281.22,281.179,281.2159
2019-12-18T17:51:00Z,281.22,281.24,281.1691,281.2
2019-12-18T17:52:00Z,281.19,281.2,281.03,281.07
2019-12-18T17:53:00Z,281.0687,281.17,281.05,281.16
2019-12-18T17:54:00Z,281.1689,281.18,281.095,281.11
2019-12-18T17:55:00Z,281.114,281.13,281.03,281.0589
2019-12-18T17:56:00Z,281.065,281.11,281.0527,281.0984
2019-12-18T17:57:00Z,281.09,281.0999,280.98,280.99
2019-12-18T17:58:00Z,280.9915,281.06,280.97,281.035
2019-12-18T17:59:00Z,281.06,281.0812,281.01,281.02
2019-12-18T18:00:00Z,281.03,281.08,281.01,281.065
2019-12-18T18:01:00Z,281.07,281.13,281.01,281.1107
2019-12-18T18:02:00Z,281.12,281.2,281.11,281.18
2019-12-18T18:03:00Z,281.19,281.19,281.16,281.17
2019-12-18T18:04:00Z,281.18,281.1809,281.1366,281.1366
2019-12-18T18:05:00Z,281.14,281.21,281.13,281.17
2019-12-18T18:06:00Z,281.1722,281.19,281.03,281.06
2019-12-18T18:07:00Z,281.07,281.07,280.975,281.01
2019-12-18T18:08:00Z,281,281.02,280.92,281.0132
2019-12-18T18:09:00Z,281.0017,281.005,280.91,280.9657
2019-12-18T18:10:00Z,280.96,281.04,280.94,281.025
2019-12-18T18:11:00Z,281.02,281.1299,280.99,281.1
2019-12-18T18:12:00Z,281.11,281.15,281.11,281.1231
2019-12-18T18:13:00Z,281.12,281.16,281.12,281.15
2019-12-18T18:14:00Z,281.1575,281.25,281.15,281.25
2019-12-18T18:15:00Z,281.2466,281.259,281.16,281.242
2019-12-18T18:16:00Z,281.26,281.26,281.2,281.2001
2019-12-18T18:17:00Z,281.2081,281.28,281.2081,281.2301
2019-12-18T18:18:00Z,281.2348,281.32,281.23,281.2915
2019-12-18T18:19:00Z,281.2931,281.3,281.21,281.23
2019-12-18T18:20:00Z,281.24,281.25,281.18,281.2263
2019-12-18T18:21:00Z,281.2223,281.3,281.2,281.2
2019-12-18T18:22:00Z,281.19,281.1954,281.03,281.045
2019-12-18T18:23:00Z,281.06,281.08,281.02,281.05
2019-12-18T18:24:00Z,281.05,281.1299,281.0416,281.0969
2019-12-18T18:25:00Z,281.1098,281.21,281.1,281.2053
2019-12-18T18:26:00Z,281.2,281.205,281.08,281.08
2019-12-18T18:27:00Z,281.095,281.1,280.96,281.06
2019-12-18T18:28:00Z,281.06,281.06,281.02,281.06
2019-12-18T18:29:00Z,281.05,281.06,281.03,281.03
2019-12-18T18:30:00Z,281.02,281.07,281.01,281.02
2019-12-18T18:31:00Z,281.03,281.11,281.02,281.07
2019-12-18T18:32:00Z,281.0677,281.09,281,281
2019-12-18T18:33:00Z,281.01,281.09,281,281.08
2019-12-18T18:34:00Z,281.0801,281.0801,281.0201,281.0201
2019-12-18T18:35:00Z,281.03,281.03,280.965,280.984
2019-12-18T18:36:00Z,280.985,280.99,280.96,280.975
2019-12-18T18:37:00Z,280.9727,281,280.95,280.98
2019-12-18T18:38:00Z,280.9758,280.99,280.81,280.82
2019-12-18T18:39:00Z,280.825,280.87,280.8,280.835
2019-12-18T18:40:00Z,280.82,280.87,280.77,280.87
2019-12-18T18:41:00Z,280.87,280.9,280.87,280.8829
2019-12-18T18:42:00Z,280.88,280.968,280.86,280.964
2019-12-18T18:43:00Z,280.96,281.08,280.96,281.06
2019-12-18T18:44:00Z,281.06,281.07,280.9801,281.013
2019-12-18T18:45:00Z,281.013,281.1,281.01,281.07
2019-12-18T18:46:00Z,281.07,281.1195,281.05,281.1195
2019-12-18T18:47:00Z,281.12,281.15,281.11,281.12
2019-12-18T18:48:00Z,281.14,281.15,281.12,281.13
2019-12-18T18:49:00Z,281.1359,281.16,281.13,281.15
2019-12-18T18:50:00Z,281.14,281.2399,281.1399,281.22
2019-12-18T18:51:00Z,281.23,281.2426,281.16,281.2426
2019-12-18T18:52:00Z,281.24,281.3,281.23,281.2853
2019-12-18T18:53:00Z,281.28,281.28,281.22,281.22
2019-12-18T18:54:00Z,281.24,281.24,281.2,281.23
2019-12-18T18:55:00Z,281.23,281.25,281.22,281.245
2019-12-18T18:56:00Z,281.245,281.35,281.24,281.285
2019-12-18T18:57:00Z,281.29,281.36,281.2899,281.3515
2019-12-18T18:58:00Z,281.3469,281.43,281.33,281.4
2019-12-18T18:59:00Z,281.42,281.484,281.4143,281.4771
2019-12-18T19:00:00Z,281.48,281.52,281.42,281.43
2019-12-18T19:01:00Z,281.4316,281.46,281.36,281.3664
2019-12-18T19:02:00Z,281.36,281.3981,281.27,281.31
2019-12-18T19:03:00Z,281.32,281.35,281.31,281.34
2019-12-18T19:04:00Z,281.3499,281.38,281.34,281.34
2019-12-18T19:05:00Z,281.34,281.3498,281.282,281.327
2019-12-18T19:06:00Z,281.3216,281.4299,281.32,281.3974
2019-12-18T19:07:00Z,281.4043,281.5,281.4043,281.47
2019-12-18T19:08:00Z,281.465,281.51,281.4455,281.5
2019-12-18T19:09:00Z,281.49,281.49,281.43,281.47
2019-12-18T19:10:00Z,281.47,281.49,281.4,281.4
2019-12-18T19:11:00Z,281.4,281.47,281.4,281.44
2019-12-18T19:12:00Z,281.435,281.46,281.4,281.42
2019-12-18T19:13:00Z,281.4178,281.4699,281.4086,281.425
2019-12-18T19:14:00Z,281.43,281.44,281.4,281.4
2019-12-18T19:15:00Z,281.4,281.43,281.3702,281.4095
2019-12-18T19:16:00Z,281.41,281.43,281.38,281.381
2019-12-18T19:17:00Z,281.385,281.39,281.33,281.37
2019-12-18T19:18:00Z,281.37,281.41,281.36,281.4
2019-12-18T19:19:00Z,281.4,281.4,281.37,281.37
2019-12-18T19:20:00Z,281.37,281.44,281.37,281.4
2019-12-18T19:21:00Z,281.41,281.41,281.36,281.3849
2019-12-18T19:22:00Z,281.3801,281.4414,281.36,281.3914
2019-12-18T19:23:00Z,281.4,281.4,281.28,281.355
2019-12-18T19:24:00Z,281.36,281.3981,281.325,281.36
2019-12-18T19:25:00Z,281.36,281.3737,281.325,281.3455
2019-12-18T19:26:00Z,281.34,281.41,281.34,281.39
2019-12-18T19:27:00Z,281.39,281.4,281.38,281.39
2019-12-18T19:28:00Z,281.3901,281.45,281.3901,281.445
2019-12-18T19:29:00Z,281.44,281.45,281.44,281.4499
2019-12-18T19:30:00Z,281.44,281.48,281.44,281.48
2019-12-18T19:31:00Z,281.48,281.51,281.48,281.505
2019-12-18T19:32:00Z,281.51,281.51,281.48,281.482
2019-12-18T19:33:00Z,281.49,281.51,281.46,281.5098
2019-12-18T19:34:00Z,281.51,281.57,281.5,281.5531
2019-12-18T19:35:00Z,281.5555,281.62,281.5555,281.58
2019-12-18T19:36:00Z,281.6,281.64,281.58,281.64
2019-12-18T19:37:00Z,281.635,281.728,281.63,281.72
2019-12-18T19:38:00Z,281.73,281.73,281.65,281.7057
2019-12-18T19:39:00Z,281.72,281.83,281.71,281.8203
2019-12-18T19:40:00Z,281.82,281.84,281.75,281.77
2019-12-18T19:41:00Z,281.76,281.8,281.74,281.7821
2019-12-18T19:42:00Z,281.78,281.8193,281.73,281.7653
2019-12-18T19:43:00Z,281.76,281.779,281.68,281.68
2019-12-18T19:44:00Z,281.6842,281.6842,281.575,281.59
2019-12-18T19:45:00Z,281.61,281.65,281.59,281.6442
2019-12-18T19:46:00Z,281.65,281.7198,281.65,281.7198
2019-12-18T19:47:00Z,281.71,281.74,281.7,281.72
2019-12-18T19:48:00Z,281.713,281.7134,281.65,281.672
2019-12-18T19:49:00Z,281.6662,281.74,281.6662,281.73
2019-12-18T19:50:00Z,281.7377,281.78,281.71,281.765
2019-12-18T19:51:00Z,281.76,281.82,281.76,281.8187
2019-12-18T19:52:00Z,281.815,281.84,281.8085,281.82
2019-12-18T19:53:00Z,281.8201,281.87,281.8201,281.8566
2019-12-18T19:54:00Z,281.8553,281.87,281.82,281.825
2019-12-18T19:55:00Z,281.83,281.84,281.81,281.8326
2019-12-18T19:56:00Z,281.835,281.8778,281.83,281.877
2019-12-18T19:57:00Z,281.88,281.9,281.855,281.8601
2019-12-18T19:58:00Z,281.87,281.8899,281.82,281.825
2019-12-18T19:59:00Z,281.8277,281.86,281.82,281.8501
