2019-01-03T13:30:00Z,145.35,145.39,145,145.3
2019-01-03T13:31:00Z,145.35,145.49,145.35,145.47
2019-01-03T13:32:00Z,145.49,145.6,145.49,145.5
2019-01-03T13:33:00Z,145.47,145.54,145.37,145.37
2019-01-03T13:34:00Z,145.35,145.4,145.35,145.4
2019-01-03T13:35:00Z,145.35,145.4,145.17,145.2
2019-01-03T13:36:00Z,145.26,145.3,145.02,145.03
2019-01-03T13:37:00Z,145.07,145.15,145.04,145.1399
2019-01-03T13:38:00Z,145.11,145.11,145.01,145.01
2019-01-03T13:39:00Z,145,145.12,145,145.02
2019-01-03T13:40:00Z,145.01,145.11,144.95,145.11
2019-01-03T13:41:00Z,145.08,145.1199,145.03,145.11
2019-01-03T13:42:00Z,145.08,145.08,144.88,144.88
2019-01-03T13:43:00Z,144.9,145.11,144.9,145.1
2019-01-03T13:44:00Z,145.05,145.09,144.8,144.81
2019-01-03T13:45:00Z,144.8,144.8,144.6,144.75
2019-01-03T13:46:00Z,144.711,144.75,144.52,144.57
2019-01-03T13:47:00Z,144.52,144.6,144.5,144.56
2019-01-03T13:48:00Z,144.54,144.54,144.4,144.42
2019-01-03T13:49:00Z,144.42,144.44,144.31,144.39
2019-01-03T13:50:00Z,144.37,144.4,144.3,144.3
2019-01-03T13:51:00Z,144.33,144.35,144.25,144.3
2019-01-03T13:52:00Z,144.29,144.75,144.28,144.67
2019-01-03T13:53:00Z,144.66,144.75,144.66,144.72
2019-01-03T13:54:00Z,144.7,144.75,144.68,144.72
2019-01-03T13:55:00Z,144.7399,144.74,144.16,144.2
2019-01-03T13:56:00Z,144.18,144.19,143.86,143.88
2019-01-03T13:57:00Z,143.88,144.06,143.85,143.9
2019-01-03T13:58:00Z,143.93,144,143.86,143.87
2019-01-03T13:59:00Z,143.83,144.24,143.83,144.19
2019-01-03T14:00:00Z,144.19,144.23,143.93,143.96
2019-01-03T14:01:00Z,143.99,144,143.8,143.85
2019-01-03T14:02:00Z,143.85,143.91,143.73,143.9
2019-01-03T14:03:00Z,143.87,143.89,143.81,143.84
2019-01-03T14:04:00Z,143.84,144,143.84,143.95
2019-01-03T14:05:00Z,143.95,144,143.91,143.98
2019-01-03T14:06:00Z,143.95,143.98,143.84,143.86
2019-01-03T14:07:00Z,143.88,143.89,143.68,143.7
2019-01-03T14:08:00Z,143.7,143.79,143.7,143.71
2019-01-03T14:09:00Z,143.71,143.74,143.58,143.6
2019-01-03T14:10:00Z,143.6,143.63,143.45,143.49
2019-01-03T14:11:00Z,143.5,143.5,143.31,143.34
2019-01-03T14:12:00Z,143.34,143.35,143.2,143.22
2019-01-03T14:13:00Z,143.22,143.5,143.2,143.27
2019-01-03T14:14:00Z,143.3,143.6,143.26,143.36
2019-01-03T14:15:00Z,143.37,143.45,143.35,143.4
2019-01-03T14:16:00Z,143.4,143.44,143.33,143.36
2019-01-03T14:17:00Z,143.32,143.39,143.28,143.3032
2019-01-03T14:18:00Z,143.33,143.49,143.25,143.46
2019-01-03T14:19:00Z,143.44,143.48,143.37,143.37
2019-01-03T14:20:00Z,143.35,143.39,143.3,143.37
2019-01-03T14:21:00Z,143.37,143.45,143.3,143.41
2019-01-03T14:22:00Z,143.42,143.73,143.41,143.7
2019-01-03T14:23:00Z,143.7,143.81,143.7,143.8
2019-01-03T14:24:00Z,143.76,143.91,143.74,143.82
2019-01-03T14:25:00Z,143.88,144.31,143.85,144.25
2019-01-03T14:26:00Z,144.25,144.33,144.15,144.29
2019-01-03T14:27:00Z,144.3,144.5,144.2418,144.45
2019-01-03T14:28:00Z,144.45,144.45,143.88,143.99
2019-01-03T14:29:00Z,143.99,144.04,143.92,144.04
2019-01-03T14:30:00Z,144.04,144.98,143.5,144.54
2019-01-03T14:31:00Z,144.5533,144.73,143.45,144.09
2019-01-03T14:32:00Z,144.08,144.59,143.84,144.23
2019-01-03T14:33:00Z,144.13,144.4236,144.02,144.3
2019-01-03T14:34:00Z,144.29,144.33,143.68,143.9044
2019-01-03T14:35:00Z,143.93,143.93,143.19,143.39
2019-01-03T14:36:00Z,143.3999,143.4,142.88,142.96
2019-01-03T14:37:00Z,142.965,143.3,142.81,143.09
2019-01-03T14:38:00Z,143.12,143.57,143,143.46
2019-01-03T14:39:00Z,143.47,143.52,143.08,143.2504
2019-01-03T14:40:00Z,143.25,144.1,143.06,143.97
2019-01-03T14:41:00Z,143.99,144.3,143.98,144.26
2019-01-03T14:42:00Z,144.25,144.555,144,144.5433
2019-01-03T14:43:00Z,144.55,144.56,144.12,144.19
2019-01-03T14:44:00Z,144.2,144.22,143.9,144.0674
2019-01-03T14:45:00Z,144.07,144.09,143.61,143.6846
2019-01-03T14:46:00Z,143.71,143.9,143.59,143.67
2019-01-03T14:47:00Z,143.6899,143.69,143.33,143.54
2019-01-03T14:48:00Z,143.55,143.88,143.55,143.71
2019-01-03T14:49:00Z,143.7,143.72,143.46,143.58
2019-01-03T14:50:00Z,143.59,143.82,143.54,143.55
2019-01-03T14:51:00Z,143.55,143.58,143.33,143.4398
2019-01-03T14:52:00Z,143.45,143.65,143.25,143.6169
2019-01-03T14:53:00Z,143.61,143.6399,143.37,143.4
2019-01-03T14:54:00Z,143.4,143.49,143.23,143.3845
2019-01-03T14:55:00Z,143.4,143.86,143.3,143.8385
2019-01-03T14:56:00Z,143.83,144.32,143.77,144.27
2019-01-03T14:57:00Z,144.2811,144.61,144.09,144.33
2019-01-03T14:58:00Z,144.328,144.48,144,144.48
2019-01-03T14:59:00Z,144.475,144.49,144.2,144.41
2019-01-03T15:00:00Z,144.4,144.4,143.66,143.8934
2019-01-03T15:01:00Z,143.8995,144,143.71,143.81
2019-01-03T15:02:00Z,143.807,143.96,143.78,143.8501
2019-01-03T15:03:00Z,143.87,144.1,143.8,143.97
2019-01-03T15:04:00Z,143.99,144.05,143.63,143.69
2019-01-03T15:05:00Z,143.71,143.71,143.35,143.62
2019-01-03T15:06:00Z,143.62,143.73,143.55,143.6398
2019-01-03T15:07:00Z,143.64,143.89,143.48,143.89
2019-01-03T15:08:00Z,143.88,144.25,143.8701,144.14
2019-01-03T15:09:00Z,144.13,144.2799,143.9,143.9831
2019-01-03T15:10:00Z,143.99,144.24,143.95,144
2019-01-03T15:11:00Z,144.0069,144.09,143.81,143.8399
2019-01-03T15:12:00Z,143.8399,144.01,143.8,143.85
2019-01-03T15:13:00Z,143.84,143.85,143.46,143.6
2019-01-03T15:14:00Z,143.6,143.71,143.3,143.45
2019-01-03T15:15:00Z,143.4454,143.48,143.11,143.165
2019-01-03T15:16:00Z,143.14,143.35,142.95,143.33
2019-01-03T15:17:00Z,143.32,143.5,143.2499,143.44
2019-01-03T15:18:00Z,143.46,143.59,143.3901,143.54
2019-01-03T15:19:00Z,143.55,143.7,143.45,143.6
2019-01-03T15:20:00Z,143.59,143.72,143.47,143.72
2019-01-03T15:21:00Z,143.72,143.83,143.55,143.7545
2019-01-03T15:22:00Z,143.75,144,143.72,143.98
2019-01-03T15:23:00Z,143.9813,144.0704,143.88,143.93
2019-01-03T15:24:00Z,143.93,144.03,143.62,143.84
2019-01-03T15:25:00Z,143.85,143.85,143.65,143.75
2019-01-03T15:26:00Z,143.75,144,143.72,143.995
2019-01-03T15:27:00Z,143.995,144,143.76,143.8
2019-01-03T15:28:00Z,143.7954,144.1,143.65,143.86
2019-01-03T15:29:00Z,143.8401,144.03,143.74,144
2019-01-03T15:30:00Z,143.97,143.98,143.7,143.74
2019-01-03T15:31:00Z,143.74,143.7569,143.45,143.58
2019-01-03T15:32:00Z,143.59,143.61,143.31,143.35
2019-01-03T15:33:00Z,143.3526,143.37,143.1,143.261
2019-01-03T15:34:00Z,143.25,143.26,143.12,143.189
2019-01-03T15:35:00Z,143.189,143.46,143.18,143.29
2019-01-03T15:36:00Z,143.272,143.3098,142.97,143.0169
2019-01-03T15:37:00Z,143.01,143.15,142.9,143.0485
2019-01-03T15:38:00Z,143.04,143.06,142.52,142.56
2019-01-03T15:39:00Z,142.56,142.75,142.37,142.65
2019-01-03T15:40:00Z,142.6799,142.6799,142.27,142.3
2019-01-03T15:41:00Z,142.273,142.45,142.21,142.4098
2019-01-03T15:42:00Z,142.4041,142.45,142.2,142.34
2019-01-03T15:43:00Z,142.34,142.34,142.11,142.145
2019-01-03T15:44:00Z,142.145,142.27,142.12,142.14
2019-01-03T15:45:00Z,142.143,142.39,142.08,142.39
2019-01-03T15:46:00Z,142.39,142.57,142.38,142.565
2019-01-03T15:47:00Z,142.5664,142.68,142.51,142.524
2019-01-03T15:48:00Z,142.52,142.56,142.4,142.49
2019-01-03T15:49:00Z,142.49,142.5,142.4,142.4667
2019-01-03T15:50:00Z,142.465,142.67,142.4,142.66
2019-01-03T15:51:00Z,142.67,142.89,142.6038,142.89
2019-01-03T15:52:00Z,142.88,142.93,142.8205,142.8637
2019-01-03T15:53:00Z,142.87,142.91,142.65,142.78
2019-01-03T15:54:00Z,142.79,143.08,142.74,142.81
2019-01-03T15:55:00Z,142.81,142.97,142.6829,142.8
2019-01-03T15:56:00Z,142.81,143.07,142.7101,142.9521
2019-01-03T15:57:00Z,142.9545,143.0672,142.81,143.03
2019-01-03T15:58:00Z,143.0623,143.21,143.06,143.17
2019-01-03T15:59:00Z,143.165,143.22,143.09,143.1931
2019-01-03T16:00:00Z,143.195,143.5654,143.18,143.56
2019-01-03T16:01:00Z,143.555,143.5858,143.15,143.26
2019-01-03T16:02:00Z,143.25,143.413,143.1701,143.346
2019-01-03T16:03:00Z,143.359,143.48,143.3237,143.4
2019-01-03T16:04:00Z,143.405,143.43,143.32,143.355
2019-01-03T16:05:00Z,143.36,143.43,143.3,143.3166
2019-01-03T16:06:00Z,143.31,143.38,143.15,143.37
2019-01-03T16:07:00Z,143.38,143.58,143.37,143.5
2019-01-03T16:08:00Z,143.5,143.74,143.38,143.618
2019-01-03T16:09:00Z,143.62,143.69,143.54,143.59
2019-01-03T16:10:00Z,143.58,143.8,143.55,143.74
2019-01-03T16:11:00Z,143.74,144.01,143.735,143.9059
2019-01-03T16:12:00Z,143.9138,143.94,143.8,143.86
2019-01-03T16:13:00Z,143.8617,143.98,143.83,143.89
2019-01-03T16:14:00Z,143.8751,143.94,143.76,143.82
2019-01-03T16:15:00Z,143.83,144.08,143.83,143.91
2019-01-03T16:16:00Z,143.91,144,143.84,143.8549
2019-01-03T16:17:00Z,143.85,143.85,143.66,143.7602
2019-01-03T16:18:00Z,143.76,143.76,143.58,143.6353
2019-01-03T16:19:00Z,143.6301,143.77,143.63,143.76
2019-01-03T16:20:00Z,143.75,144.01,143.73,143.9496
2019-01-03T16:21:00Z,143.95,144.24,143.94,144.17
2019-01-03T16:22:00Z,144.1796,144.37,144.1301,144.37
2019-01-03T16:23:00Z,144.3736,144.44,144.3,144.4202
2019-01-03T16:24:00Z,144.4321,144.58,144.3,144.53
2019-01-03T16:25:00Z,144.5297,144.83,144.52,144.675
2019-01-03T16:26:00Z,144.6789,144.72,144.26,144.28
2019-01-03T16:27:00Z,144.2958,144.34,144.19,144.2706
2019-01-03T16:28:00Z,144.27,144.54,144.25,144.4601
2019-01-03T16:29:00Z,144.4536,144.57,144.3,144.3677
2019-01-03T16:30:00Z,144.36,144.4602,144.2,144.241
2019-01-03T16:31:00Z,144.25,144.26,144.04,144.24
2019-01-03T16:32:00Z,144.245,144.4,144.13,144.13
2019-01-03T16:33:00Z,144.1356,144.238,144,144.237
2019-01-03T16:34:00Z,144.2259,144.25,144,144.0501
2019-01-03T16:35:00Z,144.0566,144.46,144.0566,144.38
2019-01-03T16:36:00Z,144.38,144.6,144.34,144.518
2019-01-03T16:37:00Z,144.51,144.75,144.4,144.7057
2019-01-03T16:38:00Z,144.7,144.84,144.5701,144.83
2019-01-03T16:39:00Z,144.84,144.85,144.6801,144.685
2019-01-03T16:40:00Z,144.7,144.82,144.6,144.64
2019-01-03T16:41:00Z,144.6399,144.71,144.533,144.6849
2019-01-03T16:42:00Z,144.7,144.83,144.6401,144.73
2019-01-03T16:43:00Z,144.72,144.89,144.68,144.8143
2019-01-03T16:44:00Z,144.8076,144.9,144.75,144.7869
2019-01-03T16:45:00Z,144.785,144.89,144.75,144.8105
2019-01-03T16:46:00Z,144.81,144.9,144.75,144.9
2019-01-03T16:47:00Z,144.8701,145,144.86,144.99
2019-01-03T16:48:00Z,145,145.31,144.99,145.2599
2019-01-03T16:49:00Z,145.26,145.44,145.1502,145.44
2019-01-03T16:50:00Z,145.44,145.5,145.24,145.28
2019-01-03T16:51:00Z,145.28,145.47,145.05,145.089
2019-01-03T16:52:00Z,145.0828,145.11,144.84,144.8799
2019-01-03T16:53:00Z,144.87,144.87,144.62,144.627
2019-01-03T16:54:00Z,144.63,144.95,144.62,144.85
2019-01-03T16:55:00Z,144.85,144.9298,144.84,144.89
2019-01-03T16:56:00Z,144.885,145,144.5,144.565
2019-01-03T16:57:00Z,144.5601,144.65,144.51,144.6
2019-01-03T16:58:00Z,144.585,144.64,144.38,144.51
2019-01-03T16:59:00Z,144.515,144.75,144.48,144.73
2019-01-03T17:00:00Z,144.7282,144.85,144.66,144.767
2019-01-03T17:01:00Z,144.77,144.95,144.76,144.9347
2019-01-03T17:02:00Z,144.94,145.17,144.77,144.8
2019-01-03T17:03:00Z,144.78,144.86,144.71,144.75
2019-01-03T17:04:00Z,144.75,144.9,144.7001,144.89
2019-01-03T17:05:00Z,144.9,144.94,144.76,144.8802
2019-01-03T17:06:00Z,144.905,145.07,144.7701,144.85
2019-01-03T17:07:00Z,144.85,144.86,144.72,144.8215
2019-01-03T17:08:00Z,144.83,144.861,144.7,144.8593
2019-01-03T17:09:00Z,144.86,145.08,144.86,145.055
2019-01-03T17:10:00Z,145.0625,145.26,145.01,145.018
2019-01-03T17:11:00Z,145.01,145.35,145.01,145.33
2019-01-03T17:12:00Z,145.31,145.58,145.26,145.53
2019-01-03T17:13:00Z,145.575,145.72,145.5,145.7018
2019-01-03T17:14:00Z,145.7,145.72,145.34,145.401
2019-01-03T17:15:00Z,145.42,145.68,145.42,145.44
2019-01-03T17:16:00Z,145.4302,145.4435,145,145.04
2019-01-03T17:17:00Z,145.034,145.09,144.95,145.03
2019-01-03T17:18:00Z,145.0416,145.08,144.7,144.801
2019-01-03T17:19:00Z,144.8001,144.98,144.8,144.9498
2019-01-03T17:20:00Z,144.93,145.0042,144.63,144.72
2019-01-03T17:21:00Z,144.73,144.75,144.6201,144.6705
2019-01-03T17:22:00Z,144.6798,144.865,144.66,144.85
2019-01-03T17:23:00Z,144.86,145.04,144.8574,145.0111
2019-01-03T17:24:00Z,145.0193,145.05,145,145.01
2019-01-03T17:25:00Z,145.01,145.07,144.7,144.7176
2019-01-03T17:26:00Z,144.7188,144.97,144.71,144.97
2019-01-03T17:27:00Z,144.97,145.05,144.79,145.0401
2019-01-03T17:28:00Z,145.045,145.17,145.045,145.1299
2019-01-03T17:29:00Z,145.1276,145.19,144.98,145.0001
2019-01-03T17:30:00Z,145.01,145.16,144.89,145.14
2019-01-03T17:31:00Z,145.14,145.29,144.9404,145.0494
2019-01-03T17:32:00Z,145.0201,145.1,145,145.0792
2019-01-03T17:33:00Z,145.0692,145.2,144.94,144.94
2019-01-03T17:34:00Z,144.9453,145.13,144.93,145.07
2019-01-03T17:35:00Z,145.07,145.07,144.65,144.67
2019-01-03T17:36:00Z,144.6985,144.74,144.5,144.5
2019-01-03T17:37:00Z,144.5059,144.95,144.42,144.78
2019-01-03T17:38:00Z,144.792,144.798,144.5437,144.5807
2019-01-03T17:39:00Z,144.58,144.74,144.57,144.74
2019-01-03T17:40:00Z,144.74,144.77,144.62,144.62
2019-01-03T17:41:00Z,144.6147,144.66,144.55,144.585
2019-01-03T17:42:00Z,144.59,144.59,144.5,144.58
2019-01-03T17:43:00Z,144.5832,144.6,144.52,144.5833
2019-01-03T17:44:00Z,144.5844,144.68,144.53,144.62
2019-01-03T17:45:00Z,144.6156,144.799,144.612,144.65
2019-01-03T17:46:00Z,144.65,144.82,144.5549,144.8148
2019-01-03T17:47:00Z,144.815,144.84,144.6701,144.765
2019-01-03T17:48:00Z,144.77,144.94,144.77,144.94
2019-01-03T17:49:00Z,144.94,144.97,144.87,144.94
2019-01-03T17:50:00Z,144.95,144.95,144.835,144.8858
2019-01-03T17:51:00Z,144.88,144.96,144.87,144.945
2019-01-03T17:52:00Z,144.945,145.23,144.945,145.1402
2019-01-03T17:53:00Z,145.14,145.23,145.06,145.19
2019-01-03T17:54:00Z,145.19,145.25,145.16,145.2063
2019-01-03T17:55:00Z,145.2101,145.37,145.1607,145.2099
2019-01-03T17:56:00Z,145.1965,145.22,145.0317,145.099
2019-01-03T17:57:00Z,145.1,145.2,145.0901,145.1735
2019-01-03T17:58:00Z,145.18,145.1865,145,145.09
2019-01-03T17:59:00Z,145.0681,145.18,145.04,145.04
2019-01-03T18:00:00Z,145.01,145.0504,144.9301,144.95
2019-01-03T18:01:00Z,144.945,145.13,144.94,145.1126
2019-01-03T18:02:00Z,145.115,145.1708,145.0112,145.025
2019-01-03T18:03:00Z,145.0201,145.0201,144.82,144.8301
2019-01-03T18:04:00Z,144.83,144.92,144.78,144.9131
2019-01-03T18:05:00Z,144.91,145.14,144.9,145.1088
2019-01-03T18:06:00Z,145.1099,145.14,144.84,144.89
2019-01-03T18:07:00Z,144.87,145.06,144.84,144.9636
2019-01-03T18:08:00Z,144.95,144.95,144.8768,144.91
2019-01-03T18:09:00Z,144.89,144.9861,144.89,144.96
2019-01-03T18:10:00Z,144.96,145.05,144.76,144.865
2019-01-03T18:11:00Z,144.8636,144.95,144.82,144.95
2019-01-03T18:12:00Z,144.95,145.13,144.92,144.93
2019-01-03T18:13:00Z,144.9429,145.0152,144.9429,145
2019-01-03T18:14:00Z,145,145.04,144.9402,145.0354
2019-01-03T18:15:00Z,145.0202,145.03,144.7,144.7
2019-01-03T18:16:00Z,144.71,144.72,144.6,144.693
2019-01-03T18:17:00Z,144.69,144.69,144.44,144.4492
2019-01-03T18:18:00Z,144.45,144.515,144.22,144.2625
2019-01-03T18:19:00Z,144.265,144.27,144.1,144.1
2019-01-03T18:20:00Z,144.09,144.35,144.08,144.25
2019-01-03T18:21:00Z,144.25,144.4021,144.18,144.3532
2019-01-03T18:22:00Z,144.35,144.4099,144.25,144.27
2019-01-03T18:23:00Z,144.27,144.45,144.265,144.4001
2019-01-03T18:24:00Z,144.4,144.4,144.31,144.3271
2019-01-03T18:25:00Z,144.3201,144.41,144.2799,144.375
2019-01-03T18:26:00Z,144.3734,144.38,144.22,144.27
2019-01-03T18:27:00Z,144.28,144.35,144.2101,144.26
2019-01-03T18:28:00Z,144.26,144.275,144.01,144.115
2019-01-03T18:29:00Z,144.1165,144.28,144.1,144.2405
2019-01-03T18:30:00Z,144.24,144.24,144.15,144.2042
2019-01-03T18:31:00Z,144.2046,144.28,144.17,144.2601
2019-01-03T18:32:00Z,144.2641,144.2688,144.02,144.028
2019-01-03T18:33:00Z,144.0224,144.08,144,144.07
2019-01-03T18:34:00Z,144.07,144.1,143.86,143.8899
2019-01-03T18:35:00Z,143.8894,143.95,143.66,143.77
2019-01-03T18:36:00Z,143.77,144.0937,143.7411,144.0937
2019-01-03T18:37:00Z,144.1,144.28,144.03,144.272
2019-01-03T18:38:00Z,144.265,144.28,144.02,144.0344
2019-01-03T18:39:00Z,144.04,144.2698,144.03,144.25
2019-01-03T18:40:00Z,144.25,144.25,144.13,144.14
2019-01-03T18:41:00Z,144.13,144.2111,144.11,144.13
2019-01-03T18:42:00Z,144.1201,144.28,144.1201,144.26
2019-01-03T18:43:00Z,144.27,144.29,144.15,144.18
2019-01-03T18:44:00Z,144.2,144.35,144.1901,144.26
2019-01-03T18:45:00Z,144.28,144.3,143.93,143.9702
2019-01-03T18:46:00Z,143.97,143.98,143.83,143.8365
2019-01-03T18:47:00Z,143.84,143.9149,143.8,143.85
2019-01-03T18:48:00Z,143.85,143.85,143.66,143.66
2019-01-03T18:49:00Z,143.664,143.7,143.52,143.555
2019-01-03T18:50:00Z,143.5572,143.6,143.54,143.57
2019-01-03T18:51:00Z,143.5659,143.6,143.5133,143.57
2019-01-03T18:52:00Z,143.58,143.58,143.31,143.33
2019-01-03T18:53:00Z,143.325,143.41,143.28,143.31
2019-01-03T18:54:00Z,143.31,143.32,143.16,143.16
2019-01-03T18:55:00Z,143.165,143.26,143.15,143.19
2019-01-03T18:56:00Z,143.1968,143.22,143.07,143.0748
2019-01-03T18:57:00Z,143.08,143.16,143.03,143.04
2019-01-03T18:58:00Z,143.05,143.05,142.9,142.9201
2019-01-03T18:59:00Z,142.925,143.02,142.92,142.96
2019-01-03T19:00:00Z,142.95,143,142.83,142.9884
2019-01-03T19:01:00Z,142.9836,143.14,142.93,143.0736
2019-01-03T19:02:00Z,143.0754,143.28,143,143.2
2019-01-03T19:03:00Z,143.2,143.2682,143.07,143.22
2019-01-03T19:04:00Z,143.22,143.23,143.0801,143.13
2019-01-03T19:05:00Z,143.1352,143.28,143.12,143.201
2019-01-03T19:06:00Z,143.21,143.38,143.19,143.365
2019-01-03T19:07:00Z,143.38,143.47,143.28,143.36
2019-01-03T19:08:00Z,143.3728,143.4233,143.21,143.21
2019-01-03T19:09:00Z,143.2297,143.282,143.1501,143.261
2019-01-03T19:10:00Z,143.2581,143.4,143.17,143.4
2019-01-03T19:11:00Z,143.39,143.42,143.271,143.3381
2019-01-03T19:12:00Z,143.3386,143.38,143.26,143.26
2019-01-03T19:13:00Z,143.261,143.3635,143.2,143.2753
2019-01-03T19:14:00Z,143.27,143.38,143.2,143.205
2019-01-03T19:15:00Z,143.2,143.2734,143.12,143.2569
2019-01-03T19:16:00Z,143.25,143.25,143.04,143.05
2019-01-03T19:17:00Z,143.0533,143.19,143.05,143.1641
2019-01-03T19:18:00Z,143.17,143.25,143.14,143.18
2019-01-03T19:19:00Z,143.18,143.34,143.18,143.2901
2019-01-03T19:20:00Z,143.295,143.3,143.14,143.2225
2019-01-03T19:21:00Z,143.21,143.31,143.16,143.2928
2019-01-03T19:22:00Z,143.3,143.34,143.2501,143.34
2019-01-03T19:23:00Z,143.325,143.34,143.2162,143.22
2019-01-03T19:24:00Z,143.22,143.2601,143.15,143.2177
2019-01-03T19:25:00Z,143.2175,143.22,143.11,143.1159
2019-01-03T19:26:00Z,143.11,143.12,143.01,143.06
2019-01-03T19:27:00Z,143.06,143.2,143.05,143.185
2019-01-03T19:28:00Z,143.18,143.43,143.16,143.42
2019-01-03T19:29:00Z,143.427,143.65,143.38,143.62
2019-01-03T19:30:00Z,143.6152,143.97,143.6152,143.86
2019-01-03T19:31:00Z,143.856,143.96,143.7601,143.7858
2019-01-03T19:32:00Z,143.78,143.79,143.55,143.5599
2019-01-03T19:33:00Z,143.56,143.69,143.56,143.658
2019-01-03T19:34:00Z,143.6529,143.7,143.55,143.68
2019-01-03T19:35:00Z,143.6799,143.779,143.51,143.54
2019-01-03T19:36:00Z,143.5378,143.55,143.45,143.5041
2019-01-03T19:37:00Z,143.5036,143.6,143.4548,143.46
2019-01-03T19:38:00Z,143.47,143.64,143.462,143.64
2019-01-03T19:39:00Z,143.64,143.76,143.6,143.6
2019-01-03T19:40:00Z,143.6,143.66,143.5,143.5
2019-01-03T19:41:00Z,143.507,143.53,143.47,143.5001
2019-01-03T19:42:00Z,143.51,143.529,143.47,143.4702
2019-01-03T19:43:00Z,143.475,143.48,143.3001,143.34
2019-01-03T19:44:00Z,143.3329,143.38,143.2,143.21
2019-01-03T19:45:00Z,143.2059,143.21,143.1168,143.13
2019-01-03T19:46:00Z,143.1205,143.13,143,143.021
2019-01-03T19:47:00Z,143.03,143.12,142.95,142.98
2019-01-03T19:48:00Z,142.961,143.07,142.95,142.955
2019-01-03T19:49:00Z,142.95,142.95,142.85,142.94
2019-01-03T19:50:00Z,142.929,143.04,142.91,142.99
2019-01-03T19:51:00Z,142.981,143.01,142.9501,143
2019-01-03T19:52:00Z,142.9801,143.04,142.9442,143.03
2019-01-03T19:53:00Z,143.03,143.07,142.93,142.9301
2019-01-03T19:54:00Z,142.94,142.99,142.81,142.8225
2019-01-03T19:55:00Z,142.8201,142.84,142.55,142.665
2019-01-03T19:56:00Z,142.6648,142.72,142.5,142.5099
2019-01-03T19:57:00Z,142.5033,142.68,142.5,142.596
2019-01-03T19:58:00Z,142.595,142.76,142.58,142.71
2019-01-03T19:59:00Z,142.72,142.74,142.58,142.624
