2017-04-13T13:30:00Z,141.84,141.94,141.62,141.8725
2017-04-13T13:31:00Z,141.85,141.99,141.74,141.95
2017-04-13T13:32:00Z,141.94,141.94,141.7521,141.8
2017-04-13T13:33:00Z,141.78,141.79,141.56,141.6305
2017-04-13T13:34:00Z,141.65,141.7,141.5595,141.6898
2017-04-13T13:35:00Z,141.68,141.71,141.5801,141.7
2017-04-13T13:36:00Z,141.71,141.84,141.7,141.7804
2017-04-13T13:37:00Z,141.78,141.82,141.73,141.7714
2017-04-13T13:38:00Z,141.78,141.78,141.7,141.75
2017-04-13T13:39:00Z,141.75,141.8,141.71,141.79
2017-04-13T13:40:00Z,141.77,141.77,141.58,141.65
2017-04-13T13:41:00Z,141.63,141.73,141.63,141.66
2017-04-13T13:42:00Z,141.67,141.73,141.64,141.645
2017-04-13T13:43:00Z,141.66,141.72,141.58,141.62
2017-04-13T13:44:00Z,141.6305,141.76,141.63,141.71
2017-04-13T13:45:00Z,141.725,141.725,141.66,141.7
2017-04-13T13:46:00Z,141.6775,141.77,141.6775,141.7
2017-04-13T13:47:00Z,141.7,141.73,141.67,141.7
2017-04-13T13:48:00Z,141.7,141.825,141.7,141.7795
2017-04-13T13:49:00Z,141.78,141.79,141.75,141.75
2017-04-13T13:50:00Z,141.76,141.77,141.71,141.76
2017-04-13T13:51:00Z,141.7653,141.92,141.7653,141.84
2017-04-13T13:52:00Z,141.845,142.075,141.84,142.07
2017-04-13T13:53:00Z,142.075,142.1,141.97,142
2017-04-13T13:54:00Z,141.9963,141.9963,141.94,141.97
2017-04-13T13:55:00Z,141.96,141.99,141.9,141.9
2017-04-13T13:56:00Z,141.91,141.99,141.9,141.96
2017-04-13T13:57:00Z,141.95,142.05,141.95,142.04
2017-04-13T13:58:00Z,142.03,142.13,142.03,142.09
2017-04-13T13:59:00Z,142.08,142.08,141.953,141.9859
2017-04-13T14:00:00Z,141.99,142.095,141.9873,142.04
2017-04-13T14:01:00Z,142.04,142.11,142.02,142.1041
2017-04-13T14:02:00Z,142.1028,142.22,142.09,142.18
2017-04-13T14:03:00Z,142.17,142.18,142.13,142.18
2017-04-13T14:04:00Z,142.18,142.2,142.136,142.19
2017-04-13T14:05:00Z,142.19,142.22,142.14,142.21
2017-04-13T14:06:00Z,142.22,142.22,142.13,142.15
2017-04-13T14:07:00Z,142.1499,142.15,142.0874,142.1067
2017-04-13T14:08:00Z,142.1,142.12,142.06,142.08
2017-04-13T14:09:00Z,142.08,142.14,142.08,142.11
2017-04-13T14:10:00Z,142.11,142.11,142.05,142.0955
2017-04-13T14:11:00Z,142.09,142.14,142.08,142.1201
2017-04-13T14:12:00Z,142.1249,142.19,142.12,142.1764
2017-04-13T14:13:00Z,142.1799,142.2,142.14,142.15
2017-04-13T14:14:00Z,142.1475,142.15,142.11,142.13
2017-04-13T14:15:00Z,142.13,142.145,142.1,142.1301
2017-04-13T14:16:00Z,142.12,142.1484,142.1099,142.14
2017-04-13T14:17:00Z,142.13,142.1793,142.13,142.16
2017-04-13T14:18:00Z,142.155,142.1601,142.096,142.12
2017-04-13T14:19:00Z,142.12,142.15,142.09,142.11
2017-04-13T14:20:00Z,142.11,142.12,142,142.03
2017-04-13T14:21:00Z,142.0384,142.06,142.01,142.06
2017-04-13T14:22:00Z,142.06,142.1299,142.05,142.09
2017-04-13T14:23:00Z,142.09,142.14,142.09,142.12
2017-04-13T14:24:00Z,142.12,142.18,142.1101,142.14
2017-04-13T14:25:00Z,142.14,142.19,142.13,142.15
2017-04-13T14:26:00Z,142.14,142.18,142.13,142.17
2017-04-13T14:27:00Z,142.17,142.1769,142.12,142.12
2017-04-13T14:28:00Z,142.12,142.1469,142.08,142.08
2017-04-13T14:29:00Z,142.08,142.12,142.06,142.09
2017-04-13T14:30:00Z,142.0993,142.11,142.05,142.07
2017-04-13T14:31:00Z,142.07,142.149,142.07,142.1
2017-04-13T14:32:00Z,142.1,142.15,142.09,142.125
2017-04-13T14:33:00Z,142.13,142.15,142.0942,142.1424
2017-04-13T14:34:00Z,142.14,142.1758,142.13,142.13
2017-04-13T14:35:00Z,142.13,142.1499,142.12,142.1399
2017-04-13T14:36:00Z,142.14,142.18,142.14,142.14
2017-04-13T14:37:00Z,142.1442,142.17,142.13,142.135
2017-04-13T14:38:00Z,142.1369,142.1958,142.12,142.19
2017-04-13T14:39:00Z,142.1892,142.2,142.17,142.18
2017-04-13T14:40:00Z,142.19,142.19,142.14,142.15
2017-04-13T14:41:00Z,142.14,142.17,142.13,142.1601
2017-04-13T14:42:00Z,142.16,142.1769,142.14,142.1769
2017-04-13T14:43:00Z,142.18,142.19,142.15,142.15
2017-04-13T14:44:00Z,142.15,142.2,142.14,142.19
2017-04-13T14:45:00Z,142.19,142.2298,142.18,142.22
2017-04-13T14:46:00Z,142.215,142.255,142.19,142.24
2017-04-13T14:47:00Z,142.24,142.27,142.17,142.195
2017-04-13T14:48:00Z,142.2,142.2,142.11,142.14
2017-04-13T14:49:00Z,142.14,142.15,142.11,142.14
2017-04-13T14:50:00Z,142.14,142.17,142.11,142.16
2017-04-13T14:51:00Z,142.17,142.18,142.121,142.15
2017-04-13T14:52:00Z,142.156,142.17,142.12,142.1242
2017-04-13T14:53:00Z,142.12,142.13,142.0592,142.13
2017-04-13T14:54:00Z,142.14,142.18,142.13,142.16
2017-04-13T14:55:00Z,142.165,142.19,142.165,142.18
2017-04-13T14:56:00Z,142.175,142.24,142.175,142.24
2017-04-13T14:57:00Z,142.23,142.31,142.2236,142.31
2017-04-13T14:58:00Z,142.3,142.34,142.23,142.26
2017-04-13T14:59:00Z,142.25,142.28,142.22,142.27
2017-04-13T15:00:00Z,142.27,142.34,142.27,142.299
2017-04-13T15:01:00Z,142.3,142.36,142.3,142.32
2017-04-13T15:02:00Z,142.31,142.375,142.31,142.36
2017-04-13T15:03:00Z,142.37,142.38,142.3343,142.335
2017-04-13T15:04:00Z,142.34,142.35,142.28,142.32
2017-04-13T15:05:00Z,142.31,142.31,142.2743,142.2933
2017-04-13T15:06:00Z,142.3,142.3501,142.285,142.3501
2017-04-13T15:07:00Z,142.35,142.35,142.27,142.28
2017-04-13T15:08:00Z,142.275,142.3,142.27,142.3
2017-04-13T15:09:00Z,142.3,142.31,142.2857,142.305
2017-04-13T15:10:00Z,142.305,142.3099,142.26,142.29
2017-04-13T15:11:00Z,142.2899,142.315,142.27,142.3
2017-04-13T15:12:00Z,142.3,142.31,142.26,142.2998
2017-04-13T15:13:00Z,142.29,142.3,142.215,142.24
2017-04-13T15:14:00Z,142.25,142.27,142.23,142.23
2017-04-13T15:15:00Z,142.24,142.245,142.22,142.22
2017-04-13T15:16:00Z,142.22,142.225,142.11,142.11
2017-04-13T15:17:00Z,142.13,142.16,142.12,142.15
2017-04-13T15:18:00Z,142.16,142.21,142.1447,142.18
2017-04-13T15:19:00Z,142.185,142.22,142.17,142.21
2017-04-13T15:20:00Z,142.2,142.2125,142.16,142.2
2017-04-13T15:21:00Z,142.2,142.25,142.19,142.24
2017-04-13T15:22:00Z,142.2331,142.27,142.22,142.26
2017-04-13T15:23:00Z,142.27,142.29,142.24,142.29
2017-04-13T15:24:00Z,142.29,142.32,142.28,142.303
2017-04-13T15:25:00Z,142.3,142.34,142.28,142.3301
2017-04-13T15:26:00Z,142.34,142.3401,142.28,142.28
2017-04-13T15:27:00Z,142.28,142.33,142.28,142.3
2017-04-13T15:28:00Z,142.31,142.33,142.3,142.31
2017-04-13T15:29:00Z,142.319,142.33,142.28,142.302
2017-04-13T15:30:00Z,142.3,142.3053,142.25,142.3053
2017-04-13T15:31:00Z,142.3,142.3001,142.26,142.28
2017-04-13T15:32:00Z,142.27,142.2757,142.25,142.26
2017-04-13T15:33:00Z,142.265,142.27,142.23,142.26
2017-04-13T15:34:00Z,142.2607,142.2866,142.25,142.2866
2017-04-13T15:35:00Z,142.295,142.3,142.26,142.3
2017-04-13T15:36:00Z,142.3,142.32,142.2916,142.2916
2017-04-13T15:37:00Z,142.29,142.29,142.27,142.285
2017-04-13T15:38:00Z,142.2825,142.3,142.28,142.2857
2017-04-13T15:39:00Z,142.285,142.32,142.24,142.24
2017-04-13T15:40:00Z,142.24,142.27,142.2,142.21
2017-04-13T15:41:00Z,142.22,142.2299,142.2,142.2299
2017-04-13T15:42:00Z,142.22,142.22,142.18,142.19
2017-04-13T15:43:00Z,142.19,142.22,142.161,142.2199
2017-04-13T15:44:00Z,142.21,142.21,142.18,142.19
2017-04-13T15:45:00Z,142.2,142.2,142.18,142.18
2017-04-13T15:46:00Z,142.17,142.21,142.17,142.201
2017-04-13T15:47:00Z,142.205,142.22,142.19,142.2
2017-04-13T15:48:00Z,142.2,142.25,142.2,142.21
2017-04-13T15:49:00Z,142.2,142.21,142.155,142.1566
2017-04-13T15:50:00Z,142.15,142.17,142.12,142.15
2017-04-13T15:51:00Z,142.16,142.19,142.15,142.18
2017-04-13T15:52:00Z,142.18,142.21,142.18,142.2053
2017-04-13T15:53:00Z,142.21,142.27,142.21,142.25
2017-04-13T15:54:00Z,142.25,142.3,142.25,142.27
2017-04-13T15:55:00Z,142.28,142.3,142.275,142.29
2017-04-13T15:56:00Z,142.29,142.295,142.2225,142.25
2017-04-13T15:57:00Z,142.24,142.25,142.1999,142.21
2017-04-13T15:58:00Z,142.21,142.24,142.2,142.218
2017-04-13T15:59:00Z,142.2,142.2,142.1725,142.18
2017-04-13T16:00:00Z,142.18,142.1899,142.13,142.17
2017-04-13T16:01:00Z,142.1699,142.19,142.14,142.15
2017-04-13T16:02:00Z,142.16,142.17,142.11,142.127
2017-04-13T16:03:00Z,142.12,142.15,142.1047,142.1416
2017-04-13T16:04:00Z,142.1441,142.18,142.13,142.15
2017-04-13T16:05:00Z,142.1557,142.18,142.03,142.03
2017-04-13T16:06:00Z,142.03,142.0787,142.015,142.0743
2017-04-13T16:07:00Z,142.08,142.109,142.06,142.08
2017-04-13T16:08:00Z,142.0732,142.12,142.05,142.0772
2017-04-13T16:09:00Z,142.07,142.09,142.03,142.08
2017-04-13T16:10:00Z,142.08,142.0856,142.04,142.05
2017-04-13T16:11:00Z,142.05,142.0528,142.02,142.02
2017-04-13T16:12:00Z,142.0285,142.1,142.01,142.1
2017-04-13T16:13:00Z,142.09,142.11,142.052,142.052
2017-04-13T16:14:00Z,142.07,142.07,142.03,142.03
2017-04-13T16:15:00Z,142.03,142.0664,141.97,142.06
2017-04-13T16:16:00Z,142.06,142.085,142.04,142.04
2017-04-13T16:17:00Z,142.03,142.07,142.02,142.06
2017-04-13T16:18:00Z,142.07,142.085,142.02,142.06
2017-04-13T16:19:00Z,142.06,142.07,142.0208,142.07
2017-04-13T16:20:00Z,142.07,142.08,142.0266,142.04
2017-04-13T16:21:00Z,142.04,142.0475,141.99,142.01
2017-04-13T16:22:00Z,142.01,142.03,142,142.025
2017-04-13T16:23:00Z,142.02,142.04,142.01,142.01
2017-04-13T16:24:00Z,142,142,141.95,141.9599
2017-04-13T16:25:00Z,141.959,142.03,141.94,142
2017-04-13T16:26:00Z,141.99,142.01,141.98,142.01
2017-04-13T16:27:00Z,142.0044,142.0044,141.96,141.96
2017-04-13T16:28:00Z,141.96,142.01,141.95,142.01
2017-04-13T16:29:00Z,142.01,142.04,141.99,142.02
2017-04-13T16:30:00Z,142.03,142.0882,142.03,142.0801
2017-04-13T16:31:00Z,142.08,142.1,142.05,142.09
2017-04-13T16:32:00Z,142.09,142.14,142.09,142.13
2017-04-13T16:33:00Z,142.13,142.14,142.0942,142.14
2017-04-13T16:34:00Z,142.14,142.145,142.08,142.09
2017-04-13T16:35:00Z,142.09,142.13,142.09,142.13
2017-04-13T16:36:00Z,142.13,142.14,142.1,142.1134
2017-04-13T16:37:00Z,142.11,142.12,142.0657,142.09
2017-04-13T16:38:00Z,142.1,142.11,142.07,142.08
2017-04-13T16:39:00Z,142.07,142.11,142.065,142.11
2017-04-13T16:40:00Z,142.11,142.12,142.0389,142.05
2017-04-13T16:41:00Z,142.05,142.07,142.02,142.06
2017-04-13T16:42:00Z,142.04,142.05,142,142.02
2017-04-13T16:43:00Z,142.01,142.06,142.01,142.04
2017-04-13T16:44:00Z,142.03,142.04,141.98,142.01
2017-04-13T16:45:00Z,142.01,142.01,141.93,141.99
2017-04-13T16:46:00Z,141.98,141.99,141.96,141.97
2017-04-13T16:47:00Z,141.97,141.97,141.95,141.95
2017-04-13T16:48:00Z,141.9497,141.955,141.86,141.91
2017-04-13T16:49:00Z,141.92,141.93,141.9,141.91
2017-04-13T16:50:00Z,141.91,141.995,141.9047,141.97
2017-04-13T16:51:00Z,141.96,141.99,141.95,141.95
2017-04-13T16:52:00Z,141.9638,142.01,141.95,141.9544
2017-04-13T16:53:00Z,141.96,141.98,141.94,141.97
2017-04-13T16:54:00Z,141.97,141.99,141.94,141.96
2017-04-13T16:55:00Z,141.96,141.97,141.9,141.91
2017-04-13T16:56:00Z,141.91,141.93,141.88,141.91
2017-04-13T16:57:00Z,141.9172,141.93,141.86,141.88
2017-04-13T16:58:00Z,141.87,141.94,141.85,141.93
2017-04-13T16:59:00Z,141.94,141.98,141.91,141.92
2017-04-13T17:00:00Z,141.93,141.95,141.871,141.9
2017-04-13T17:01:00Z,141.9,141.9,141.82,141.82
2017-04-13T17:02:00Z,141.82,141.88,141.82,141.8757
2017-04-13T17:03:00Z,141.88,141.9,141.85,141.8735
2017-04-13T17:04:00Z,141.8773,141.8773,141.77,141.79
2017-04-13T17:05:00Z,141.79,141.8099,141.68,141.69
2017-04-13T17:06:00Z,141.69,141.75,141.69,141.701
2017-04-13T17:07:00Z,141.72,141.72,141.64,141.6914
2017-04-13T17:08:00Z,141.7,141.7,141.61,141.6498
2017-04-13T17:09:00Z,141.64,141.71,141.59,141.6886
2017-04-13T17:10:00Z,141.691,141.76,141.691,141.7464
2017-04-13T17:11:00Z,141.75,141.78,141.74,141.7428
2017-04-13T17:12:00Z,141.74,141.7697,141.73,141.74
2017-04-13T17:13:00Z,141.75,141.755,141.71,141.71
2017-04-13T17:14:00Z,141.71,141.77,141.65,141.76
2017-04-13T17:15:00Z,141.75,141.775,141.7489,141.77
2017-04-13T17:16:00Z,141.77,141.7764,141.7044,141.71
2017-04-13T17:17:00Z,141.71,141.73,141.7,141.73
2017-04-13T17:18:00Z,141.74,141.7774,141.73,141.7543
2017-04-13T17:19:00Z,141.75,141.78,141.73,141.7643
2017-04-13T17:20:00Z,141.77,141.78,141.73,141.73
2017-04-13T17:21:00Z,141.7399,141.75,141.7,141.725
2017-04-13T17:22:00Z,141.73,141.76,141.725,141.7525
2017-04-13T17:23:00Z,141.76,141.77,141.74,141.7593
2017-04-13T17:24:00Z,141.7501,141.7547,141.7067,141.7225
2017-04-13T17:25:00Z,141.72,141.74,141.7147,141.73
2017-04-13T17:26:00Z,141.74,141.8001,141.74,141.8001
2017-04-13T17:27:00Z,141.8,141.86,141.785,141.86
2017-04-13T17:28:00Z,141.86,142.13,141.83,141.85
2017-04-13T17:29:00Z,141.8442,141.9,141.84,141.87
2017-04-13T17:30:00Z,141.8742,141.8833,141.86,141.88
2017-04-13T17:31:00Z,141.8899,141.92,141.88,141.91
2017-04-13T17:32:00Z,141.91,141.97,141.9025,141.97
2017-04-13T17:33:00Z,141.97,141.98,141.94,141.94
2017-04-13T17:34:00Z,141.9401,141.95,141.89,141.9175
2017-04-13T17:35:00Z,141.9172,141.94,141.89,141.93
2017-04-13T17:36:00Z,141.923,141.925,141.895,141.915
2017-04-13T17:37:00Z,141.925,141.95,141.91,141.93
2017-04-13T17:38:00Z,141.9275,141.95,141.91,141.91
2017-04-13T17:39:00Z,141.9146,141.9327,141.91,141.91
2017-04-13T17:40:00Z,141.9158,141.9246,141.86,141.89
2017-04-13T17:41:00Z,141.88,141.88,141.84,141.87
2017-04-13T17:42:00Z,141.87,141.88,141.81,141.87
2017-04-13T17:43:00Z,141.88,141.905,141.87,141.87
2017-04-13T17:44:00Z,141.875,141.9,141.82,141.82
2017-04-13T17:45:00Z,141.82,141.82,141.79,141.8161
2017-04-13T17:46:00Z,141.81,141.82,141.72,141.72
2017-04-13T17:47:00Z,141.71,141.73,141.66,141.6717
2017-04-13T17:48:00Z,141.68,141.749,141.6701,141.69
2017-04-13T17:49:00Z,141.69,141.705,141.68,141.68
2017-04-13T17:50:00Z,141.6843,141.71,141.66,141.7
2017-04-13T17:51:00Z,141.7037,141.76,141.7,141.76
2017-04-13T17:52:00Z,141.7586,141.79,141.75,141.76
2017-04-13T17:53:00Z,141.76,141.76,141.72,141.74
2017-04-13T17:54:00Z,141.755,141.755,141.73,141.7442
2017-04-13T17:55:00Z,141.7411,141.7572,141.71,141.71
2017-04-13T17:56:00Z,141.71,141.7279,141.68,141.715
2017-04-13T17:57:00Z,141.72,141.74,141.7101,141.725
2017-04-13T17:58:00Z,141.725,141.74,141.7,141.72
2017-04-13T17:59:00Z,141.72,141.72,141.68,141.7
2017-04-13T18:00:00Z,141.7,141.82,141.7,141.82
2017-04-13T18:01:00Z,141.82,141.8246,141.76,141.789
2017-04-13T18:02:00Z,141.78,141.79,141.71,141.71
2017-04-13T18:03:00Z,141.71,141.78,141.71,141.7749
2017-04-13T18:04:00Z,141.78,141.86,141.78,141.8192
2017-04-13T18:05:00Z,141.81,141.88,141.8001,141.88
2017-04-13T18:06:00Z,141.88,141.98,141.88,141.9101
2017-04-13T18:07:00Z,141.9192,141.955,141.91,141.93
2017-04-13T18:08:00Z,141.94,141.94,141.9,141.91
2017-04-13T18:09:00Z,141.92,141.93,141.89,141.9035
2017-04-13T18:10:00Z,141.8964,141.95,141.89,141.9221
2017-04-13T18:11:00Z,141.92,141.92,141.86,141.8941
2017-04-13T18:12:00Z,141.8901,141.9,141.866,141.8717
2017-04-13T18:13:00Z,141.88,141.89,141.831,141.86
2017-04-13T18:14:00Z,141.86,141.88,141.815,141.83
2017-04-13T18:15:00Z,141.84,141.86,141.79,141.83
2017-04-13T18:16:00Z,141.8342,141.84,141.79,141.81
2017-04-13T18:17:00Z,141.8128,141.93,141.81,141.88
2017-04-13T18:18:00Z,141.89,141.899,141.8635,141.8654
2017-04-13T18:19:00Z,141.87,141.92,141.87,141.92
2017-04-13T18:20:00Z,141.93,141.94,141.895,141.94
2017-04-13T18:21:00Z,141.94,141.98,141.9372,141.95
2017-04-13T18:22:00Z,141.96,141.98,141.81,141.843
2017-04-13T18:23:00Z,141.85,141.8665,141.81,141.85
2017-04-13T18:24:00Z,141.85,141.89,141.83,141.8673
2017-04-13T18:25:00Z,141.86,141.92,141.85,141.9142
2017-04-13T18:26:00Z,141.9143,141.95,141.9143,141.95
2017-04-13T18:27:00Z,141.95,141.97,141.88,141.91
2017-04-13T18:28:00Z,141.9047,141.9246,141.89,141.92
2017-04-13T18:29:00Z,141.93,141.94,141.88,141.88
2017-04-13T18:30:00Z,141.8701,141.92,141.86,141.92
2017-04-13T18:31:00Z,141.92,141.96,141.9,141.91
2017-04-13T18:32:00Z,141.91,141.96,141.91,141.96
2017-04-13T18:33:00Z,141.951,141.97,141.93,141.97
2017-04-13T18:34:00Z,141.9634,142.02,141.95,141.95
2017-04-13T18:35:00Z,141.94,141.97,141.94,141.9527
2017-04-13T18:36:00Z,141.96,141.96,141.8784,141.88
2017-04-13T18:37:00Z,141.88,141.94,141.88,141.9343
2017-04-13T18:38:00Z,141.93,141.94,141.87,141.89
2017-04-13T18:39:00Z,141.89,141.9,141.87,141.9
2017-04-13T18:40:00Z,141.91,141.97,141.91,141.97
2017-04-13T18:41:00Z,141.98,141.98,141.93,141.9498
2017-04-13T18:42:00Z,141.94,141.99,141.94,141.98
2017-04-13T18:43:00Z,141.983,142.02,141.983,142.02
2017-04-13T18:44:00Z,142.02,142.03,141.98,141.9828
2017-04-13T18:45:00Z,141.98,141.99,141.967,141.98
2017-04-13T18:46:00Z,141.9847,141.9847,141.9356,141.94
2017-04-13T18:47:00Z,141.94,141.95,141.9,141.92
2017-04-13T18:48:00Z,141.93,141.9464,141.91,141.92
2017-04-13T18:49:00Z,141.92,141.96,141.92,141.92
2017-04-13T18:50:00Z,141.92,141.96,141.9,141.95
2017-04-13T18:51:00Z,141.9547,141.98,141.94,141.98
2017-04-13T18:52:00Z,141.98,141.99,141.91,141.95
2017-04-13T18:53:00Z,141.95,141.95,141.88,141.885
2017-04-13T18:54:00Z,141.8861,141.91,141.8601,141.9
2017-04-13T18:55:00Z,141.905,141.92,141.88,141.9036
2017-04-13T18:56:00Z,141.91,141.95,141.91,141.9447
2017-04-13T18:57:00Z,141.95,141.97,141.94,141.9501
2017-04-13T18:58:00Z,141.9612,141.9612,141.92,141.9512
2017-04-13T18:59:00Z,141.96,142,141.96,141.99
2017-04-13T19:00:00Z,141.99,142.03,141.96,142.02
2017-04-13T19:01:00Z,142.0132,142.03,141.97,141.98
2017-04-13T19:02:00Z,141.98,141.9847,141.95,141.9647
2017-04-13T19:03:00Z,141.96,141.98,141.955,141.96
2017-04-13T19:04:00Z,141.95,141.98,141.94,141.94
2017-04-13T19:05:00Z,141.94,141.94,141.92,141.92
2017-04-13T19:06:00Z,141.9234,141.93,141.915,141.92
2017-04-13T19:07:00Z,141.92,141.93,141.9,141.9201
2017-04-13T19:08:00Z,141.93,141.96,141.92,141.93
2017-04-13T19:09:00Z,141.92,141.92,141.84,141.86
2017-04-13T19:10:00Z,141.85,141.8543,141.7687,141.8001
2017-04-13T19:11:00Z,141.8,141.83,141.75,141.79
2017-04-13T19:12:00Z,141.79,141.85,141.78,141.835
2017-04-13T19:13:00Z,141.83,141.86,141.8,141.82
2017-04-13T19:14:00Z,141.8161,141.84,141.8,141.84
2017-04-13T19:15:00Z,141.84,141.84,141.81,141.8236
2017-04-13T19:16:00Z,141.825,141.865,141.82,141.826
2017-04-13T19:17:00Z,141.83,141.83,141.73,141.81
2017-04-13T19:18:00Z,141.81,141.8412,141.79,141.82
2017-04-13T19:19:00Z,141.82,141.8466,141.789,141.83
2017-04-13T19:20:00Z,141.83,141.89,141.81,141.83
2017-04-13T19:21:00Z,141.83,141.86,141.81,141.82
2017-04-13T19:22:00Z,141.81,141.825,141.76,141.79
2017-04-13T19:23:00Z,141.79,141.8,141.78,141.79
2017-04-13T19:24:00Z,141.795,141.86,141.795,141.84
2017-04-13T19:25:00Z,141.84,141.855,141.8,141.8
2017-04-13T19:26:00Z,141.8147,141.84,141.79,141.82
2017-04-13T19:27:00Z,141.82,141.825,141.76,141.76
2017-04-13T19:28:00Z,141.7588,141.78,141.75,141.7679
2017-04-13T19:29:00Z,141.76,141.79,141.75,141.77
2017-04-13T19:30:00Z,141.75,141.8,141.7275,141.79
2017-04-13T19:31:00Z,141.78,141.78,141.75,141.77
2017-04-13T19:32:00Z,141.76,141.78,141.72,141.72
2017-04-13T19:33:00Z,141.71,141.72,141.67,141.7
2017-04-13T19:34:00Z,141.7,141.72,141.63,141.66
2017-04-13T19:35:00Z,141.66,141.6852,141.5716,141.58
2017-04-13T19:36:00Z,141.575,141.64,141.5688,141.64
2017-04-13T19:37:00Z,141.63,141.63,141.55,141.56
2017-04-13T19:38:00Z,141.56,141.585,141.52,141.53
2017-04-13T19:39:00Z,141.54,141.5699,141.5,141.5
2017-04-13T19:40:00Z,141.5,141.5,141.44,141.48
2017-04-13T19:41:00Z,141.47,141.47,141.36,141.37
2017-04-13T19:42:00Z,141.365,141.5,141.3095,141.469
2017-04-13T19:43:00Z,141.468,141.47,141.41,141.42
2017-04-13T19:44:00Z,141.41,141.41,141.33,141.395
2017-04-13T19:45:00Z,141.39,141.47,141.39,141.465
2017-04-13T19:46:00Z,141.4641,141.53,141.4641,141.51
2017-04-13T19:47:00Z,141.51,141.655,141.5,141.62
2017-04-13T19:48:00Z,141.62,141.64,141.58,141.59
2017-04-13T19:49:00Z,141.59,141.62,141.57,141.58
2017-04-13T19:50:00Z,141.58,141.585,141.4,141.51
2017-04-13T19:51:00Z,141.515,141.53,141.46,141.49
2017-04-13T19:52:00Z,141.5,141.55,141.38,141.4543
2017-04-13T19:53:00Z,141.45,141.455,141.37,141.37
2017-04-13T19:54:00Z,141.37,141.42,141.33,141.35
2017-04-13T19:55:00Z,141.36,141.44,141.355,141.43
2017-04-13T19:56:00Z,141.44,141.46,141.34,141.397
2017-04-13T19:57:00Z,141.39,141.41,141.3,141.3
2017-04-13T19:58:00Z,141.3,141.34,141.19,141.22
2017-04-13T19:59:00Z,141.22,141.3,141.05,141.05
