2018-02-22T13:31:00Z,171.7,171.79,171.7,171.79
2018-02-22T13:32:00Z,171.77,171.8,171.75,171.77
2018-02-22T13:33:00Z,171.8,171.83,171.8,171.83
2018-02-22T13:34:00Z,171.8,171.88,171.8,171.88
2018-02-22T13:35:00Z,171.86,171.9,171.77,171.83
2018-02-22T13:36:00Z,171.79,171.8,171.79,171.8
2018-02-22T13:37:00Z,171.8,171.8,171.8,171.8
2018-02-22T13:39:00Z,171.8,171.8,171.8,171.8
2018-02-22T13:40:00Z,171.81,171.82,171.8,171.82
2018-02-22T13:41:00Z,171.82,171.85,171.82,171.85
2018-02-22T13:42:00Z,171.85,171.85,171.84,171.85
2018-02-22T13:43:00Z,171.81,171.81,171.8,171.8
2018-02-22T13:45:00Z,171.78,171.8,171.78,171.78
2018-02-22T13:46:00Z,171.79,171.79,171.79,171.79
2018-02-22T13:47:00Z,171.78,171.8,171.78,171.8
2018-02-22T13:48:00Z,171.77,171.8,171.77,171.8
2018-02-22T13:49:00Z,171.8,171.8,171.8,171.8
2018-02-22T13:50:00Z,171.79,171.79,171.79,171.79
2018-02-22T13:51:00Z,171.83,171.9,171.83,171.89
2018-02-22T13:52:00Z,171.85,171.9,171.85,171.9
2018-02-22T13:53:00Z,171.9,172.03,171.9,172.03
2018-02-22T13:54:00Z,171.98,172.09,171.98,172.08
2018-02-22T13:55:00Z,172.08,172.16,172.08,172.15
2018-02-22T13:56:00Z,172.09,172.09,172,172.05
2018-02-22T13:57:00Z,172.03,172.03,171.91,171.91
2018-02-22T13:58:00Z,171.95,172,171.95,171.99
2018-02-22T13:59:00Z,172.01,172.01,171.96,171.98
2018-02-22T14:00:00Z,171.96,172.04,171.96,172.04
2018-02-22T14:01:00Z,172,172.03,172,172.03
2018-02-22T14:02:00Z,172.08,172.1,172.07,172.07
2018-02-22T14:03:00Z,172.07,172.07,172.03,172.07
2018-02-22T14:04:00Z,172.07,172.09,172.07,172.07
2018-02-22T14:05:00Z,172.14,172.17,172.14,172.15
2018-02-22T14:06:00Z,172.17,172.26,172.17,172.26
2018-02-22T14:07:00Z,172.21,172.25,172.21,172.25
2018-02-22T14:08:00Z,172.25,172.28,172.23,172.28
2018-02-22T14:09:00Z,172.14,172.19,172.14,172.19
2018-02-22T14:10:00Z,172.17,172.2,172.17,172.2
2018-02-22T14:11:00Z,172.19,172.2,172.1,172.1
2018-02-22T14:12:00Z,172.1,172.14,172.06,172.07
2018-02-22T14:13:00Z,172.11,172.16,172.11,172.16
2018-02-22T14:14:00Z,172.1,172.12,172.05,172.12
2018-02-22T14:15:00Z,172.06,172.07,172.06,172.07
2018-02-22T14:16:00Z,172.06,172.06,172.05,172.05
2018-02-22T14:17:00Z,172.03,172.03,171.97,172
2018-02-22T14:18:00Z,172,172.08,172,172
2018-02-22T14:19:00Z,171.96,171.96,171.9,171.95
2018-02-22T14:20:00Z,171.9,171.97,171.9,171.97
2018-02-22T14:21:00Z,172,172,171.95,171.99
2018-02-22T14:22:00Z,172,172.12,172,172.12
2018-02-22T14:23:00Z,172.01,172.11,172.01,172.09
2018-02-22T14:24:00Z,172.13,172.16,172.09,172.16
2018-02-22T14:25:00Z,172.16,172.16,172.14,172.14
2018-02-22T14:26:00Z,172.14,172.14,172.1,172.1
2018-02-22T14:27:00Z,172.06,172.06,172.03,172.03
2018-02-22T14:28:00Z,172,172.02,171.6,171.7
2018-02-22T14:29:00Z,171.73,171.86,171.73,171.81
2018-02-22T14:30:00Z,171.85,172.25,171.71,171.86
2018-02-22T14:31:00Z,171.85,172.56,171.83,172.39
2018-02-22T14:32:00Z,172.3955,172.9,172.3601,172.84
2018-02-22T14:33:00Z,172.83,172.99,172.76,172.99
2018-02-22T14:34:00Z,172.9714,173.29,172.86,173.24
2018-02-22T14:35:00Z,173.24,173.25,172.93,173.12
2018-02-22T14:36:00Z,173.12,173.125,172.71,172.79
2018-02-22T14:37:00Z,172.8098,172.93,172.65,172.88
2018-02-22T14:38:00Z,172.89,173.1,172.85,173.04
2018-02-22T14:39:00Z,173.04,173.34,173.01,173.2
2018-02-22T14:40:00Z,173.2,173.37,173.12,173.31
2018-02-22T14:41:00Z,173.31,173.33,172.9299,172.93
2018-02-22T14:42:00Z,172.93,173.0398,172.79,172.8918
2018-02-22T14:43:00Z,172.91,172.99,172.87,172.95
2018-02-22T14:44:00Z,172.95,173.01,172.9,173
2018-02-22T14:45:00Z,173,173.05,172.82,172.84
2018-02-22T14:46:00Z,172.85,173,172.8,172.9552
2018-02-22T14:47:00Z,172.96,173.01,172.86,172.8923
2018-02-22T14:48:00Z,172.91,173,172.7,172.87
2018-02-22T14:49:00Z,172.87,172.935,172.75,172.79
2018-02-22T14:50:00Z,172.78,172.79,172.5,172.51
2018-02-22T14:51:00Z,172.5,172.7363,172.46,172.71
2018-02-22T14:52:00Z,172.7,172.75,172.58,172.73
2018-02-22T14:53:00Z,172.7206,172.9,172.7,172.82
2018-02-22T14:54:00Z,172.81,172.9,172.76,172.86
2018-02-22T14:55:00Z,172.84,172.95,172.82,172.8634
2018-02-22T14:56:00Z,172.88,172.95,172.84,172.93
2018-02-22T14:57:00Z,172.93,172.94,172.62,172.635
2018-02-22T14:58:00Z,172.635,172.635,172.3514,172.55
2018-02-22T14:59:00Z,172.55,173.05,172.485,172.7552
2018-02-22T15:00:00Z,172.78,172.89,172.69,172.83
2018-02-22T15:01:00Z,172.84,172.955,172.7964,172.86
2018-02-22T15:02:00Z,172.89,172.91,172.4201,172.71
2018-02-22T15:03:00Z,172.74,172.93,172.69,172.8
2018-02-22T15:04:00Z,172.805,172.89,172.71,172.85
2018-02-22T15:05:00Z,172.85,172.85,172.71,172.72
2018-02-22T15:06:00Z,172.71,172.99,172.71,172.88
2018-02-22T15:07:00Z,172.8799,173.08,172.82,173.06
2018-02-22T15:08:00Z,173.055,173.055,172.955,173.03
2018-02-22T15:09:00Z,173.04,173.045,172.98,173.0264
2018-02-22T15:10:00Z,173.03,173.065,172.97,172.97
2018-02-22T15:11:00Z,172.98,172.99,172.815,172.95
2018-02-22T15:12:00Z,172.95,173.16,172.93,173.11
2018-02-22T15:13:00Z,173.1,173.12,172.95,172.9699
2018-02-22T15:14:00Z,172.98,173.03,172.83,172.8671
2018-02-22T15:15:00Z,172.84,172.99,172.82,172.9399
2018-02-22T15:16:00Z,172.95,173.12,172.95,173.105
2018-02-22T15:17:00Z,173.105,173.1398,172.97,173.06
2018-02-22T15:18:00Z,173.06,173.0885,173.01,173.08
2018-02-22T15:19:00Z,173.07,173.08,172.88,172.89
2018-02-22T15:20:00Z,172.8913,172.99,172.84,172.945
2018-02-22T15:21:00Z,172.94,173.05,172.94,172.99
2018-02-22T15:22:00Z,173,173.025,172.83,172.86
2018-02-22T15:23:00Z,172.87,173.16,172.86,173.16
2018-02-22T15:24:00Z,173.15,173.28,173.05,173.28
2018-02-22T15:25:00Z,173.28,173.32,173.17,173.27
2018-02-22T15:26:00Z,173.27,173.53,173.27,173.4562
2018-02-22T15:27:00Z,173.45,173.5238,173.41,173.5
2018-02-22T15:28:00Z,173.5,173.5258,173.21,173.39
2018-02-22T15:29:00Z,173.3901,173.41,173.25,173.295
2018-02-22T15:30:00Z,173.2901,173.38,173.25,173.3
2018-02-22T15:31:00Z,173.3,173.48,173.3,173.46
2018-02-22T15:32:00Z,173.4599,173.48,173.32,173.41
2018-02-22T15:33:00Z,173.4,173.495,173.35,173.47
2018-02-22T15:34:00Z,173.47,173.5,173.3933,173.42
2018-02-22T15:35:00Z,173.425,173.45,173.3073,173.39
2018-02-22T15:36:00Z,173.39,173.41,173.29,173.405
2018-02-22T15:37:00Z,173.41,173.5,173.4,173.5
2018-02-22T15:38:00Z,173.5,173.655,173.485,173.59
2018-02-22T15:39:00Z,173.59,173.71,173.57,173.7
2018-02-22T15:40:00Z,173.7,173.73,173.51,173.62
2018-02-22T15:41:00Z,173.63,173.709,173.58,173.65
2018-02-22T15:42:00Z,173.66,173.72,173.64,173.67
2018-02-22T15:43:00Z,173.68,173.7,173.6,173.66
2018-02-22T15:44:00Z,173.67,173.67,173.6,173.6412
2018-02-22T15:45:00Z,173.64,173.75,173.64,173.69
2018-02-22T15:46:00Z,173.7,173.88,173.62,173.83
2018-02-22T15:47:00Z,173.82,173.9,173.73,173.8
2018-02-22T15:48:00Z,173.79,173.82,173.71,173.71
2018-02-22T15:49:00Z,173.71,173.74,173.65,173.7
2018-02-22T15:50:00Z,173.71,173.75,173.69,173.71
2018-02-22T15:51:00Z,173.71,173.72,173.57,173.59
2018-02-22T15:52:00Z,173.58,173.66,173.52,173.53
2018-02-22T15:53:00Z,173.54,173.63,173.495,173.5965
2018-02-22T15:54:00Z,173.6,173.7,173.57,173.62
2018-02-22T15:55:00Z,173.62,173.65,173.515,173.5901
2018-02-22T15:56:00Z,173.59,173.625,173.53,173.58
2018-02-22T15:57:00Z,173.58,173.59,173.44,173.46
2018-02-22T15:58:00Z,173.46,173.66,173.44,173.64
2018-02-22T15:59:00Z,173.64,173.64,173.44,173.48
2018-02-22T16:00:00Z,173.4662,173.56,173.46,173.51
2018-02-22T16:01:00Z,173.4957,173.63,173.4901,173.505
2018-02-22T16:02:00Z,173.505,173.61,173.505,173.575
2018-02-22T16:03:00Z,173.59,173.76,173.55,173.74
2018-02-22T16:04:00Z,173.74,173.75,173.67,173.69
2018-02-22T16:05:00Z,173.69,173.85,173.69,173.79
2018-02-22T16:06:00Z,173.81,173.87,173.8,173.86
2018-02-22T16:07:00Z,173.86,173.89,173.83,173.89
2018-02-22T16:08:00Z,173.9,173.9,173.78,173.85
2018-02-22T16:09:00Z,173.8401,173.89,173.7601,173.7688
2018-02-22T16:10:00Z,173.76,173.8134,173.7501,173.8
2018-02-22T16:11:00Z,173.79,173.8752,173.77,173.85
2018-02-22T16:12:00Z,173.85,173.91,173.84,173.91
2018-02-22T16:13:00Z,173.9175,173.92,173.82,173.845
2018-02-22T16:14:00Z,173.85,173.85,173.78,173.8001
2018-02-22T16:15:00Z,173.8,173.85,173.8,173.845
2018-02-22T16:16:00Z,173.85,173.89,173.8,173.8
2018-02-22T16:17:00Z,173.795,173.799,173.61,173.7207
2018-02-22T16:18:00Z,173.73,173.75,173.65,173.68
2018-02-22T16:19:00Z,173.69,173.756,173.68,173.7181
2018-02-22T16:20:00Z,173.73,173.77,173.63,173.66
2018-02-22T16:21:00Z,173.65,173.845,173.64,173.84
2018-02-22T16:22:00Z,173.84,173.89,173.79,173.84
2018-02-22T16:23:00Z,173.84,173.85,173.79,173.79
2018-02-22T16:24:00Z,173.79,173.85,173.73,173.75
2018-02-22T16:25:00Z,173.75,173.81,173.72,173.725
2018-02-22T16:26:00Z,173.7201,173.8,173.66,173.69
2018-02-22T16:27:00Z,173.69,173.69,173.52,173.63
2018-02-22T16:28:00Z,173.63,173.682,173.6101,173.66
2018-02-22T16:29:00Z,173.655,173.7,173.564,173.57
2018-02-22T16:30:00Z,173.56,173.63,173.25,173.3
2018-02-22T16:31:00Z,173.29,173.39,173.29,173.38
2018-02-22T16:32:00Z,173.37,173.41,173.25,173.28
2018-02-22T16:33:00Z,173.28,173.34,173.25,173.29
2018-02-22T16:34:00Z,173.28,173.29,173.111,173.22
2018-02-22T16:35:00Z,173.21,173.2798,173.13,173.18
2018-02-22T16:36:00Z,173.18,173.3965,173.16,173.3965
2018-02-22T16:37:00Z,173.395,173.44,173.32,173.44
2018-02-22T16:38:00Z,173.44,173.47,173.39,173.465
2018-02-22T16:39:00Z,173.46,173.505,173.43,173.49
2018-02-22T16:40:00Z,173.4999,173.595,173.47,173.595
2018-02-22T16:41:00Z,173.6,173.695,173.57,173.63
2018-02-22T16:42:00Z,173.622,173.73,173.62,173.649
2018-02-22T16:43:00Z,173.64,173.72,173.63,173.685
2018-02-22T16:44:00Z,173.6832,173.77,173.64,173.75
2018-02-22T16:45:00Z,173.75,173.785,173.67,173.72
2018-02-22T16:46:00Z,173.72,173.7299,173.63,173.68
2018-02-22T16:47:00Z,173.68,173.8,173.68,173.74
2018-02-22T16:48:00Z,173.7439,173.8,173.72,173.78
2018-02-22T16:49:00Z,173.79,173.8832,173.78,173.87
2018-02-22T16:50:00Z,173.88,173.8807,173.68,173.68
2018-02-22T16:51:00Z,173.68,173.79,173.67,173.6835
2018-02-22T16:52:00Z,173.69,173.87,173.68,173.85
2018-02-22T16:53:00Z,173.86,173.93,173.86,173.91
2018-02-22T16:54:00Z,173.91,173.93,173.83,173.91
2018-02-22T16:55:00Z,173.9,173.95,173.86,173.87
2018-02-22T16:56:00Z,173.8799,173.94,173.84,173.89
2018-02-22T16:57:00Z,173.89,173.92,173.86,173.8848
2018-02-22T16:58:00Z,173.885,173.9,173.82,173.84
2018-02-22T16:59:00Z,173.84,173.86,173.77,173.815
2018-02-22T17:00:00Z,173.82,173.91,173.82,173.9
2018-02-22T17:01:00Z,173.9,173.9,173.78,173.82
2018-02-22T17:02:00Z,173.82,173.9,173.815,173.9
2018-02-22T17:03:00Z,173.9,173.91,173.86,173.9
2018-02-22T17:04:00Z,173.8914,173.905,173.7,173.7348
2018-02-22T17:05:00Z,173.7336,173.75,173.62,173.67
2018-02-22T17:06:00Z,173.68,173.74,173.65,173.65
2018-02-22T17:07:00Z,173.66,173.71,173.625,173.67
2018-02-22T17:08:00Z,173.652,173.73,173.62,173.67
2018-02-22T17:09:00Z,173.68,173.7,173.63,173.64
2018-02-22T17:10:00Z,173.648,173.683,173.59,173.68
2018-02-22T17:11:00Z,173.69,173.76,173.668,173.7599
2018-02-22T17:12:00Z,173.75,173.77,173.67,173.705
2018-02-22T17:13:00Z,173.71,173.71,173.63,173.634
2018-02-22T17:14:00Z,173.645,173.645,173.5,173.587
2018-02-22T17:15:00Z,173.59,173.6094,173.5201,173.5846
2018-02-22T17:16:00Z,173.58,173.64,173.57,173.635
2018-02-22T17:17:00Z,173.645,173.74,173.645,173.6949
2018-02-22T17:18:00Z,173.6936,173.705,173.658,173.6696
2018-02-22T17:19:00Z,173.66,173.71,173.6399,173.6433
2018-02-22T17:20:00Z,173.65,173.74,173.65,173.72
2018-02-22T17:21:00Z,173.73,173.7352,173.7,173.7046
2018-02-22T17:22:00Z,173.7099,173.7099,173.645,173.67
2018-02-22T17:23:00Z,173.6751,173.71,173.65,173.67
2018-02-22T17:24:00Z,173.67,173.79,173.67,173.76
2018-02-22T17:25:00Z,173.75,173.8301,173.74,173.77
2018-02-22T17:26:00Z,173.77,173.83,173.75,173.79
2018-02-22T17:27:00Z,173.78,173.798,173.66,173.68
2018-02-22T17:28:00Z,173.66,173.7,173.5,173.565
2018-02-22T17:29:00Z,173.57,173.6,173.56,173.588
2018-02-22T17:30:00Z,173.59,173.65,173.43,173.44
2018-02-22T17:31:00Z,173.444,173.54,173.43,173.49
2018-02-22T17:32:00Z,173.5,173.5039,173.43,173.43
2018-02-22T17:33:00Z,173.43,173.48,173.3799,173.44
2018-02-22T17:34:00Z,173.44,173.45,173.27,173.38
2018-02-22T17:35:00Z,173.37,173.48,173.34,173.39
2018-02-22T17:36:00Z,173.38,173.48,173.34,173.42
2018-02-22T17:37:00Z,173.43,173.47,173.36,173.4
2018-02-22T17:38:00Z,173.4,173.47,173.395,173.46
2018-02-22T17:39:00Z,173.46,173.47,173.35,173.35
2018-02-22T17:40:00Z,173.36,173.4,173.28,173.31
2018-02-22T17:41:00Z,173.31,173.37,173.28,173.28
2018-02-22T17:42:00Z,173.2852,173.355,173.22,173.3449
2018-02-22T17:43:00Z,173.3445,173.415,173.33,173.38
2018-02-22T17:44:00Z,173.38,173.385,173.31,173.36
2018-02-22T17:45:00Z,173.36,173.38,173.12,173.1415
2018-02-22T17:46:00Z,173.14,173.23,173.08,173.22
2018-02-22T17:47:00Z,173.225,173.33,173.215,173.29
2018-02-22T17:48:00Z,173.2999,173.37,173.295,173.355
2018-02-22T17:49:00Z,173.35,173.35,172.93,172.97
2018-02-22T17:50:00Z,172.97,173.03,172.73,172.95
2018-02-22T17:51:00Z,172.96,173.09,172.96,173.06
2018-02-22T17:52:00Z,173.07,173.18,173.06,173.07
2018-02-22T17:53:00Z,173.08,173.2051,173.08,173.13
2018-02-22T17:54:00Z,173.14,173.3,173.14,173.2901
2018-02-22T17:55:00Z,173.29,173.29,173.19,173.22
2018-02-22T17:56:00Z,173.2134,173.31,173.2134,173.3
2018-02-22T17:57:00Z,173.31,173.35,173.22,173.22
2018-02-22T17:58:00Z,173.23,173.27,173.15,173.2338
2018-02-22T17:59:00Z,173.24,173.24,173.03,173.04
2018-02-22T18:00:00Z,173.01,173.17,173,173.16
2018-02-22T18:01:00Z,173.15,173.25,173.12,173.14
2018-02-22T18:02:00Z,173.14,173.37,173.14,173.35
2018-02-22T18:03:00Z,173.35,173.38,173.255,173.35
2018-02-22T18:04:00Z,173.3565,173.38,173.29,173.34
2018-02-22T18:05:00Z,173.33,173.33,173.1679,173.27
2018-02-22T18:06:00Z,173.29,173.36,173.24,173.33
2018-02-22T18:07:00Z,173.35,173.37,173.23,173.3
2018-02-22T18:08:00Z,173.3,173.38,173.3,173.36
2018-02-22T18:09:00Z,173.37,173.3745,173.1925,173.22
2018-02-22T18:10:00Z,173.2125,173.235,173,173.1
2018-02-22T18:11:00Z,173.11,173.12,172.88,172.98
2018-02-22T18:12:00Z,172.98,173,172.81,172.85
2018-02-22T18:13:00Z,172.86,172.95,172.8,172.8152
2018-02-22T18:14:00Z,172.82,172.85,172.6201,172.6844
2018-02-22T18:15:00Z,172.69,172.72,172.55,172.615
2018-02-22T18:16:00Z,172.62,172.72,172.5598,172.6899
2018-02-22T18:17:00Z,172.68,172.79,172.65,172.78
2018-02-22T18:18:00Z,172.79,172.9,172.7,172.78
2018-02-22T18:19:00Z,172.7848,172.7848,172.65,172.68
2018-02-22T18:20:00Z,172.6899,172.8,172.6799,172.73
2018-02-22T18:21:00Z,172.7539,172.8,172.6,172.63
2018-02-22T18:22:00Z,172.636,172.76,172.5956,172.64
2018-02-22T18:23:00Z,172.64,172.75,172.64,172.72
2018-02-22T18:24:00Z,172.7072,172.77,172.6317,172.74
2018-02-22T18:25:00Z,172.7499,172.95,172.7,172.94
2018-02-22T18:26:00Z,172.95,173.1,172.9348,173.09
2018-02-22T18:27:00Z,173.0933,173.12,172.995,173.08
2018-02-22T18:28:00Z,173.09,173.15,173.03,173.07
2018-02-22T18:29:00Z,173.07,173.08,173,173.05
2018-02-22T18:30:00Z,173.056,173.08,173.01,173.08
2018-02-22T18:31:00Z,173.08,173.1,172.92,172.95
2018-02-22T18:32:00Z,172.94,172.96,172.72,172.735
2018-02-22T18:33:00Z,172.735,172.84,172.67,172.76
2018-02-22T18:34:00Z,172.76,172.79,172.65,172.71
2018-02-22T18:35:00Z,172.7,172.82,172.68,172.8
2018-02-22T18:36:00Z,172.8,172.9134,172.8,172.82
2018-02-22T18:37:00Z,172.83,172.94,172.8,172.9
2018-02-22T18:38:00Z,172.9,172.91,172.81,172.88
2018-02-22T18:39:00Z,172.86,172.886,172.79,172.878
2018-02-22T18:40:00Z,172.88,172.89,172.73,172.73
2018-02-22T18:41:00Z,172.73,172.86,172.68,172.74
2018-02-22T18:42:00Z,172.7452,172.8,172.65,172.79
2018-02-22T18:43:00Z,172.78,172.78,172.5301,172.6
2018-02-22T18:44:00Z,172.6,172.7,172.55,172.55
2018-02-22T18:45:00Z,172.55,172.55,172.39,172.4701
2018-02-22T18:46:00Z,172.47,172.66,172.47,172.62
2018-02-22T18:47:00Z,172.62,172.62,172.45,172.48
2018-02-22T18:48:00Z,172.48,172.51,172.36,172.36
2018-02-22T18:49:00Z,172.37,172.53,172.31,172.48
2018-02-22T18:50:00Z,172.48,172.68,172.33,172.6193
2018-02-22T18:51:00Z,172.65,172.66,172.5502,172.64
2018-02-22T18:52:00Z,172.65,172.77,172.6,172.625
2018-02-22T18:53:00Z,172.63,172.7451,172.62,172.735
2018-02-22T18:54:00Z,172.72,172.96,172.71,172.9433
2018-02-22T18:55:00Z,172.95,172.95,172.81,172.89
2018-02-22T18:56:00Z,172.8825,172.95,172.81,172.91
2018-02-22T18:57:00Z,172.91,172.92,172.82,172.84
2018-02-22T18:58:00Z,172.85,172.9468,172.8,172.93
2018-02-22T18:59:00Z,172.93,172.95,172.81,172.8402
2018-02-22T19:00:00Z,172.84,172.969,172.81,172.9202
2018-02-22T19:01:00Z,172.92,172.98,172.9,172.96
2018-02-22T19:02:00Z,172.96,173.05,172.9,172.95
2018-02-22T19:03:00Z,172.94,173,172.8802,172.94
2018-02-22T19:04:00Z,172.94,172.98,172.85,172.94
2018-02-22T19:05:00Z,172.95,173,172.89,172.92
2018-02-22T19:06:00Z,172.93,173.02,172.92,173.01
2018-02-22T19:07:00Z,173.019,173.06,173,173.0599
2018-02-22T19:08:00Z,173.05,173.0533,172.98,172.98
2018-02-22T19:09:00Z,173,173,172.7899,172.7899
2018-02-22T19:10:00Z,172.79,172.92,172.79,172.86
2018-02-22T19:11:00Z,172.86,172.86,172.78,172.85
2018-02-22T19:12:00Z,172.835,172.86,172.765,172.8299
2018-02-22T19:13:00Z,172.82,172.84,172.78,172.83
2018-02-22T19:14:00Z,172.83,172.87,172.76,172.87
2018-02-22T19:15:00Z,172.87,172.91,172.8,172.89
2018-02-22T19:16:00Z,172.895,172.92,172.835,172.9
2018-02-22T19:17:00Z,172.9,172.92,172.84,172.915
2018-02-22T19:18:00Z,172.92,172.94,172.835,172.93
2018-02-22T19:19:00Z,172.92,172.97,172.9,172.97
2018-02-22T19:20:00Z,172.97,172.97,172.85,172.85
2018-02-22T19:21:00Z,172.86,172.88,172.76,172.77
2018-02-22T19:22:00Z,172.76,172.78,172.7,172.76
2018-02-22T19:23:00Z,172.78,172.9,172.76,172.88
2018-02-22T19:24:00Z,172.89,172.91,172.86,172.9
2018-02-22T19:25:00Z,172.9,172.9,172.85,172.88
2018-02-22T19:26:00Z,172.88,172.915,172.84,172.87
2018-02-22T19:27:00Z,172.88,172.95,172.85,172.95
2018-02-22T19:28:00Z,172.96,173.21,172.95,173.19
2018-02-22T19:29:00Z,173.19,173.265,173.17,173.23
2018-02-22T19:30:00Z,173.24,173.3,173.191,173.3
2018-02-22T19:31:00Z,173.295,173.31,173.23,173.25
2018-02-22T19:32:00Z,173.247,173.34,173.21,173.34
2018-02-22T19:33:00Z,173.34,173.35,173.21,173.2496
2018-02-22T19:34:00Z,173.25,173.28,173.2,173.27
2018-02-22T19:35:00Z,173.27,173.2761,173.14,173.16
2018-02-22T19:36:00Z,173.16,173.21,173.105,173.15
2018-02-22T19:37:00Z,173.15,173.23,173.15,173.213
2018-02-22T19:38:00Z,173.232,173.24,173.16,173.18
2018-02-22T19:39:00Z,173.18,173.22,173.16,173.21
2018-02-22T19:40:00Z,173.21,173.21,173.05,173.0715
2018-02-22T19:41:00Z,173.079,173.11,173.01,173.04
2018-02-22T19:42:00Z,173.045,173.1,173.03,173.09
2018-02-22T19:43:00Z,173.09,173.09,172.97,173
2018-02-22T19:44:00Z,173,173.04,173,173.01
2018-02-22T19:45:00Z,173.02,173.0201,172.89,172.9
2018-02-22T19:46:00Z,172.895,173.38,172.77,172.851
2018-02-22T19:47:00Z,172.8659,172.92,172.8,172.9
2018-02-22T19:48:00Z,172.9,172.9034,172.82,172.83
2018-02-22T19:49:00Z,172.82,172.885,172.79,172.81
2018-02-22T19:50:00Z,172.82,172.85,172.72,172.831
2018-02-22T19:51:00Z,172.84,172.8599,172.72,172.81
2018-02-22T19:52:00Z,172.8,172.86,172.75,172.85
2018-02-22T19:53:00Z,172.8499,172.95,172.83,172.9
2018-02-22T19:54:00Z,172.89,172.94,172.83,172.8634
2018-02-22T19:55:00Z,172.87,172.895,172.8,172.85
2018-02-22T19:56:00Z,172.83,172.835,172.57,172.5755
2018-02-22T19:57:00Z,172.57,172.58,172.41,172.45
2018-02-22T19:58:00Z,172.4596,172.4596,172.15,172.22
2018-02-22T19:59:00Z,172.2101,172.3,172.09,172.24
