2017-05-04T13:30:00Z,146.59,146.8655,146.51,146.854
2017-05-04T13:31:00Z,146.84,146.98,146.65,146.8699
2017-05-04T13:32:00Z,146.83,147.14,146.83,146.935
2017-05-04T13:33:00Z,146.92,146.97,146.76,146.78
2017-05-04T13:34:00Z,146.7999,146.7999,146.51,146.54
2017-05-04T13:35:00Z,146.52,146.5389,146.32,146.33
2017-05-04T13:36:00Z,146.32,146.36,146.225,146.3
2017-05-04T13:37:00Z,146.29,146.33,146.2101,146.2893
2017-05-04T13:38:00Z,146.28,146.295,146.04,146.0486
2017-05-04T13:39:00Z,146.0301,146.0301,145.84,145.871
2017-05-04T13:40:00Z,145.87,146.17,145.85,146.11
2017-05-04T13:41:00Z,146.1,146.15,146.02,146.0576
2017-05-04T13:42:00Z,146.05,146.31,146.05,146.25
2017-05-04T13:43:00Z,146.26,146.35,146.19,146.2238
2017-05-04T13:44:00Z,146.22,146.23,146.13,146.16
2017-05-04T13:45:00Z,146.165,146.26,146.12,146.23
2017-05-04T13:46:00Z,146.24,146.4,146.2,146.4
2017-05-04T13:47:00Z,146.39,146.47,146.33,146.41
2017-05-04T13:48:00Z,146.41,146.415,146.24,146.31
2017-05-04T13:49:00Z,146.3037,146.33,146.12,146.14
2017-05-04T13:50:00Z,146.137,146.14,145.9669,146.05
2017-05-04T13:51:00Z,146.05,146.16,145.9948,146.01
2017-05-04T13:52:00Z,146.0001,146.01,145.84,146.01
2017-05-04T13:53:00Z,146.0047,146.01,145.94,145.97
2017-05-04T13:54:00Z,145.97,145.9789,145.86,145.87
2017-05-04T13:55:00Z,145.87,145.98,145.86,145.93
2017-05-04T13:56:00Z,145.93,146.03,145.92,145.987
2017-05-04T13:57:00Z,145.9999,146.01,145.93,145.98
2017-05-04T13:58:00Z,145.98,146.1,145.95,146.09
2017-05-04T13:59:00Z,146.09,146.1616,146.03,146.1616
2017-05-04T14:00:00Z,146.1531,146.27,146.14,146.1946
2017-05-04T14:01:00Z,146.2,146.245,146.08,146.13
2017-05-04T14:02:00Z,146.14,146.14,146.05,146.06
2017-05-04T14:03:00Z,146.07,146.1065,146.06,146.075
2017-05-04T14:04:00Z,146.085,146.21,146.07,146.2
2017-05-04T14:05:00Z,146.19,146.26,146.15,146.26
2017-05-04T14:06:00Z,146.26,146.26,146.17,146.1772
2017-05-04T14:07:00Z,146.18,146.19,146.13,146.16
2017-05-04T14:08:00Z,146.15,146.27,146.14,146.2301
2017-05-04T14:09:00Z,146.232,146.29,146.22,146.29
2017-05-04T14:10:00Z,146.2969,146.33,146.27,146.29
2017-05-04T14:11:00Z,146.2801,146.3,146.17,146.19
2017-05-04T14:12:00Z,146.2,146.25,146.17,146.23
2017-05-04T14:13:00Z,146.22,146.25,146.18,146.2
2017-05-04T14:14:00Z,146.19,146.2,146.12,146.15
2017-05-04T14:15:00Z,146.15,146.19,146.141,146.18
2017-05-04T14:16:00Z,146.18,146.18,146.12,146.15
2017-05-04T14:17:00Z,146.15,146.19,146.126,146.18
2017-05-04T14:18:00Z,146.1701,146.34,146.17,146.34
2017-05-04T14:19:00Z,146.34,146.43,146.34,146.3952
2017-05-04T14:20:00Z,146.4,146.42,146.37,146.39
2017-05-04T14:21:00Z,146.381,146.41,146.37,146.39
2017-05-04T14:22:00Z,146.39,146.395,146.34,146.37
2017-05-04T14:23:00Z,146.36,146.37,146.3,146.305
2017-05-04T14:24:00Z,146.305,146.35,146.29,146.345
2017-05-04T14:25:00Z,146.35,146.35,146.32,146.3401
2017-05-04T14:26:00Z,146.3499,146.35,146.31,146.31
2017-05-04T14:27:00Z,146.32,146.43,146.31,146.4241
2017-05-04T14:28:00Z,146.4258,146.4399,146.34,146.38
2017-05-04T14:29:00Z,146.3701,146.4,146.34,146.3509
2017-05-04T14:30:00Z,146.35,146.36,146.31,146.3299
2017-05-04T14:31:00Z,146.32,146.36,146.3,146.35
2017-05-04T14:32:00Z,146.34,146.36,146.31,146.33
2017-05-04T14:33:00Z,146.3247,146.38,146.32,146.3701
2017-05-04T14:34:00Z,146.38,146.4,146.32,146.32
2017-05-04T14:35:00Z,146.31,146.33,146.29,146.3
2017-05-04T14:36:00Z,146.294,146.33,146.25,146.33
2017-05-04T14:37:00Z,146.33,146.34,146.31,146.335
2017-05-04T14:38:00Z,146.33,146.34,146.305,146.34
2017-05-04T14:39:00Z,146.34,146.34,146.27,146.3037
2017-05-04T14:40:00Z,146.3001,146.3001,146.245,146.27
2017-05-04T14:41:00Z,146.275,146.275,146.2102,146.23
2017-05-04T14:42:00Z,146.235,146.29,146.22,146.25
2017-05-04T14:43:00Z,146.26,146.28,146.22,146.22
2017-05-04T14:44:00Z,146.22,146.29,146.21,146.2701
2017-05-04T14:45:00Z,146.28,146.3049,146.25,146.3049
2017-05-04T14:46:00Z,146.301,146.34,146.28,146.29
2017-05-04T14:47:00Z,146.29,146.39,146.28,146.39
2017-05-04T14:48:00Z,146.39,146.39,146.32,146.34
2017-05-04T14:49:00Z,146.35,146.36,146.32,146.32
2017-05-04T14:50:00Z,146.31,146.36,146.3,146.31
2017-05-04T14:51:00Z,146.315,146.345,146.3,146.33
2017-05-04T14:52:00Z,146.331,146.36,146.3,146.34
2017-05-04T14:53:00Z,146.335,146.4,146.3111,146.4
2017-05-04T14:54:00Z,146.4,146.4,146.3,146.305
2017-05-04T14:55:00Z,146.31,146.32,146.25,146.27
2017-05-04T14:56:00Z,146.28,146.29,146.23,146.24
2017-05-04T14:57:00Z,146.24,146.29,146.24,146.2688
2017-05-04T14:58:00Z,146.2648,146.34,146.26,146.31
2017-05-04T14:59:00Z,146.31,146.34,146.25,146.27
2017-05-04T15:00:00Z,146.27,146.365,146.26,146.31
2017-05-04T15:01:00Z,146.31,146.335,146.29,146.33
2017-05-04T15:02:00Z,146.335,146.365,146.25,146.25
2017-05-04T15:03:00Z,146.26,146.3244,146.24,146.32
2017-05-04T15:04:00Z,146.315,146.42,146.311,146.415
2017-05-04T15:05:00Z,146.41,146.43,146.36,146.39
2017-05-04T15:06:00Z,146.397,146.42,146.3901,146.4
2017-05-04T15:07:00Z,146.3959,146.48,146.36,146.46
2017-05-04T15:08:00Z,146.4649,146.47,146.43,146.46
2017-05-04T15:09:00Z,146.47,146.49,146.44,146.4437
2017-05-04T15:10:00Z,146.44,146.46,146.43,146.4342
2017-05-04T15:11:00Z,146.4365,146.45,146.43,146.45
2017-05-04T15:12:00Z,146.445,146.47,146.44,146.46
2017-05-04T15:13:00Z,146.46,146.47,146.4542,146.465
2017-05-04T15:14:00Z,146.4672,146.47,146.41,146.41
2017-05-04T15:15:00Z,146.419,146.42,146.39,146.4
2017-05-04T15:16:00Z,146.41,146.41,146.29,146.3
2017-05-04T15:17:00Z,146.3,146.3,146.27,146.29
2017-05-04T15:18:00Z,146.285,146.33,146.285,146.2975
2017-05-04T15:19:00Z,146.3,146.3142,146.28,146.29
2017-05-04T15:20:00Z,146.28,146.41,146.28,146.3871
2017-05-04T15:21:00Z,146.38,146.39,146.34,146.37
2017-05-04T15:22:00Z,146.37,146.37,146.32,146.3298
2017-05-04T15:23:00Z,146.32,146.3542,146.32,146.35
2017-05-04T15:24:00Z,146.341,146.35,146.31,146.345
2017-05-04T15:25:00Z,146.345,146.3493,146.3,146.32
2017-05-04T15:26:00Z,146.32,146.35,146.31,146.35
2017-05-04T15:27:00Z,146.34,146.38,146.32,146.37
2017-05-04T15:28:00Z,146.379,146.379,146.29,146.3
2017-05-04T15:29:00Z,146.3048,146.3348,146.28,146.32
2017-05-04T15:30:00Z,146.32,146.379,146.32,146.34
2017-05-04T15:31:00Z,146.33,146.345,146.28,146.28
2017-05-04T15:32:00Z,146.28,146.29,146.26,146.2699
2017-05-04T15:33:00Z,146.27,146.33,146.27,146.33
2017-05-04T15:34:00Z,146.325,146.35,146.3,146.3225
2017-05-04T15:35:00Z,146.32,146.39,146.31,146.3321
2017-05-04T15:36:00Z,146.3354,146.44,146.33,146.41
2017-05-04T15:37:00Z,146.4145,146.4145,146.3601,146.3601
2017-05-04T15:38:00Z,146.371,146.3952,146.3501,146.37
2017-05-04T15:39:00Z,146.36,146.41,146.33,146.4042
2017-05-04T15:40:00Z,146.4099,146.41,146.37,146.403
2017-05-04T15:41:00Z,146.4,146.41,146.39,146.41
2017-05-04T15:42:00Z,146.4,146.43,146.4,146.42
2017-05-04T15:43:00Z,146.415,146.47,146.4141,146.44
2017-05-04T15:44:00Z,146.45,146.46,146.4,146.445
2017-05-04T15:45:00Z,146.45,146.47,146.4,146.4
2017-05-04T15:46:00Z,146.4,146.42,146.36,146.3848
2017-05-04T15:47:00Z,146.3843,146.3899,146.34,146.3405
2017-05-04T15:48:00Z,146.3444,146.3536,146.31,146.3262
2017-05-04T15:49:00Z,146.3252,146.34,146.295,146.34
2017-05-04T15:50:00Z,146.35,146.37,146.3321,146.37
2017-05-04T15:51:00Z,146.37,146.375,146.26,146.27
2017-05-04T15:52:00Z,146.27,146.2799,146.2244,146.25
2017-05-04T15:53:00Z,146.26,146.27,146.23,146.2354
2017-05-04T15:54:00Z,146.235,146.2546,146.22,146.22
2017-05-04T15:55:00Z,146.23,146.245,146.17,146.2038
2017-05-04T15:56:00Z,146.2,146.22,146.14,146.18
2017-05-04T15:57:00Z,146.19,146.21,146.12,146.21
2017-05-04T15:58:00Z,146.21,146.2488,146.18,146.2349
2017-05-04T15:59:00Z,146.23,146.23,146.19,146.1936
2017-05-04T16:00:00Z,146.2,146.23,146.18,146.19
2017-05-04T16:01:00Z,146.18,146.1952,146.14,146.17
2017-05-04T16:02:00Z,146.1662,146.2191,146.16,146.2101
2017-05-04T16:03:00Z,146.211,146.28,146.21,146.26
2017-05-04T16:04:00Z,146.26,146.269,146.03,146.0648
2017-05-04T16:05:00Z,146.06,146.14,146.06,146.12
2017-05-04T16:06:00Z,146.118,146.13,146.08,146.11
2017-05-04T16:07:00Z,146.12,146.14,146.0765,146.08
2017-05-04T16:08:00Z,146.08,146.09,146.04,146.05
2017-05-04T16:09:00Z,146.06,146.08,146.0499,146.0774
2017-05-04T16:10:00Z,146.07,146.14,146.04,146.13
2017-05-04T16:11:00Z,146.15,146.15,146.07,146.0714
2017-05-04T16:12:00Z,146.08,146.0969,145.9701,145.98
2017-05-04T16:13:00Z,145.98,146.06,145.98,146.06
2017-05-04T16:14:00Z,146.0499,146.07,145.97,145.98
2017-05-04T16:15:00Z,145.98,145.98,145.93,145.96
2017-05-04T16:16:00Z,145.96,146.02,145.96,145.99
2017-05-04T16:17:00Z,145.99,146.05,145.97,146.0325
2017-05-04T16:18:00Z,146.04,146.04,145.91,145.94
2017-05-04T16:19:00Z,145.94,145.94,145.81,145.84
2017-05-04T16:20:00Z,145.84,145.92,145.83,145.9
2017-05-04T16:21:00Z,145.9,145.93,145.8943,145.8943
2017-05-04T16:22:00Z,145.89,145.9498,145.89,145.9341
2017-05-04T16:23:00Z,145.93,145.97,145.8999,145.9407
2017-05-04T16:24:00Z,145.94,146,145.92,145.99
2017-05-04T16:25:00Z,145.98,145.9952,145.95,145.99
2017-05-04T16:26:00Z,146,146.01,145.94,145.94
2017-05-04T16:27:00Z,145.9493,145.985,145.91,145.98
2017-05-04T16:28:00Z,145.9899,146.05,145.988,146.03
2017-05-04T16:29:00Z,146.02,146.06,146.01,146.04
2017-05-04T16:30:00Z,146.0316,146.11,146.01,146.101
2017-05-04T16:31:00Z,146.1,146.105,146.065,146.08
2017-05-04T16:32:00Z,146.07,146.11,146.05,146.11
2017-05-04T16:33:00Z,146.11,146.1857,146.08,146.18
2017-05-04T16:34:00Z,146.18,146.18,146.12,146.14
2017-05-04T16:35:00Z,146.13,146.149,146.08,146.09
2017-05-04T16:36:00Z,146.09,146.09,146.035,146.035
2017-05-04T16:37:00Z,146.04,146.07,146.03,146.06
2017-05-04T16:38:00Z,146.06,146.17,146.055,146.155
2017-05-04T16:39:00Z,146.153,146.17,146.11,146.17
2017-05-04T16:40:00Z,146.17,146.2,146.17,146.185
2017-05-04T16:41:00Z,146.18,146.2,146.1599,146.16
2017-05-04T16:42:00Z,146.17,146.17,146.113,146.1462
2017-05-04T16:43:00Z,146.1456,146.17,146.1399,146.147
2017-05-04T16:44:00Z,146.15,146.2,146.14,146.182
2017-05-04T16:45:00Z,146.2,146.2,146.15,146.15
2017-05-04T16:46:00Z,146.1442,146.2,146.13,146.2
2017-05-04T16:47:00Z,146.2,146.26,146.19,146.26
2017-05-04T16:48:00Z,146.25,146.29,146.25,146.2752
2017-05-04T16:49:00Z,146.27,146.3,146.24,146.3
2017-05-04T16:50:00Z,146.2942,146.37,146.28,146.3355
2017-05-04T16:51:00Z,146.33,146.39,146.31,146.38
2017-05-04T16:52:00Z,146.39,146.44,146.38,146.43
2017-05-04T16:53:00Z,146.42,146.42,146.38,146.41
2017-05-04T16:54:00Z,146.4144,146.42,146.395,146.42
2017-05-04T16:55:00Z,146.4143,146.495,146.381,146.48
2017-05-04T16:56:00Z,146.48,146.485,146.4099,146.44
2017-05-04T16:57:00Z,146.45,146.46,146.4238,146.43
2017-05-04T16:58:00Z,146.4356,146.5662,146.43,146.555
2017-05-04T16:59:00Z,146.557,146.557,146.51,146.52
2017-05-04T17:00:00Z,146.52,146.54,146.42,146.4399
2017-05-04T17:01:00Z,146.43,146.52,146.43,146.5
2017-05-04T17:02:00Z,146.51,146.52,146.44,146.45
2017-05-04T17:03:00Z,146.46,146.46,146.41,146.431
2017-05-04T17:04:00Z,146.43,146.46,146.42,146.45
2017-05-04T17:05:00Z,146.4444,146.489,146.42,146.48
2017-05-04T17:06:00Z,146.49,146.52,146.47,146.48
2017-05-04T17:07:00Z,146.48,146.4966,146.47,146.48
2017-05-04T17:08:00Z,146.47,146.47,146.4138,146.44
2017-05-04T17:09:00Z,146.4341,146.4553,146.41,146.4184
2017-05-04T17:10:00Z,146.4205,146.43,146.3201,146.3601
2017-05-04T17:11:00Z,146.36,146.38,146.3,146.32
2017-05-04T17:12:00Z,146.3199,146.3656,146.285,146.3656
2017-05-04T17:13:00Z,146.363,146.38,146.3444,146.36
2017-05-04T17:14:00Z,146.36,146.38,146.34,146.35
2017-05-04T17:15:00Z,146.34,146.39,146.34,146.382
2017-05-04T17:16:00Z,146.38,146.4,146.37,146.39
2017-05-04T17:17:00Z,146.4,146.4,146.35,146.4
2017-05-04T17:18:00Z,146.4,146.42,146.4,146.4152
2017-05-04T17:19:00Z,146.42,146.42,146.38,146.39
2017-05-04T17:20:00Z,146.38,146.4301,146.38,146.42
2017-05-04T17:21:00Z,146.42,146.4469,146.41,146.4469
2017-05-04T17:22:00Z,146.4453,146.45,146.4,146.433
2017-05-04T17:23:00Z,146.43,146.46,146.42,146.43
2017-05-04T17:24:00Z,146.43,146.44,146.41,146.44
2017-05-04T17:25:00Z,146.43,146.44,146.42,146.43
2017-05-04T17:26:00Z,146.43,146.44,146.37,146.3999
2017-05-04T17:27:00Z,146.3944,146.42,146.39,146.41
2017-05-04T17:28:00Z,146.4094,146.42,146.4,146.41
2017-05-04T17:29:00Z,146.4,146.45,146.4,146.42
2017-05-04T17:30:00Z,146.42,146.43,146.41,146.41
2017-05-04T17:31:00Z,146.42,146.43,146.36,146.375
2017-05-04T17:32:00Z,146.37,146.37,146.34,146.3556
2017-05-04T17:33:00Z,146.35,146.38,146.35,146.36
2017-05-04T17:34:00Z,146.37,146.3962,146.34,146.3962
2017-05-04T17:35:00Z,146.39,146.4,146.3707,146.39
2017-05-04T17:36:00Z,146.4,146.42,146.39,146.39
2017-05-04T17:37:00Z,146.38,146.43,146.38,146.42
2017-05-04T17:38:00Z,146.42,146.43,146.3653,146.37
2017-05-04T17:39:00Z,146.37,146.37,146.35,146.3532
2017-05-04T17:40:00Z,146.3599,146.36,146.29,146.3
2017-05-04T17:41:00Z,146.3058,146.32,146.2638,146.2638
2017-05-04T17:42:00Z,146.27,146.28,146.2562,146.27
2017-05-04T17:43:00Z,146.27,146.29,146.2699,146.2856
2017-05-04T17:44:00Z,146.29,146.3,146.25,146.29
2017-05-04T17:45:00Z,146.3,146.35,146.3,146.32
2017-05-04T17:46:00Z,146.32,146.36,146.31,146.33
2017-05-04T17:47:00Z,146.33,146.36,146.31,146.36
2017-05-04T17:48:00Z,146.368,146.43,146.3635,146.429
2017-05-04T17:49:00Z,146.42,146.5101,146.42,146.5
2017-05-04T17:50:00Z,146.495,146.5,146.42,146.43
2017-05-04T17:51:00Z,146.4288,146.44,146.3599,146.41
2017-05-04T17:52:00Z,146.41,146.41,146.36,146.37
2017-05-04T17:53:00Z,146.38,146.42,146.3325,146.3325
2017-05-04T17:54:00Z,146.34,146.39,146.3384,146.3644
2017-05-04T17:55:00Z,146.37,146.42,146.34,146.39
2017-05-04T17:56:00Z,146.394,146.45,146.39,146.44
2017-05-04T17:57:00Z,146.445,146.4506,146.43,146.4506
2017-05-04T17:58:00Z,146.4512,146.4556,146.4,146.4
2017-05-04T17:59:00Z,146.4,146.44,146.3944,146.4373
2017-05-04T18:00:00Z,146.44,146.48,146.425,146.43
2017-05-04T18:01:00Z,146.43,146.48,146.43,146.47
2017-05-04T18:02:00Z,146.475,146.49,146.45,146.4537
2017-05-04T18:03:00Z,146.46,146.5,146.4547,146.49
2017-05-04T18:04:00Z,146.495,146.505,146.48,146.49
2017-05-04T18:05:00Z,146.49,146.5,146.44,146.4557
2017-05-04T18:06:00Z,146.46,146.467,146.43,146.45
2017-05-04T18:07:00Z,146.455,146.48,146.445,146.46
2017-05-04T18:08:00Z,146.47,146.48,146.46,146.48
2017-05-04T18:09:00Z,146.47,146.48,146.45,146.4575
2017-05-04T18:10:00Z,146.46,146.47,146.43,146.435
2017-05-04T18:11:00Z,146.44,146.45,146.4,146.4
2017-05-04T18:12:00Z,146.41,146.43,146.39,146.43
2017-05-04T18:13:00Z,146.4299,146.46,146.42,146.435
2017-05-04T18:14:00Z,146.4375,146.4985,146.43,146.4985
2017-05-04T18:15:00Z,146.496,146.52,146.45,146.49
2017-05-04T18:16:00Z,146.5,146.52,146.4501,146.5
2017-05-04T18:17:00Z,146.5038,146.535,146.38,146.38
2017-05-04T18:18:00Z,146.375,146.42,146.3401,146.365
2017-05-04T18:19:00Z,146.365,146.37,146.34,146.3492
2017-05-04T18:20:00Z,146.34,146.34,146.2,146.3199
2017-05-04T18:21:00Z,146.32,146.38,146.29,146.3406
2017-05-04T18:22:00Z,146.35,146.39,146.35,146.3747
2017-05-04T18:23:00Z,146.38,146.47,146.38,146.4653
2017-05-04T18:24:00Z,146.46,146.47,146.41,146.45
2017-05-04T18:25:00Z,146.4463,146.45,146.4334,146.45
2017-05-04T18:26:00Z,146.45,146.45,146.41,146.4457
2017-05-04T18:27:00Z,146.4443,146.495,146.43,146.4537
2017-05-04T18:28:00Z,146.4547,146.49,146.4547,146.49
2017-05-04T18:29:00Z,146.49,146.59,146.4897,146.56
2017-05-04T18:30:00Z,146.5444,146.57,146.5,146.54
2017-05-04T18:31:00Z,146.53,146.57,146.53,146.55
2017-05-04T18:32:00Z,146.55,146.58,146.5232,146.5599
2017-05-04T18:33:00Z,146.55,146.59,146.53,146.53
2017-05-04T18:34:00Z,146.53,146.5564,146.51,146.5201
2017-05-04T18:35:00Z,146.525,146.53,146.4585,146.475
2017-05-04T18:36:00Z,146.4744,146.5,146.46,146.46
2017-05-04T18:37:00Z,146.46,146.47,146.43,146.4301
2017-05-04T18:38:00Z,146.44,146.4563,146.42,146.45
2017-05-04T18:39:00Z,146.445,146.47,146.445,146.46
2017-05-04T18:40:00Z,146.46,146.5251,146.4501,146.4938
2017-05-04T18:41:00Z,146.5,146.52,146.48,146.485
2017-05-04T18:42:00Z,146.4942,146.53,146.4685,146.5
2017-05-04T18:43:00Z,146.52,146.535,146.49,146.4923
2017-05-04T18:44:00Z,146.4934,146.5,146.44,146.4479
2017-05-04T18:45:00Z,146.45,146.48,146.44,146.47
2017-05-04T18:46:00Z,146.475,146.5257,146.46,146.491
2017-05-04T18:47:00Z,146.4956,146.5,146.48,146.4899
2017-05-04T18:48:00Z,146.49,146.5,146.48,146.5
2017-05-04T18:49:00Z,146.4935,146.5,146.47,146.48
2017-05-04T18:50:00Z,146.48,146.48,146.4457,146.45
2017-05-04T18:51:00Z,146.44,146.46,146.44,146.4457
2017-05-04T18:52:00Z,146.45,146.4667,146.42,146.42
2017-05-04T18:53:00Z,146.4354,146.45,146.4,146.42
2017-05-04T18:54:00Z,146.41,146.425,146.38,146.42
2017-05-04T18:55:00Z,146.4093,146.44,146.4,146.425
2017-05-04T18:56:00Z,146.44,146.46,146.4,146.41
2017-05-04T18:57:00Z,146.4,146.4062,146.28,146.3187
2017-05-04T18:58:00Z,146.31,146.37,146.31,146.35
2017-05-04T18:59:00Z,146.35,146.37,146.335,146.3601
2017-05-04T19:00:00Z,146.36,146.36,146.33,146.36
2017-05-04T19:01:00Z,146.3512,146.38,146.3512,146.3799
2017-05-04T19:02:00Z,146.38,146.38,146.32,146.321
2017-05-04T19:03:00Z,146.33,146.41,146.33,146.4
2017-05-04T19:04:00Z,146.41,146.42,146.385,146.4044
2017-05-04T19:05:00Z,146.41,146.415,146.38,146.39
2017-05-04T19:06:00Z,146.3839,146.46,146.38,146.4544
2017-05-04T19:07:00Z,146.46,146.46,146.41,146.43
2017-05-04T19:08:00Z,146.43,146.43,146.4,146.42
2017-05-04T19:09:00Z,146.42,146.43,146.39,146.39
2017-05-04T19:10:00Z,146.39,146.4,146.325,146.3668
2017-05-04T19:11:00Z,146.3659,146.41,146.3636,146.39
2017-05-04T19:12:00Z,146.3701,146.4,146.3661,146.39
2017-05-04T19:13:00Z,146.3853,146.39,146.34,146.35
2017-05-04T19:14:00Z,146.34,146.4,146.335,146.39
2017-05-04T19:15:00Z,146.3954,146.4,146.3754,146.3948
2017-05-04T19:16:00Z,146.4,146.43,146.37,146.39
2017-05-04T19:17:00Z,146.39,146.42,146.39,146.416
2017-05-04T19:18:00Z,146.42,146.44,146.41,146.43
2017-05-04T19:19:00Z,146.4399,146.4399,146.4,146.415
2017-05-04T19:20:00Z,146.41,146.42,146.4,146.405
2017-05-04T19:21:00Z,146.4,146.42,146.385,146.4087
2017-05-04T19:22:00Z,146.4,146.4,146.35,146.38
2017-05-04T19:23:00Z,146.3732,146.41,146.37,146.39
2017-05-04T19:24:00Z,146.39,146.4,146.38,146.38
2017-05-04T19:25:00Z,146.38,146.38,146.32,146.34
2017-05-04T19:26:00Z,146.34,146.3663,146.33,146.35
2017-05-04T19:27:00Z,146.35,146.37,146.35,146.36
2017-05-04T19:28:00Z,146.36,146.36,146.33,146.345
2017-05-04T19:29:00Z,146.34,146.36,146.32,146.3501
2017-05-04T19:30:00Z,146.36,146.39,146.355,146.37
2017-05-04T19:31:00Z,146.36,146.3672,146.32,146.355
2017-05-04T19:32:00Z,146.35,146.3853,146.33,146.37
2017-05-04T19:33:00Z,146.36,146.42,146.35,146.39
2017-05-04T19:34:00Z,146.4,146.401,146.37,146.38
2017-05-04T19:35:00Z,146.3701,146.401,146.37,146.39
2017-05-04T19:36:00Z,146.38,146.405,146.38,146.382
2017-05-04T19:37:00Z,146.3844,146.405,146.38,146.4
2017-05-04T19:38:00Z,146.3944,146.41,146.36,146.39
2017-05-04T19:39:00Z,146.384,146.445,146.38,146.4444
2017-05-04T19:40:00Z,146.44,146.44,146.41,146.42
2017-05-04T19:41:00Z,146.42,146.45,146.415,146.45
2017-05-04T19:42:00Z,146.45,146.45,146.4,146.415
2017-05-04T19:43:00Z,146.42,146.44,146.41,146.44
2017-05-04T19:44:00Z,146.44,146.49,146.43,146.49
2017-05-04T19:45:00Z,146.48,146.5,146.47,146.49
2017-05-04T19:46:00Z,146.49,146.5,146.48,146.5
2017-05-04T19:47:00Z,146.495,146.5,146.44,146.44
2017-05-04T19:48:00Z,146.44,146.48,146.43,146.47
2017-05-04T19:49:00Z,146.48,146.48,146.42,146.4443
2017-05-04T19:50:00Z,146.45,146.56,146.445,146.52
2017-05-04T19:51:00Z,146.52,146.54,146.47,146.52
2017-05-04T19:52:00Z,146.53,146.66,146.51,146.65
2017-05-04T19:53:00Z,146.6493,146.67,146.54,146.5407
2017-05-04T19:54:00Z,146.55,146.65,146.55,146.6443
2017-05-04T19:55:00Z,146.64,146.67,146.615,146.63
2017-05-04T19:56:00Z,146.635,146.635,146.52,146.52
2017-05-04T19:57:00Z,146.52,146.55,146.52,146.55
2017-05-04T19:58:00Z,146.55,146.56,146.52,146.55
2017-05-04T19:59:00Z,146.55,146.59,146.5,146.54
