2020-09-21T13:30:00Z,104.52,104.6,103.1,103.8914
2020-09-21T13:31:00Z,103.88,104.66,103.88,104.6248
2020-09-21T13:32:00Z,104.6492,105.04,104.6487,104.77
2020-09-21T13:33:00Z,104.8,105.19,104.75,105.089
2020-09-21T13:34:00Z,105.0954,105.33,104.85,105.1197
2020-09-21T13:35:00Z,105.1177,105.3247,104.78,105.01
2020-09-21T13:36:00Z,105,105.28,104.83,104.89
2020-09-21T13:37:00Z,104.8836,104.92,104.62,104.63
2020-09-21T13:38:00Z,104.63,104.93,104.55,104.8817
2020-09-21T13:39:00Z,104.9065,105.18,104.7,105.06
2020-09-21T13:40:00Z,105.06,105.0646,104.83,104.9795
2020-09-21T13:41:00Z,104.98,105.6158,104.94,105.5489
2020-09-21T13:42:00Z,105.54,105.7,105.38,105.65
2020-09-21T13:43:00Z,105.655,105.9,105.44,105.9
2020-09-21T13:44:00Z,105.9,106.2,105.81,106.14
2020-09-21T13:45:00Z,106.15,106.53,105.86,106.53
2020-09-21T13:46:00Z,106.52,106.8299,106.39,106.59
2020-09-21T13:47:00Z,106.5899,106.6399,106.28,106.3207
2020-09-21T13:48:00Z,106.31,106.74,106.15,106.72
2020-09-21T13:49:00Z,106.72,106.99,106.69,106.925
2020-09-21T13:50:00Z,106.921,106.94,106.57,106.7402
2020-09-21T13:51:00Z,106.75,106.93,106.73,106.88
2020-09-21T13:52:00Z,106.8823,107.3932,106.86,107.375
2020-09-21T13:53:00Z,107.378,107.44,107.15,107.18
2020-09-21T13:54:00Z,107.1715,107.55,107.1715,107.5
2020-09-21T13:55:00Z,107.5,107.5,106.6201,106.6589
2020-09-21T13:56:00Z,106.66,107.1283,106.6376,107.06
2020-09-21T13:57:00Z,107.061,107.4,107.02,107.3394
2020-09-21T13:58:00Z,107.3152,107.85,107.25,107.7919
2020-09-21T13:59:00Z,107.761,107.79,107.3,107.36
2020-09-21T14:00:00Z,107.36,107.7,107.25,107.627
2020-09-21T14:01:00Z,107.615,107.615,107.27,107.4267
2020-09-21T14:02:00Z,107.42,107.42,106.62,106.6615
2020-09-21T14:03:00Z,106.6863,106.94,106.43,106.45
2020-09-21T14:04:00Z,106.4515,106.66,106.28,106.405
2020-09-21T14:05:00Z,106.41,106.6,104.52,106.3564
2020-09-21T14:06:00Z,106.3612,106.4,106.14,106.19
2020-09-21T14:07:00Z,106.19,106.57,106.18,106.555
2020-09-21T14:08:00Z,106.555,106.73,106.4,106.73
2020-09-21T14:09:00Z,106.71,107.13,106.6101,107.03
2020-09-21T14:10:00Z,107,107.26,106.86,107.182
2020-09-21T14:11:00Z,107.2,107.39,106.9602,107.035
2020-09-21T14:12:00Z,107.0499,107.11,106.71,106.7432
2020-09-21T14:13:00Z,106.73,106.93,106.59,106.78
2020-09-21T14:14:00Z,106.775,107.06,106.58,106.595
2020-09-21T14:15:00Z,106.5802,106.59,106.33,106.49
2020-09-21T14:16:00Z,106.49,106.9,106.37,106.4633
2020-09-21T14:17:00Z,106.46,106.77,106.4,106.659
2020-09-21T14:18:00Z,106.651,106.69,106.3461,106.4893
2020-09-21T14:19:00Z,106.49,106.495,106.28,106.46
2020-09-21T14:20:00Z,106.4585,106.68,106.33,106.425
2020-09-21T14:21:00Z,106.41,106.52,106.25,106.2635
2020-09-21T14:22:00Z,106.27,106.2799,105.94,106.0601
2020-09-21T14:23:00Z,106.0599,106.09,105.71,105.78
2020-09-21T14:24:00Z,105.785,106.03,103.26,105.931
2020-09-21T14:25:00Z,105.94,106,105.63,105.66
2020-09-21T14:26:00Z,105.66,105.92,104,105.645
2020-09-21T14:27:00Z,105.65,105.84,105.52,105.58
2020-09-21T14:28:00Z,105.575,105.58,105.29,105.4556
2020-09-21T14:29:00Z,105.4366,105.55,105.3,105.43
2020-09-21T14:30:00Z,105.42,105.79,105.31,105.55
2020-09-21T14:31:00Z,105.57,105.6,105.26,105.5454
2020-09-21T14:32:00Z,105.54,105.55,105.24,105.2949
2020-09-21T14:33:00Z,105.3,105.56,103.52,105.462
2020-09-21T14:34:00Z,105.47,105.86,105.4,105.74
2020-09-21T14:35:00Z,105.757,105.77,105.47,105.589
2020-09-21T14:36:00Z,105.5822,105.5822,105.3553,105.4352
2020-09-21T14:37:00Z,105.425,105.4299,105.1,105.3
2020-09-21T14:38:00Z,105.29,105.559,105.1,105.136
2020-09-21T14:39:00Z,105.13,105.3,104.89,104.9599
2020-09-21T14:40:00Z,104.94,105.229,104.84,104.91
2020-09-21T14:41:00Z,104.91,105.26,104.905,105.2101
2020-09-21T14:42:00Z,105.2155,105.37,105.13,105.2475
2020-09-21T14:43:00Z,105.26,105.32,104.97,105.06
2020-09-21T14:44:00Z,105.05,105.15,104.93,105.02
2020-09-21T14:45:00Z,105.015,105.34,104.935,105.17
2020-09-21T14:46:00Z,105.1713,105.2148,104.9099,105
2020-09-21T14:47:00Z,105,105,104.77,104.8501
2020-09-21T14:48:00Z,104.84,105.0438,104.65,104.98
2020-09-21T14:49:00Z,104.971,105.19,104.8892,105.1105
2020-09-21T14:50:00Z,105.11,105.13,104.93,105.0201
2020-09-21T14:51:00Z,105.035,105.06,104.7439,104.765
2020-09-21T14:52:00Z,104.7699,104.795,104.56,104.71
2020-09-21T14:53:00Z,104.7023,105.43,104.7,105.37
2020-09-21T14:54:00Z,105.41,105.59,105.3,105.405
2020-09-21T14:55:00Z,105.405,105.4287,105.19,105.27
2020-09-21T14:56:00Z,105.27,105.31,105.02,105.227
2020-09-21T14:57:00Z,105.225,105.39,105.1,105.31
2020-09-21T14:58:00Z,105.3226,105.3226,105.17,105.31
2020-09-21T14:59:00Z,105.3,105.42,105.18,105.2199
2020-09-21T15:00:00Z,105.225,105.3,104,105.27
2020-09-21T15:01:00Z,105.27,105.68,105.17,105.6348
2020-09-21T15:02:00Z,105.63,105.78,105.47,105.75
2020-09-21T15:03:00Z,105.75,105.93,105.73,105.79
2020-09-21T15:04:00Z,105.7846,106.04,105.71,105.71
2020-09-21T15:05:00Z,105.715,105.75,105.5,105.74
2020-09-21T15:06:00Z,105.7301,105.83,105.57,105.594
2020-09-21T15:07:00Z,105.58,105.61,105.31,105.475
2020-09-21T15:08:00Z,105.48,105.57,105.4403,105.535
2020-09-21T15:09:00Z,105.5306,105.79,105.53,105.62
2020-09-21T15:10:00Z,105.63,105.73,105.56,105.72
2020-09-21T15:11:00Z,105.72,105.92,105.67,105.847
2020-09-21T15:12:00Z,105.855,105.98,103.64,105.745
2020-09-21T15:13:00Z,105.74,105.89,105.64,105.725
2020-09-21T15:14:00Z,105.71,105.78,105.5,105.5
2020-09-21T15:15:00Z,105.514,105.55,105.31,105.31
2020-09-21T15:16:00Z,105.33,105.45,105.22,105.425
2020-09-21T15:17:00Z,105.4225,105.43,105.25,105.262
2020-09-21T15:18:00Z,105.2691,105.36,105.195,105.32
2020-09-21T15:19:00Z,105.3399,105.34,105.16,105.33
2020-09-21T15:20:00Z,105.34,105.59,105.34,105.46
2020-09-21T15:21:00Z,105.47,105.5137,105.33,105.3499
2020-09-21T15:22:00Z,105.3401,105.39,105.21,105.359
2020-09-21T15:23:00Z,105.36,105.3699,105.23,105.2789
2020-09-21T15:24:00Z,105.27,105.275,105.12,105.2285
2020-09-21T15:25:00Z,105.2299,105.2299,104.9,104.9311
2020-09-21T15:26:00Z,104.93,105.2,104.91,105.155
2020-09-21T15:27:00Z,105.156,105.46,105.12,105.38
2020-09-21T15:28:00Z,105.395,105.52,105.36,105.4701
2020-09-21T15:29:00Z,105.48,105.64,105.4,105.5835
2020-09-21T15:30:00Z,105.5829,105.61,105.24,105.56
2020-09-21T15:31:00Z,105.5668,105.73,105.5574,105.615
2020-09-21T15:32:00Z,105.6212,105.6329,105.3,105.31
2020-09-21T15:33:00Z,105.32,105.335,105.21,105.3
2020-09-21T15:34:00Z,105.3,105.42,105.23,105.3
2020-09-21T15:35:00Z,105.32,105.38,105.18,105.34
2020-09-21T15:36:00Z,105.34,105.6,105.33,105.554
2020-09-21T15:37:00Z,105.5407,105.84,105.53,105.78
2020-09-21T15:38:00Z,105.775,105.78,105.62,105.7199
2020-09-21T15:39:00Z,105.7199,105.8,105.57,105.6161
2020-09-21T15:40:00Z,105.63,105.67,105.5,105.6398
2020-09-21T15:41:00Z,105.635,105.7999,105.5906,105.67
2020-09-21T15:42:00Z,105.69,106.06,105.69,105.9801
2020-09-21T15:43:00Z,105.995,106.09,105.84,105.84
2020-09-21T15:44:00Z,105.8499,105.95,105.81,105.84
2020-09-21T15:45:00Z,105.84,106.03,105.83,106.0101
2020-09-21T15:46:00Z,106.0292,106.14,105.95,105.96
2020-09-21T15:47:00Z,105.97,106.25,105.97,106.245
2020-09-21T15:48:00Z,106.245,106.27,106.11,106.115
2020-09-21T15:49:00Z,106.11,106.31,106.11,106.168
2020-09-21T15:50:00Z,106.16,106.2414,106.13,106.2087
2020-09-21T15:51:00Z,106.2178,106.28,106.17,106.22
2020-09-21T15:52:00Z,106.2308,106.41,106.23,106.38
2020-09-21T15:53:00Z,106.39,106.43,104.04,106.41
2020-09-21T15:54:00Z,106.4,106.51,106.36,106.449
2020-09-21T15:55:00Z,106.45,106.45,106.24,106.31
2020-09-21T15:56:00Z,106.32,106.39,106.16,106.21
2020-09-21T15:57:00Z,106.22,106.35,106.22,106.35
2020-09-21T15:58:00Z,106.35,106.43,106.26,106.345
2020-09-21T15:59:00Z,106.34,106.48,104.04,106.47
2020-09-21T16:00:00Z,106.4714,106.8,103.75,106.75
2020-09-21T16:01:00Z,106.75,106.81,106.63,106.8099
2020-09-21T16:02:00Z,106.82,106.8282,106.63,106.685
2020-09-21T16:03:00Z,106.67,106.86,106.65,106.855
2020-09-21T16:04:00Z,106.85,107,106.83,106.975
2020-09-21T16:05:00Z,106.975,107.11,106.89,107.065
2020-09-21T16:06:00Z,107.0799,107.36,107.04,107.31
2020-09-21T16:07:00Z,107.31,107.4999,104.04,107.4324
2020-09-21T16:08:00Z,107.45,107.5,104.04,107.45
2020-09-21T16:09:00Z,107.46,107.48,104.04,107.1181
2020-09-21T16:10:00Z,107.12,107.14,104,106.84
2020-09-21T16:11:00Z,106.835,107.0165,104,106.92
2020-09-21T16:12:00Z,106.94,106.99,104,106.88
2020-09-21T16:13:00Z,106.87,106.8999,106.68,106.6901
2020-09-21T16:14:00Z,106.71,106.79,106.67,106.79
2020-09-21T16:15:00Z,106.7899,106.82,106.71,106.7719
2020-09-21T16:16:00Z,106.78,106.92,106.77,106.91
2020-09-21T16:17:00Z,106.915,107.2,106.91,107.19
2020-09-21T16:18:00Z,107.2,107.2,107.04,107.09
2020-09-21T16:19:00Z,107.099,107.19,107,107.025
2020-09-21T16:20:00Z,107.02,107.18,106.9,106.92
2020-09-21T16:21:00Z,106.91,106.92,106.64,106.67
2020-09-21T16:22:00Z,106.6755,106.858,106.6,106.8
2020-09-21T16:23:00Z,106.8099,106.93,106.809,106.89
2020-09-21T16:24:00Z,106.9,107.2593,106.8557,107.18
2020-09-21T16:25:00Z,107.18,107.18,107.02,107.0289
2020-09-21T16:26:00Z,107.03,107.28,107.03,107.2
2020-09-21T16:27:00Z,107.2,107.52,107.1875,107.46
2020-09-21T16:28:00Z,107.46,107.57,107.33,107.38
2020-09-21T16:29:00Z,107.37,107.42,107.27,107.3693
2020-09-21T16:30:00Z,107.38,107.38,107.23,107.35
2020-09-21T16:31:00Z,107.3416,107.4599,107.15,107.1729
2020-09-21T16:32:00Z,107.1682,107.19,107.04,107.1601
2020-09-21T16:33:00Z,107.17,107.2,106.9615,106.98
2020-09-21T16:34:00Z,106.9894,107.12,106.93,107.1
2020-09-21T16:35:00Z,107.1,107.2,107.08,107.11
2020-09-21T16:36:00Z,107.11,107.29,107.11,107.24
2020-09-21T16:37:00Z,107.235,107.3,107.1884,107.23
2020-09-21T16:38:00Z,107.2299,107.2299,107.02,107.073
2020-09-21T16:39:00Z,107.08,107.16,107.01,107.02
2020-09-21T16:40:00Z,107.03,107.33,106.89,107.27
2020-09-21T16:41:00Z,107.29,107.29,107.06,107.1101
2020-09-21T16:42:00Z,107.1214,107.19,107.055,107.16
2020-09-21T16:43:00Z,107.15,107.16,106.93,106.98
2020-09-21T16:44:00Z,106.9885,107.12,106.87,106.9613
2020-09-21T16:45:00Z,106.965,107.061,106.81,106.81
2020-09-21T16:46:00Z,106.8145,106.84,106.68,106.76
2020-09-21T16:47:00Z,106.75,106.89,106.69,106.875
2020-09-21T16:48:00Z,106.89,106.97,106.8118,106.94
2020-09-21T16:49:00Z,106.92,106.99,106.87,106.965
2020-09-21T16:50:00Z,106.96,106.98,106.8,106.9491
2020-09-21T16:51:00Z,106.94,107.16,106.9217,106.9692
2020-09-21T16:52:00Z,106.96,107.14,106.9317,107.07
2020-09-21T16:53:00Z,107.06,107.32,107.02,107.2416
2020-09-21T16:54:00Z,107.24,107.26,107.1207,107.198
2020-09-21T16:55:00Z,107.2,107.36,107.13,107.26
2020-09-21T16:56:00Z,107.26,107.3099,107.16,107.18
2020-09-21T16:57:00Z,107.185,107.185,106.86,106.87
2020-09-21T16:58:00Z,106.8798,106.96,106.67,106.675
2020-09-21T16:59:00Z,106.68,106.8,104,106.785
2020-09-21T17:00:00Z,106.78,106.86,106.7508,106.7764
2020-09-21T17:01:00Z,106.775,106.775,106.3,106.3484
2020-09-21T17:02:00Z,106.35,106.57,106.35,106.52
2020-09-21T17:03:00Z,106.52,106.63,106.4716,106.61
2020-09-21T17:04:00Z,106.6,106.69,106.54,106.6101
2020-09-21T17:05:00Z,106.62,106.63,106.39,106.58
2020-09-21T17:06:00Z,106.56,106.77,106.5,106.72
2020-09-21T17:07:00Z,106.73,106.73,106.55,106.62
2020-09-21T17:08:00Z,106.625,106.73,106.5701,106.6815
2020-09-21T17:09:00Z,106.68,106.78,106.6501,106.75
2020-09-21T17:10:00Z,106.74,106.75,106.57,106.69
2020-09-21T17:11:00Z,106.67,106.93,106.6651,106.9031
2020-09-21T17:12:00Z,106.895,106.95,106.77,106.92
2020-09-21T17:13:00Z,106.94,107.06,106.93,107.0316
2020-09-21T17:14:00Z,107.035,107.12,106.93,107.1
2020-09-21T17:15:00Z,107.085,107.31,107.08,107.26
2020-09-21T17:16:00Z,107.26,107.44,107.06,107.4
2020-09-21T17:17:00Z,107.38,107.47,107.34,107.42
2020-09-21T17:18:00Z,107.4101,107.43,107.24,107.29
2020-09-21T17:19:00Z,107.3,107.4,107.17,107.215
2020-09-21T17:20:00Z,107.215,107.39,107.2,107.3099
2020-09-21T17:21:00Z,107.3,107.6496,107.29,107.64
2020-09-21T17:22:00Z,107.62,107.62,107.3701,107.4443
2020-09-21T17:23:00Z,107.4493,107.53,107.3,107.32
2020-09-21T17:24:00Z,107.3265,107.5,107.3265,107.4223
2020-09-21T17:25:00Z,107.4232,107.47,107.27,107.35
2020-09-21T17:26:00Z,107.355,107.4,107.22,107.29
2020-09-21T17:27:00Z,107.3,107.39,107.27,107.375
2020-09-21T17:28:00Z,107.38,107.47,107.26,107.3
2020-09-21T17:29:00Z,107.3,107.33,107.13,107.2315
2020-09-21T17:30:00Z,107.23,107.38,107.21,107.33
2020-09-21T17:31:00Z,107.339,107.63,107.31,107.59
2020-09-21T17:32:00Z,107.6001,107.61,107.43,107.4695
2020-09-21T17:33:00Z,107.48,107.58,107.44,107.4915
2020-09-21T17:34:00Z,107.49,107.65,107.49,107.55
2020-09-21T17:35:00Z,107.54,107.59,107.4,107.41
2020-09-21T17:36:00Z,107.42,107.6497,107.42,107.5925
2020-09-21T17:37:00Z,107.5933,107.75,107.5803,107.75
2020-09-21T17:38:00Z,107.745,107.77,107.65,107.6886
2020-09-21T17:39:00Z,107.69,107.8,107.67,107.7255
2020-09-21T17:40:00Z,107.74,107.8,107.65,107.68
2020-09-21T17:41:00Z,107.6799,107.71,107.5,107.55
2020-09-21T17:42:00Z,107.5501,107.56,107.4,107.53
2020-09-21T17:43:00Z,107.5399,107.6,107.3475,107.395
2020-09-21T17:44:00Z,107.3999,107.4946,107.36,107.3693
2020-09-21T17:45:00Z,107.36,107.3716,106.92,107.0052
2020-09-21T17:46:00Z,107.02,107.19,107.015,107.1501
2020-09-21T17:47:00Z,107.16,107.26,107.1101,107.23
2020-09-21T17:48:00Z,107.22,107.28,107.1,107.14
2020-09-21T17:49:00Z,107.1514,107.17,106.95,107.0665
2020-09-21T17:50:00Z,107.07,107.2,107.0581,107.18
2020-09-21T17:51:00Z,107.17,107.25,107.12,107.2199
2020-09-21T17:52:00Z,107.22,107.23,106.97,107.0587
2020-09-21T17:53:00Z,107.055,107.1745,107.05,107.148
2020-09-21T17:54:00Z,107.1446,107.1446,106.96,106.99
2020-09-21T17:55:00Z,106.98,106.9842,106.72,106.9201
2020-09-21T17:56:00Z,106.94,107.06,106.937,107.0101
2020-09-21T17:57:00Z,107.05,107.09,106.95,107.025
2020-09-21T17:58:00Z,107.0225,107.13,106.99,107.075
2020-09-21T17:59:00Z,107.08,107.11,106.98,107.0992
2020-09-21T18:00:00Z,107.1,107.21,107.05,107.1118
2020-09-21T18:01:00Z,107.11,107.33,107.09,107.2799
2020-09-21T18:02:00Z,107.276,107.279,106.98,107.0414
2020-09-21T18:03:00Z,107.0494,107.19,107,107.1553
2020-09-21T18:04:00Z,107.16,107.365,107.15,107.335
2020-09-21T18:05:00Z,107.3316,107.3389,107,107.0948
2020-09-21T18:06:00Z,107.08,107.11,106.8,106.86
2020-09-21T18:07:00Z,106.864,106.99,106.77,106.99
2020-09-21T18:08:00Z,106.99,107.05,106.9,106.9874
2020-09-21T18:09:00Z,106.99,107,106.86,106.94
2020-09-21T18:10:00Z,106.9399,107.07,106.83,106.8763
2020-09-21T18:11:00Z,106.871,106.94,106.76,106.83
2020-09-21T18:12:00Z,106.84,106.9101,106.77,106.87
2020-09-21T18:13:00Z,106.875,107.02,106.78,107
2020-09-21T18:14:00Z,107,107.04,106.86,107.0065
2020-09-21T18:15:00Z,107.005,107.13,107,107.08
2020-09-21T18:16:00Z,107.0765,107.0899,106.96,107.015
2020-09-21T18:17:00Z,107.02,107.0998,106.85,106.88
2020-09-21T18:18:00Z,106.87,106.889,106.68,106.71
2020-09-21T18:19:00Z,106.71,106.94,106.7,106.8611
2020-09-21T18:20:00Z,106.85,106.92,106.81,106.8899
2020-09-21T18:21:00Z,106.8815,106.97,106.815,106.945
2020-09-21T18:22:00Z,106.95,107.0699,106.9117,107.023
2020-09-21T18:23:00Z,107.022,107.19,107,107.1377
2020-09-21T18:24:00Z,107.13,107.13,107,107.0301
2020-09-21T18:25:00Z,107.0324,107.12,106.92,107.1
2020-09-21T18:26:00Z,107.11,107.18,107.065,107.11
2020-09-21T18:27:00Z,107.11,107.24,107.1,107.1558
2020-09-21T18:28:00Z,107.159,107.1899,107.05,107.13
2020-09-21T18:29:00Z,107.122,107.205,107.12,107.145
2020-09-21T18:30:00Z,107.14,107.15,106.88,106.99
2020-09-21T18:31:00Z,107,107.06,106.94,106.98
2020-09-21T18:32:00Z,106.9976,107.02,106.88,106.96
2020-09-21T18:33:00Z,106.9684,106.99,106.78,106.81
2020-09-21T18:34:00Z,106.81,106.99,106.791,106.945
2020-09-21T18:35:00Z,106.945,106.99,106.865,106.9699
2020-09-21T18:36:00Z,106.97,107.02,106.91,106.96
2020-09-21T18:37:00Z,106.95,106.98,106.86,106.98
2020-09-21T18:38:00Z,106.98,106.98,106.86,106.92
2020-09-21T18:39:00Z,106.92,106.935,106.84,106.9201
2020-09-21T18:40:00Z,106.93,106.9348,106.865,106.905
2020-09-21T18:41:00Z,106.91,106.93,106.83,106.84
2020-09-21T18:42:00Z,106.86,106.94,105.3362,106.7982
2020-09-21T18:43:00Z,106.8,106.8099,106.461,106.515
2020-09-21T18:44:00Z,106.52,106.66,105.3362,106.6219
2020-09-21T18:45:00Z,106.6174,106.74,106.58,106.69
2020-09-21T18:46:00Z,106.69,106.78,106.66,106.74
2020-09-21T18:47:00Z,106.74,106.777,106.66,106.715
2020-09-21T18:48:00Z,106.7152,106.75,106.58,106.7099
2020-09-21T18:49:00Z,106.705,106.705,106.62,106.6266
2020-09-21T18:50:00Z,106.64,106.85,106.64,106.797
2020-09-21T18:51:00Z,106.79,107.02,106.77,107
2020-09-21T18:52:00Z,107,107.05,106.93,107.04
2020-09-21T18:53:00Z,107.03,107.06,106.98,107.0226
2020-09-21T18:54:00Z,107.0299,107.06,106.96,107.0599
2020-09-21T18:55:00Z,107.0577,107.25,107.04,107.25
2020-09-21T18:56:00Z,107.2499,107.32,107.15,107.31
2020-09-21T18:57:00Z,107.305,107.32,107.18,107.241
2020-09-21T18:58:00Z,107.2496,107.45,107.2243,107.3352
2020-09-21T18:59:00Z,107.34,107.38,107.3083,107.33
2020-09-21T19:00:00Z,107.34,107.42,107.23,107.4199
2020-09-21T19:01:00Z,107.42,107.66,107.4101,107.6
2020-09-21T19:02:00Z,107.6084,107.6383,107.5424,107.5424
2020-09-21T19:03:00Z,107.55,107.59,107.49,107.59
2020-09-21T19:04:00Z,107.5801,107.75,107.58,107.745
2020-09-21T19:05:00Z,107.745,107.7773,107.62,107.72
2020-09-21T19:06:00Z,107.72,107.82,107.7,107.78
2020-09-21T19:07:00Z,107.77,107.7801,107.62,107.6658
2020-09-21T19:08:00Z,107.665,107.88,107.66,107.84
2020-09-21T19:09:00Z,107.84,107.98,107.78,107.94
2020-09-21T19:10:00Z,107.93,107.945,107.79,107.8316
2020-09-21T19:11:00Z,107.83,107.93,107.82,107.93
2020-09-21T19:12:00Z,107.9379,108,107.92,107.941
2020-09-21T19:13:00Z,107.9301,107.96,107.83,107.8599
2020-09-21T19:14:00Z,107.85,107.97,107.84,107.96
2020-09-21T19:15:00Z,107.96,108.25,107.9301,108.217
2020-09-21T19:16:00Z,108.22,108.235,108.0704,108.18
2020-09-21T19:17:00Z,108.155,108.39,108.155,108.36
2020-09-21T19:18:00Z,108.35,108.5,108.27,108.32
2020-09-21T19:19:00Z,108.33,108.49,108.3296,108.405
2020-09-21T19:20:00Z,108.4,108.5,108.22,108.2684
2020-09-21T19:21:00Z,108.27,108.36,108.05,108.125
2020-09-21T19:22:00Z,108.13,108.5,108.13,108.48
2020-09-21T19:23:00Z,108.49,108.6,108.45,108.575
2020-09-21T19:24:00Z,108.58,108.69,108.5417,108.6703
2020-09-21T19:25:00Z,108.675,108.69,108.5,108.57
2020-09-21T19:26:00Z,108.57,108.7,108.53,108.65
2020-09-21T19:27:00Z,108.66,108.67,108.3615,108.52
2020-09-21T19:28:00Z,108.53,108.58,108.38,108.46
2020-09-21T19:29:00Z,108.4572,108.52,108.42,108.445
2020-09-21T19:30:00Z,108.45,108.6693,108.445,108.62
2020-09-21T19:31:00Z,108.62,108.78,108.6115,108.6115
2020-09-21T19:32:00Z,108.62,108.6209,108.41,108.485
2020-09-21T19:33:00Z,108.485,108.55,108.33,108.385
2020-09-21T19:34:00Z,108.384,108.71,108.3701,108.7
2020-09-21T19:35:00Z,108.6901,108.9,108.65,108.879
2020-09-21T19:36:00Z,108.85,109,108.83,108.9877
2020-09-21T19:37:00Z,108.9709,109.05,108.84,109.01
2020-09-21T19:38:00Z,109,109.35,109,109.28
2020-09-21T19:39:00Z,109.29,109.46,109.11,109.325
2020-09-21T19:40:00Z,109.325,109.4,108.89,108.98
2020-09-21T19:41:00Z,108.98,109.12,108.93,109.0199
2020-09-21T19:42:00Z,109.026,109.28,109.02,109.061
2020-09-21T19:43:00Z,109.06,109.23,108.82,109.185
2020-09-21T19:44:00Z,109.185,109.36,109.15,109.17
2020-09-21T19:45:00Z,109.18,109.475,109.16,109.46
2020-09-21T19:46:00Z,109.455,109.465,109.13,109.2
2020-09-21T19:47:00Z,109.19,109.26,109.0196,109.1421
2020-09-21T19:48:00Z,109.12,109.25,109.1,109.16
2020-09-21T19:49:00Z,109.17,109.24,109.05,109.1
2020-09-21T19:50:00Z,109.07,109.47,109.01,109.435
2020-09-21T19:51:00Z,109.42,109.4448,109.23,109.36
2020-09-21T19:52:00Z,109.34,109.53,109.32,109.45
2020-09-21T19:53:00Z,109.45,109.66,109.44,109.59
2020-09-21T19:54:00Z,109.59,109.7,109.42,109.6309
2020-09-21T19:55:00Z,109.62,109.8,109.56,109.7599
2020-09-21T19:56:00Z,109.75,109.85,109.73,109.8199
2020-09-21T19:57:00Z,109.815,110,109.79,109.965
2020-09-21T19:58:00Z,109.97,110,109.9,109.975
2020-09-21T19:59:00Z,109.9792,110.19,109.88,110.13
