2020-03-24T13:30:00Z,236.77,237.5,235.72,237.02
2020-03-24T13:31:00Z,237.117,237.298,235.5,235.82
2020-03-24T13:32:00Z,235.9298,236.44,235.37,236.415
2020-03-24T13:33:00Z,236.38,237.31,236.31,237.3
2020-03-24T13:34:00Z,237.265,237.87,237.12,237.515
2020-03-24T13:35:00Z,237.52,237.6835,236.48,236.9499
2020-03-24T13:36:00Z,236.83,236.99,236.14,236.6875
2020-03-24T13:37:00Z,236.6538,236.68,235.1104,235.19
2020-03-24T13:38:00Z,235.24,235.87,234.795,234.9639
2020-03-24T13:39:00Z,235,235.6,234.3,235.6
2020-03-24T13:40:00Z,235.56,235.97,235.04,235.7499
2020-03-24T13:41:00Z,235.79,236.1,234.77,235.11
2020-03-24T13:42:00Z,235.12,235.389,234.5312,234.66
2020-03-24T13:43:00Z,234.6875,235.48,234.68,235.305
2020-03-24T13:44:00Z,235.34,235.58,234.91,235.35
2020-03-24T13:45:00Z,235.33,236.8,235.33,236.24
2020-03-24T13:46:00Z,236.21,236.62,235.61,236.5035
2020-03-24T13:47:00Z,236.508,237.45,236.44,237.42
2020-03-24T13:48:00Z,237.45,237.57,236.33,236.41
2020-03-24T13:49:00Z,236.41,236.775,235.85,236.215
2020-03-24T13:50:00Z,236.25,237.07,235.93,236.67
2020-03-24T13:51:00Z,236.625,236.93,236.3,236.85
2020-03-24T13:52:00Z,236.897,237.64,236.74,237.285
2020-03-24T13:53:00Z,237.275,237.78,237.26,237.59
2020-03-24T13:54:00Z,237.64,237.75,237.11,237.46
2020-03-24T13:55:00Z,237.46,237.58,236.9,237.305
2020-03-24T13:56:00Z,237.3,237.4,236.76,236.8801
2020-03-24T13:57:00Z,236.92,237.17,236.54,236.6862
2020-03-24T13:58:00Z,236.6983,236.99,236.28,236.42
2020-03-24T13:59:00Z,236.41,236.77,236.17,236.5263
2020-03-24T14:00:00Z,236.5,237.04,236.42,236.52
2020-03-24T14:01:00Z,236.5406,236.93,235.71,236.2
2020-03-24T14:02:00Z,236.18,236.77,235.86,236.7688
2020-03-24T14:03:00Z,236.69,237.18,236.65,236.81
2020-03-24T14:04:00Z,236.7906,236.98,236.23,236.56
2020-03-24T14:05:00Z,236.65,237.49,236.62,237.18
2020-03-24T14:06:00Z,237.18,237.65,237.06,237.29
2020-03-24T14:07:00Z,237.35,238.12,237.21,237.7959
2020-03-24T14:08:00Z,237.8,238.21,237.57,237.615
2020-03-24T14:09:00Z,237.6301,238.2,237.59,238.05
2020-03-24T14:10:00Z,238.01,238.11,237.66,238.0038
2020-03-24T14:11:00Z,237.98,238.75,237.96,238.6361
2020-03-24T14:12:00Z,238.644,239.18,238.3,239.0944
2020-03-24T14:13:00Z,239.1,239.49,239.09,239.31
2020-03-24T14:14:00Z,239.33,240.05,239.31,240
2020-03-24T14:15:00Z,240.01,240.4,239.57,240.34
2020-03-24T14:16:00Z,240.32,240.63,240.13,240.4504
2020-03-24T14:17:00Z,240.44,240.57,239.77,239.8
2020-03-24T14:18:00Z,239.8,240.1,239.51,239.8388
2020-03-24T14:19:00Z,239.8542,240.23,239.38,240.23
2020-03-24T14:20:00Z,240.24,240.27,239.4401,239.4401
2020-03-24T14:21:00Z,239.46,239.6999,239.06,239.44
2020-03-24T14:22:00Z,239.43,240.09,239.285,240.06
2020-03-24T14:23:00Z,240.06,240.928,239.76,240.928
2020-03-24T14:24:00Z,240.93,242,240.68,241.92
2020-03-24T14:25:00Z,241.9199,242.74,241.78,242.67
2020-03-24T14:26:00Z,242.66,243.1823,242.57,242.773
2020-03-24T14:27:00Z,242.75,242.81,242.2101,242.69
2020-03-24T14:28:00Z,242.75,243.44,242.54,242.6009
2020-03-24T14:29:00Z,242.61,242.6899,241.738,241.738
2020-03-24T14:30:00Z,241.74,241.83,241.17,241.81
2020-03-24T14:31:00Z,241.84,242.25,241.58,241.7051
2020-03-24T14:32:00Z,241.75,241.7998,241.5,241.77
2020-03-24T14:33:00Z,241.77,242.57,241.55,242.41
2020-03-24T14:34:00Z,242.3749,242.65,242.04,242.1464
2020-03-24T14:35:00Z,242.1318,242.33,241.35,241.41
2020-03-24T14:36:00Z,241.4001,241.9998,241.37,241.505
2020-03-24T14:37:00Z,241.52,241.7,241.172,241.2548
2020-03-24T14:38:00Z,241.25,241.91,241.24,241.7418
2020-03-24T14:39:00Z,241.685,242.08,241.54,241.76
2020-03-24T14:40:00Z,241.7,242.1,241.13,242.085
2020-03-24T14:41:00Z,242.085,242.18,241.71,242.075
2020-03-24T14:42:00Z,242.04,242.5,241.93,242.4028
2020-03-24T14:43:00Z,242.39,242.67,242.2,242.41
2020-03-24T14:44:00Z,242.48,242.5662,242.1,242.26
2020-03-24T14:45:00Z,242.25,242.44,241.9,242.3703
2020-03-24T14:46:00Z,242.3785,242.3785,241.5,241.6
2020-03-24T14:47:00Z,241.595,242.17,241.58,241.8171
2020-03-24T14:48:00Z,241.8256,242.26,241.69,242.23
2020-03-24T14:49:00Z,242.23,242.25,241.33,241.44
2020-03-24T14:50:00Z,241.48,242.0894,241.31,241.75
2020-03-24T14:51:00Z,241.73,241.7599,241.3,241.42
2020-03-24T14:52:00Z,241.45,241.69,241.31,241.48
2020-03-24T14:53:00Z,241.4798,241.9,241.22,241.46
2020-03-24T14:54:00Z,241.46,241.69,241.1,241.58
2020-03-24T14:55:00Z,241.5717,241.61,241.1,241.485
2020-03-24T14:56:00Z,241.465,241.72,241.3,241.628
2020-03-24T14:57:00Z,241.61,241.73,241.03,241.03
2020-03-24T14:58:00Z,241.08,241.29,240.8002,241.15
2020-03-24T14:59:00Z,241.15,241.5,240.91,241.2001
2020-03-24T15:00:00Z,241.2,241.91,241.199,241.72
2020-03-24T15:01:00Z,241.75,242.2592,241.71,242.12
2020-03-24T15:02:00Z,242.13,242.22,241.86,242.07
2020-03-24T15:03:00Z,242.07,242.07,241.55,241.64
2020-03-24T15:04:00Z,241.63,241.84,240.905,240.95
2020-03-24T15:05:00Z,241,241.075,240.15,240.15
2020-03-24T15:06:00Z,240.12,240.49,239.5911,239.6601
2020-03-24T15:07:00Z,239.71,239.7181,239.05,239.5286
2020-03-24T15:08:00Z,239.5757,240.38,239.44,240.039
2020-03-24T15:09:00Z,240.05,240.22,239.8,239.8126
2020-03-24T15:10:00Z,239.8272,239.94,239.5,239.85
2020-03-24T15:11:00Z,239.86,239.92,239.38,239.6082
2020-03-24T15:12:00Z,239.65,239.75,239.19,239.61
2020-03-24T15:13:00Z,239.6225,240.57,239.46,240.15
2020-03-24T15:14:00Z,240.18,240.59,240.07,240.3954
2020-03-24T15:15:00Z,240.5,240.53,239.8,240.03
2020-03-24T15:16:00Z,240.045,240.79,239.76,240.7898
2020-03-24T15:17:00Z,240.7395,241.0397,240.27,240.3877
2020-03-24T15:18:00Z,240.32,240.84,240.25,240.49
2020-03-24T15:19:00Z,240.48,240.64,239.98,240.255
2020-03-24T15:20:00Z,240.27,240.52,240.11,240.19
2020-03-24T15:21:00Z,240.175,240.36,240.07,240.16
2020-03-24T15:22:00Z,240.16,240.5,240.1308,240.4799
2020-03-24T15:23:00Z,240.4704,240.5,240.06,240.23
2020-03-24T15:24:00Z,240.2,240.33,239.91,240.0275
2020-03-24T15:25:00Z,240.0224,240.6,240.0224,240.4373
2020-03-24T15:26:00Z,240.47,240.77,240.47,240.66
2020-03-24T15:27:00Z,240.67,240.93,240.52,240.6036
2020-03-24T15:28:00Z,240.63,240.9,240.63,240.86
2020-03-24T15:29:00Z,240.84,241,240.6256,240.69
2020-03-24T15:30:00Z,240.71,240.8768,240.415,240.53
2020-03-24T15:31:00Z,240.54,240.54,239.96,240.07
2020-03-24T15:32:00Z,240.1,240.185,239.8,240.0452
2020-03-24T15:33:00Z,240.0501,240.19,239.8,239.95
2020-03-24T15:34:00Z,239.94,240.429,239.94,240.25
2020-03-24T15:35:00Z,240.25,240.75,240.25,240.75
2020-03-24T15:36:00Z,240.735,240.77,240.52,240.57
2020-03-24T15:37:00Z,240.59,240.67,240.35,240.65
2020-03-24T15:38:00Z,240.68,240.72,240.39,240.55
2020-03-24T15:39:00Z,240.55,241,240.46,240.925
2020-03-24T15:40:00Z,240.94,241,240.8,240.98
2020-03-24T15:41:00Z,240.9791,241.75,240.93,241.3
2020-03-24T15:42:00Z,241.2898,241.5,241.1236,241.21
2020-03-24T15:43:00Z,241.265,241.79,241.19,241.76
2020-03-24T15:44:00Z,241.7104,241.8015,241.45,241.55
2020-03-24T15:45:00Z,241.57,241.7,241.35,241.5854
2020-03-24T15:46:00Z,241.56,241.8,241.38,241.42
2020-03-24T15:47:00Z,241.4055,241.46,241.07,241.22
2020-03-24T15:48:00Z,241.21,241.23,240.83,241.033
2020-03-24T15:49:00Z,241.06,241.14,240.61,240.8
2020-03-24T15:50:00Z,240.84,241.08,240.5,240.5876
2020-03-24T15:51:00Z,240.57,241.1,240.5,240.8608
2020-03-24T15:52:00Z,240.86,241.3,240.86,241.3
2020-03-24T15:53:00Z,241.28,241.44,241.03,241.41
2020-03-24T15:54:00Z,241.35,241.59,241.21,241.37
2020-03-24T15:55:00Z,241.38,241.82,241.3287,241.745
2020-03-24T15:56:00Z,241.745,242.35,241.73,242.24
2020-03-24T15:57:00Z,242.2225,242.3,241.6282,241.7785
2020-03-24T15:58:00Z,241.75,242.06,241.64,242
2020-03-24T15:59:00Z,242,242.3,241.81,242.2999
2020-03-24T16:00:00Z,242.2946,242.57,242.06,242.39
2020-03-24T16:01:00Z,242.34,242.39,241.97,242.1038
2020-03-24T16:02:00Z,242.13,242.1894,241.62,241.72
2020-03-24T16:03:00Z,241.7102,242,241.52,241.9584
2020-03-24T16:04:00Z,242,242.1362,241.81,241.9099
2020-03-24T16:05:00Z,241.8626,242.39,241.83,242.21
2020-03-24T16:06:00Z,242.19,242.2123,241.59,241.64
2020-03-24T16:07:00Z,241.615,241.81,241.33,241.74
2020-03-24T16:08:00Z,241.785,242.01,241.57,241.65
2020-03-24T16:09:00Z,241.73,241.88,241.5301,241.76
2020-03-24T16:10:00Z,241.79,242.02,241.55,242.01
2020-03-24T16:11:00Z,242.02,242.06,241.63,241.67
2020-03-24T16:12:00Z,241.68,241.81,241.23,241.4062
2020-03-24T16:13:00Z,241.33,241.75,241.33,241.49
2020-03-24T16:14:00Z,241.4748,241.77,241.3,241.4324
2020-03-24T16:15:00Z,241.43,241.91,241.28,241.67
2020-03-24T16:16:00Z,241.66,241.93,241.57,241.71
2020-03-24T16:17:00Z,241.75,241.88,241.45,241.591
2020-03-24T16:18:00Z,241.63,241.6898,241.3,241.4718
2020-03-24T16:19:00Z,241.45,241.65,241.4,241.5499
2020-03-24T16:20:00Z,241.5,242,241.4,241.93
2020-03-24T16:21:00Z,241.9068,241.92,241.51,241.73
2020-03-24T16:22:00Z,241.72,242.1,241.6503,241.955
2020-03-24T16:23:00Z,241.97,242.25,241.92,242.2
2020-03-24T16:24:00Z,242.16,242.4,241.9423,242.1
2020-03-24T16:25:00Z,242.09,242.23,241.92,242.15
2020-03-24T16:26:00Z,242.1226,242.31,241.92,242.27
2020-03-24T16:27:00Z,242.26,242.5,242.12,242.415
2020-03-24T16:28:00Z,242.43,242.5,242.28,242.38
2020-03-24T16:29:00Z,242.38,242.58,242.26,242.58
2020-03-24T16:30:00Z,242.555,242.6,242.25,242.46
2020-03-24T16:31:00Z,242.44,242.46,242.12,242.25
2020-03-24T16:32:00Z,242.25,242.42,242.12,242.335
2020-03-24T16:33:00Z,242.33,242.55,242.31,242.48
2020-03-24T16:34:00Z,242.49,242.55,242.31,242.54
2020-03-24T16:35:00Z,242.55,242.56,242.3,242.38
2020-03-24T16:36:00Z,242.375,242.52,242.12,242.33
2020-03-24T16:37:00Z,242.37,242.63,242.32,242.57
2020-03-24T16:38:00Z,242.54,242.7199,242.45,242.68
2020-03-24T16:39:00Z,242.6675,243.08,242.6,242.83
2020-03-24T16:40:00Z,242.82,242.94,242.44,242.63
2020-03-24T16:41:00Z,242.6043,242.7237,242.3,242.4
2020-03-24T16:42:00Z,242.395,242.5,241.9647,242.23
2020-03-24T16:43:00Z,242.2447,242.64,242.1,242.61
2020-03-24T16:44:00Z,242.59,242.94,242.57,242.86
2020-03-24T16:45:00Z,242.84,242.84,242.48,242.59
2020-03-24T16:46:00Z,242.5899,242.7,241.94,242.055
2020-03-24T16:47:00Z,242.0535,242.2,241.7,241.75
2020-03-24T16:48:00Z,241.78,242.02,241.5668,241.9801
2020-03-24T16:49:00Z,241.9811,242.16,241.86,242.0231
2020-03-24T16:50:00Z,242.07,242.09,241.45,241.7
2020-03-24T16:51:00Z,241.695,242.14,241.67,241.74
2020-03-24T16:52:00Z,241.78,241.89,241.2,241.27
2020-03-24T16:53:00Z,241.2501,241.55,241.02,241.55
2020-03-24T16:54:00Z,241.56,241.67,241.15,241.54
2020-03-24T16:55:00Z,241.53,241.93,241.47,241.79
2020-03-24T16:56:00Z,241.82,242,241.58,241.86
2020-03-24T16:57:00Z,241.81,241.9,241.43,241.6638
2020-03-24T16:58:00Z,241.64,241.71,240.9,240.9
2020-03-24T16:59:00Z,240.9126,241.14,240.12,240.23
2020-03-24T17:00:00Z,240.25,240.83,240.19,240.73
2020-03-24T17:01:00Z,240.72,241.43,240.689,241.2113
2020-03-24T17:02:00Z,241.23,241.43,240.99,241.22
2020-03-24T17:03:00Z,241.23,241.38,240.867,240.9316
2020-03-24T17:04:00Z,240.919,241,240.3,240.35
2020-03-24T17:05:00Z,240.29,240.33,239.9,240.108
2020-03-24T17:06:00Z,240.14,240.51,240.12,240.15
2020-03-24T17:07:00Z,240.155,240.18,239.612,239.91
2020-03-24T17:08:00Z,239.95,240.24,239.74,240.02
2020-03-24T17:09:00Z,240.01,240.08,239.41,239.6554
2020-03-24T17:10:00Z,239.69,239.6977,239.24,239.25
2020-03-24T17:11:00Z,239.25,239.89,239.24,239.745
2020-03-24T17:12:00Z,239.8,239.93,239.52,239.74
2020-03-24T17:13:00Z,239.69,240.05,239.41,239.945
2020-03-24T17:14:00Z,239.979,240.69,239.9745,240.53
2020-03-24T17:15:00Z,240.5652,240.73,240.36,240.53
2020-03-24T17:16:00Z,240.5222,240.59,239.96,240.1
2020-03-24T17:17:00Z,240.0916,240.35,239.6701,239.87
2020-03-24T17:18:00Z,239.81,239.94,239.44,239.7654
2020-03-24T17:19:00Z,239.79,240.15,239.6,240.09
2020-03-24T17:20:00Z,240.125,240.125,239.06,239.29
2020-03-24T17:21:00Z,239.2416,239.5,238.8624,238.96
2020-03-24T17:22:00Z,238.94,239.42,238.93,239.0801
2020-03-24T17:23:00Z,239.07,239.87,239.0601,239.794
2020-03-24T17:24:00Z,239.805,240.09,239.6905,239.87
2020-03-24T17:25:00Z,239.84,239.99,239.42,239.685
2020-03-24T17:26:00Z,239.69,240.36,239.66,240.2439
2020-03-24T17:27:00Z,240.23,240.44,239.9,240.304
2020-03-24T17:28:00Z,240.3,240.66,240.2,240.44
2020-03-24T17:29:00Z,240.38,240.5599,240.1142,240.1142
2020-03-24T17:30:00Z,240.11,241.04,240.09,240.76
2020-03-24T17:31:00Z,240.78,241.04,240.64,240.94
2020-03-24T17:32:00Z,240.96,241.23,240.5997,240.85
2020-03-24T17:33:00Z,240.86,241.19,240.75,241.11
2020-03-24T17:34:00Z,241.1487,241.18,240.67,240.695
2020-03-24T17:35:00Z,240.68,240.79,240.31,240.755
2020-03-24T17:36:00Z,240.74,240.95,240.38,240.51
2020-03-24T17:37:00Z,240.5401,240.6107,240.3201,240.515
2020-03-24T17:38:00Z,240.49,240.93,240.49,240.83
2020-03-24T17:39:00Z,240.8171,240.96,240.53,240.6877
2020-03-24T17:40:00Z,240.75,240.93,240.5,240.75
2020-03-24T17:41:00Z,240.73,240.76,240.03,240.262
2020-03-24T17:42:00Z,240.26,240.41,239.89,240.03
2020-03-24T17:43:00Z,240.01,240.43,239.83,240.0701
2020-03-24T17:44:00Z,240.04,240.5006,240,240.4466
2020-03-24T17:45:00Z,240.4,240.58,240.21,240.51
2020-03-24T17:46:00Z,240.535,240.85,240.4176,240.8
2020-03-24T17:47:00Z,240.8007,240.8284,240.2,240.25
2020-03-24T17:48:00Z,240.31,240.43,239.8,239.97
2020-03-24T17:49:00Z,239.9,240.04,239.38,239.65
2020-03-24T17:50:00Z,239.6369,239.7494,239.1,239.101
2020-03-24T17:51:00Z,239.15,239.41,239.07,239.1069
2020-03-24T17:52:00Z,239.11,239.185,238.36,238.51
2020-03-24T17:53:00Z,238.54,238.9499,238.44,238.65
2020-03-24T17:54:00Z,238.74,239.18,238.74,239.09
2020-03-24T17:55:00Z,239.07,239.27,238.78,239.165
2020-03-24T17:56:00Z,239.14,239.68,239.115,239.47
2020-03-24T17:57:00Z,239.5299,239.5299,238.96,239.22
2020-03-24T17:58:00Z,239.21,239.22,238.66,238.725
2020-03-24T17:59:00Z,238.76,239.05,238.14,238.54
2020-03-24T18:00:00Z,238.56,238.88,238.3,238.815
2020-03-24T18:01:00Z,238.87,239.01,238.745,238.9
2020-03-24T18:02:00Z,238.95,239.07,238.45,238.57
2020-03-24T18:03:00Z,238.51,238.6,238.09,238.2099
2020-03-24T18:04:00Z,238.26,238.34,237.65,237.66
2020-03-24T18:05:00Z,237.69,238.0899,237.68,237.91
2020-03-24T18:06:00Z,237.89,238.26,237.72,237.885
2020-03-24T18:07:00Z,237.93,238,237.33,237.73
2020-03-24T18:08:00Z,237.74,237.76,237.14,237.46
2020-03-24T18:09:00Z,237.46,237.63,237.2,237.3171
2020-03-24T18:10:00Z,237.335,237.53,236.5401,236.7468
2020-03-24T18:11:00Z,236.71,237.19,236.7,237.022
2020-03-24T18:12:00Z,237.063,237.68,236.8306,237.3906
2020-03-24T18:13:00Z,237.42,237.9199,236.97,237.2
2020-03-24T18:14:00Z,237.18,237.4,236.83,237.32
2020-03-24T18:15:00Z,237.33,238.49,237.1701,238.23
2020-03-24T18:16:00Z,238.11,238.9,238.0601,238.74
2020-03-24T18:17:00Z,238.71,239.01,238.58,238.7901
2020-03-24T18:18:00Z,238.82,239.23,238.64,238.77
2020-03-24T18:19:00Z,238.7393,238.83,238.03,238.32
2020-03-24T18:20:00Z,238.3,238.7099,238.18,238.18
2020-03-24T18:21:00Z,238.29,238.4399,237.89,238.25
2020-03-24T18:22:00Z,238.32,239,238.2701,238.69
2020-03-24T18:23:00Z,238.6849,239.1504,238.6,238.96
2020-03-24T18:24:00Z,238.995,239.21,238.7401,239.16
2020-03-24T18:25:00Z,239.181,239.25,238.75,238.79
2020-03-24T18:26:00Z,238.8,239.19,238.6391,239.18
2020-03-24T18:27:00Z,239.1445,239.2199,238.8323,239.14
2020-03-24T18:28:00Z,239.1541,239.83,239.08,239.77
2020-03-24T18:29:00Z,239.72,239.745,239.39,239.4735
2020-03-24T18:30:00Z,239.47,239.55,238.6,238.7191
2020-03-24T18:31:00Z,238.71,239.0376,238.65,238.93
2020-03-24T18:32:00Z,238.96,239.07,238.6201,239
2020-03-24T18:33:00Z,238.97,239.22,238.63,238.9004
2020-03-24T18:34:00Z,238.965,239.35,238.84,239.1504
2020-03-24T18:35:00Z,239.1942,240,239.18,239.94
2020-03-24T18:36:00Z,239.93,240.43,239.89,240.1027
2020-03-24T18:37:00Z,240.095,240.75,239.98,240.64
2020-03-24T18:38:00Z,240.61,240.7,239.81,240.56
2020-03-24T18:39:00Z,240.575,240.87,240.14,240.81
2020-03-24T18:40:00Z,240.82,241.47,240.77,241.195
2020-03-24T18:41:00Z,241.2204,241.56,240.9,241.5263
2020-03-24T18:42:00Z,241.56,242.01,241.48,241.5682
2020-03-24T18:43:00Z,241.55,241.83,241.22,241.3124
2020-03-24T18:44:00Z,241.39,241.79,241.2,241.77
2020-03-24T18:45:00Z,241.7,241.99,241.62,241.74
2020-03-24T18:46:00Z,241.77,241.93,241.03,241.32
2020-03-24T18:47:00Z,241.3158,241.66,240.89,241.0021
2020-03-24T18:48:00Z,240.98,241.22,240.352,240.4299
2020-03-24T18:49:00Z,240.39,240.9571,240.35,240.7399
2020-03-24T18:50:00Z,240.75,241.6,240.6,241.3948
2020-03-24T18:51:00Z,241.35,241.48,241.02,241.22
2020-03-24T18:52:00Z,241.26,241.45,240.84,240.9587
2020-03-24T18:53:00Z,240.985,242.025,240.9609,241.85
2020-03-24T18:54:00Z,241.85,242.1899,241.67,241.98
2020-03-24T18:55:00Z,241.97,242.29,241.6201,242.19
2020-03-24T18:56:00Z,242.1944,242.75,242.01,242.6457
2020-03-24T18:57:00Z,242.6144,242.67,242.2281,242.5
2020-03-24T18:58:00Z,242.46,242.7,242.3689,242.4944
2020-03-24T18:59:00Z,242.53,243,242.33,242.89
2020-03-24T19:00:00Z,242.88,243,242.38,242.5
2020-03-24T19:01:00Z,242.4835,242.88,242.25,242.8064
2020-03-24T19:02:00Z,242.82,242.83,242.25,242.5401
2020-03-24T19:03:00Z,242.56,242.5794,242.1,242.35
2020-03-24T19:04:00Z,242.3226,242.73,242.29,242.64
2020-03-24T19:05:00Z,242.645,243.4,242.5582,243.055
2020-03-24T19:06:00Z,243.07,243.49,243.04,243.3214
2020-03-24T19:07:00Z,243.33,243.82,243.31,243.68
2020-03-24T19:08:00Z,243.7,244.26,243.61,244.09
2020-03-24T19:09:00Z,244.06,244.41,243.763,244.41
2020-03-24T19:10:00Z,244.36,244.365,243.81,244.23
2020-03-24T19:11:00Z,244.23,244.5,243.8502,244.14
2020-03-24T19:12:00Z,244.11,244.13,243.1,243.52
2020-03-24T19:13:00Z,243.55,243.87,243.3701,243.69
2020-03-24T19:14:00Z,243.6666,244.04,243.42,243.9899
2020-03-24T19:15:00Z,244.0366,244.19,243.6272,244.05
2020-03-24T19:16:00Z,244.07,244.18,243.39,243.45
2020-03-24T19:17:00Z,243.4667,243.4667,242.62,243.06
2020-03-24T19:18:00Z,243.0992,243.71,243.0901,243.685
2020-03-24T19:19:00Z,243.72,243.73,243.25,243.5072
2020-03-24T19:20:00Z,243.48,243.65,243.01,243.415
2020-03-24T19:21:00Z,243.41,243.78,243.37,243.5369
2020-03-24T19:22:00Z,243.59,244.02,243.53,243.9199
2020-03-24T19:23:00Z,243.8974,243.93,243.2278,243.417
2020-03-24T19:24:00Z,243.37,243.61,243.18,243.46
2020-03-24T19:25:00Z,243.47,243.64,242.86,243.275
2020-03-24T19:26:00Z,243.2872,243.77,243.1,243.73
2020-03-24T19:27:00Z,243.77,244.17,243.62,243.66
2020-03-24T19:28:00Z,243.61,243.74,243.34,243.61
2020-03-24T19:29:00Z,243.62,243.703,243.4,243.645
2020-03-24T19:30:00Z,243.68,243.76,243.24,243.54
2020-03-24T19:31:00Z,243.59,244.01,243.29,244
2020-03-24T19:32:00Z,243.99,244.18,243.79,244.125
2020-03-24T19:33:00Z,244.12,244.2798,243.92,244.12
2020-03-24T19:34:00Z,244.09,244.3,243.68,244.06
2020-03-24T19:35:00Z,244.085,244.2,243.73,243.8124
2020-03-24T19:36:00Z,243.78,243.8452,243.2,243.65
2020-03-24T19:37:00Z,243.58,244.1957,243.55,243.89
2020-03-24T19:38:00Z,243.92,244.1,243.58,244.072
2020-03-24T19:39:00Z,244.06,244.38,243.82,244.05
2020-03-24T19:40:00Z,244.03,244.45,244.02,244.365
2020-03-24T19:41:00Z,244.3723,244.5,244.27,244.405
2020-03-24T19:42:00Z,244.42,244.56,244,244.31
2020-03-24T19:43:00Z,244.28,244.75,244.24,244.65
2020-03-24T19:44:00Z,244.67,244.8,244.27,244.46
2020-03-24T19:45:00Z,244.43,244.65,243.61,243.8
2020-03-24T19:46:00Z,243.82,244.175,243.6,244.13
2020-03-24T19:47:00Z,244.12,244.17,243.35,243.65
2020-03-24T19:48:00Z,243.67,244,243.22,243.4305
2020-03-24T19:49:00Z,243.435,244.08,243.3947,243.56
2020-03-24T19:50:00Z,243.51,243.85,243.12,243.16
2020-03-24T19:51:00Z,243.19,244.07,243.19,243.9944
2020-03-24T19:52:00Z,244.03,244.26,243.81,244.06
2020-03-24T19:53:00Z,244.12,244.26,243.81,244.2
2020-03-24T19:54:00Z,244.22,245.25,244.01,245.1265
2020-03-24T19:55:00Z,245.1309,245.6,244.97,245.415
2020-03-24T19:56:00Z,245.44,246,245.26,245.95
2020-03-24T19:57:00Z,245.94,246.4,245.7,246.315
2020-03-24T19:58:00Z,246.34,246.43,245.68,245.91
2020-03-24T19:59:00Z,245.91,247.69,244.88,246.88
