2020-01-21T13:30:00Z,317.11,317.11,317.11,317.11
2020-01-21T13:31:00Z,317.11,317.11,317.05,317.05
2020-01-21T13:32:00Z,317.03,317.03,317.03,317.03
2020-01-21T13:33:00Z,317.0998,317.0998,317.0998,317.0998
2020-01-21T13:34:00Z,317.1,317.11,317.05,317.11
2020-01-21T13:35:00Z,317.0501,317.1,317.05,317.1
2020-01-21T13:36:00Z,317.0501,317.1,317.0501,317.1
2020-01-21T13:37:00Z,317.09,317.09,317.03,317.09
2020-01-21T13:38:00Z,317.01,317.01,316.9,316.9
2020-01-21T13:39:00Z,316.91,316.97,316.85,316.89
2020-01-21T13:40:00Z,316.85,316.89,316.82,316.82
2020-01-21T13:41:00Z,316.81,316.85,316.8,316.8
2020-01-21T13:42:00Z,316.92,316.92,316.92,316.92
2020-01-21T13:43:00Z,316.93,316.93,316.9,316.9
2020-01-21T13:44:00Z,316.82,316.89,316.81,316.89
2020-01-21T13:45:00Z,316.82,316.8348,316.81,316.8348
2020-01-21T13:46:00Z,316.82,316.88,316.8101,316.88
2020-01-21T13:47:00Z,316.88,316.9,316.82,316.82
2020-01-21T13:48:00Z,316.84,316.9,316.82,316.9
2020-01-21T13:50:00Z,316.9,316.9799,316.87,316.91
2020-01-21T13:51:00Z,316.91,316.91,316.9,316.9
2020-01-21T13:52:00Z,316.86,316.96,316.86,316.96
2020-01-21T13:53:00Z,316.9599,316.96,316.9599,316.96
2020-01-21T13:54:00Z,316.9,316.9,316.86,316.9
2020-01-21T13:55:00Z,316.8999,316.8999,316.81,316.81
2020-01-21T13:56:00Z,316.87,316.87,316.8,316.85
2020-01-21T13:57:00Z,316.8,316.85,316.78,316.85
2020-01-21T13:58:00Z,316.8,316.8,316.8,316.8
2020-01-21T13:59:00Z,316.8361,316.89,316.8,316.8
2020-01-21T14:01:00Z,316.82,316.95,316.82,316.95
2020-01-21T14:02:00Z,316.95,316.95,316.9,316.92
2020-01-21T14:03:00Z,316.97,316.977,316.935,316.935
2020-01-21T14:04:00Z,316.96,316.98,316.96,316.98
2020-01-21T14:05:00Z,316.98,317.09,316.98,317.09
2020-01-21T14:07:00Z,317.01,317.02,317.01,317.02
2020-01-21T14:09:00Z,317.06,317.15,317.0502,317.15
2020-01-21T14:10:00Z,317.1002,317.15,317.1,317.15
2020-01-21T14:11:00Z,317.11,317.11,317.05,317.05
2020-01-21T14:12:00Z,317.1,317.1,317.09,317.09
2020-01-21T14:13:00Z,317.06,317.09,317.05,317.06
2020-01-21T14:14:00Z,317.08,317.15,317.08,317.15
2020-01-21T14:15:00Z,317.16,317.25,317.1502,317.16
2020-01-21T14:16:00Z,317.25,317.3,317.17,317.3
2020-01-21T14:17:00Z,317.3,317.3,317.17,317.17
2020-01-21T14:18:00Z,317.28,317.28,317.21,317.21
2020-01-21T14:19:00Z,317.21,317.25,317.21,317.25
2020-01-21T14:20:00Z,317.25,317.3,317.25,317.3
2020-01-21T14:21:00Z,317.28,317.3,317.28,317.3
2020-01-21T14:22:00Z,317.3,317.3,317.22,317.22
2020-01-21T14:24:00Z,317.25,317.25,317.21,317.25
2020-01-21T14:25:00Z,317.3,317.46,317.3,317.45
2020-01-21T14:26:00Z,317.46,317.46,317.44,317.44
2020-01-21T14:27:00Z,317.44,317.44,317.34,317.34
2020-01-21T14:28:00Z,317.3,317.34,317.1,317.2
2020-01-21T14:29:00Z,317.26,317.26,317,317
2020-01-21T14:30:00Z,317.01,317.4,316.9,317
2020-01-21T14:31:00Z,317.01,317.4799,316.65,317.4743
2020-01-21T14:32:00Z,317.42,317.93,317.4138,317.75
2020-01-21T14:33:00Z,317.73,318.1,317.52,317.7
2020-01-21T14:34:00Z,317.76,317.9272,317.62,317.79
2020-01-21T14:35:00Z,317.785,317.97,317.45,317.5097
2020-01-21T14:36:00Z,317.56,317.69,317.22,317.3428
2020-01-21T14:37:00Z,317.36,317.4799,317.13,317.19
2020-01-21T14:38:00Z,317.21,317.35,316.95,317.2217
2020-01-21T14:39:00Z,317.26,317.544,317.23,317.44
2020-01-21T14:40:00Z,317.46,317.69,317.3,317.5575
2020-01-21T14:41:00Z,317.54,317.64,317.4301,317.5108
2020-01-21T14:42:00Z,317.545,317.6533,317.4,317.53
2020-01-21T14:43:00Z,317.53,317.7994,317.2945,317.79
2020-01-21T14:44:00Z,317.7601,318.13,317.6298,317.8092
2020-01-21T14:45:00Z,317.8,317.978,317.6,317.91
2020-01-21T14:46:00Z,317.92,318.34,317.914,318.25
2020-01-21T14:47:00Z,318.26,318.47,318.17,318.37
2020-01-21T14:48:00Z,318.39,318.8,318.39,318.8
2020-01-21T14:49:00Z,318.8,318.86,318.5152,318.64
2020-01-21T14:50:00Z,318.64,318.66,318.36,318.49
2020-01-21T14:51:00Z,318.5,318.74,318.49,318.56
2020-01-21T14:52:00Z,318.5,318.515,318.38,318.465
2020-01-21T14:53:00Z,318.4586,318.6399,318.4586,318.54
2020-01-21T14:54:00Z,318.5425,318.75,318.44,318.73
2020-01-21T14:55:00Z,318.76,318.76,318.47,318.535
2020-01-21T14:56:00Z,318.52,318.52,318.22,318.29
2020-01-21T14:57:00Z,318.2899,318.45,318.0517,318.4
2020-01-21T14:58:00Z,318.4,318.6,318.33,318.47
2020-01-21T14:59:00Z,318.461,318.54,317.5,318.19
2020-01-21T15:00:00Z,318.23,318.58,318.17,318.5358
2020-01-21T15:01:00Z,318.56,319.02,318.56,318.9268
2020-01-21T15:02:00Z,318.935,318.98,318.179472,318.89
2020-01-21T15:03:00Z,318.916,318.916,318.695,318.695
2020-01-21T15:04:00Z,318.7,318.79,318.6,318.76
2020-01-21T15:05:00Z,318.78,318.9,318.695,318.76
2020-01-21T15:06:00Z,318.77,318.78,318.46,318.58
2020-01-21T15:07:00Z,318.53,318.58,318.31,318.38
2020-01-21T15:08:00Z,318.38,318.52,318.24,318.43
2020-01-21T15:09:00Z,318.4322,318.5359,317.92,318.0314
2020-01-21T15:10:00Z,318.08,318.09,317.83,317.98
2020-01-21T15:11:00Z,317.97,318.16,317.95,318.08
2020-01-21T15:12:00Z,318.09,318.15,317.91,317.9499
2020-01-21T15:13:00Z,317.96,318.13,317.87,317.87
2020-01-21T15:14:00Z,317.865,318.01,317.77,317.96
2020-01-21T15:15:00Z,317.9568,318.03,317.81,317.83
2020-01-21T15:16:00Z,317.82,317.8432,317.7,317.718
2020-01-21T15:17:00Z,317.73,317.76,317.57,317.665
2020-01-21T15:18:00Z,317.68,317.8867,317.62,317.681
2020-01-21T15:19:00Z,317.685,317.86,317.64,317.827
2020-01-21T15:20:00Z,317.81,317.9474,317.77,317.93
2020-01-21T15:21:00Z,317.94,318.04,317.85,317.9824
2020-01-21T15:22:00Z,318.01,318.07,317.9,317.98
2020-01-21T15:23:00Z,317.9757,318.01,317.83,317.865
2020-01-21T15:24:00Z,317.8699,317.87,317.5766,317.5766
2020-01-21T15:25:00Z,317.575,317.59,317.09,317.29
2020-01-21T15:26:00Z,317.31,317.66,317.29,317.56
2020-01-21T15:27:00Z,317.58,317.79,317.52,317.72
2020-01-21T15:28:00Z,317.71,317.77,317.64,317.7
2020-01-21T15:29:00Z,317.6851,317.85,317.6851,317.7595
2020-01-21T15:30:00Z,317.75,317.79,317.574,317.73
2020-01-21T15:31:00Z,317.73,317.9158,317.73,317.74
2020-01-21T15:32:00Z,317.765,317.8595,317.65,317.72
2020-01-21T15:33:00Z,317.71,317.8912,317.71,317.72
2020-01-21T15:34:00Z,317.71,317.7195,317.51,317.6692
2020-01-21T15:35:00Z,317.6413,317.79,317.59,317.71
2020-01-21T15:36:00Z,317.71,317.92,317.71,317.8959
2020-01-21T15:37:00Z,317.91,318.18,317.9,318.17
2020-01-21T15:38:00Z,318.15,318.15,317.69,317.69
2020-01-21T15:39:00Z,317.69,317.7998,317.665,317.75
2020-01-21T15:40:00Z,317.75,317.89,317.7,317.8
2020-01-21T15:41:00Z,317.819,317.91,317.72,317.8806
2020-01-21T15:42:00Z,317.9077,317.93,317.7,317.716
2020-01-21T15:43:00Z,317.69,317.83,317.68,317.83
2020-01-21T15:44:00Z,317.82,318.05,317.81,317.865
2020-01-21T15:45:00Z,317.8716,317.9069,317.76,317.84
2020-01-21T15:46:00Z,317.828,317.89,317.66,317.68
2020-01-21T15:47:00Z,317.6886,317.77,317.66,317.66
2020-01-21T15:48:00Z,317.66,317.73,317.6,317.69
2020-01-21T15:49:00Z,317.7,317.91,317.7,317.81
2020-01-21T15:50:00Z,317.8,317.8637,317.62,317.6222
2020-01-21T15:51:00Z,317.64,317.6685,317.36,317.36
2020-01-21T15:52:00Z,317.3695,317.46,317.32,317.3957
2020-01-21T15:53:00Z,317.4146,317.6099,317.3925,317.5453
2020-01-21T15:54:00Z,317.53,317.55,317.42,317.48
2020-01-21T15:55:00Z,317.485,317.67,317.38,317.665
2020-01-21T15:56:00Z,317.665,317.7118,317.52,317.5773
2020-01-21T15:57:00Z,317.54,317.59,317.4472,317.56
2020-01-21T15:58:00Z,317.59,317.7007,317.5,317.51
2020-01-21T15:59:00Z,317.51,317.53,317.32,317.38
2020-01-21T16:00:00Z,317.37,317.5,317.28,317.5
2020-01-21T16:01:00Z,317.4534,317.54,317.4,317.5132
2020-01-21T16:02:00Z,317.5005,317.5005,317.33,317.3722
2020-01-21T16:03:00Z,317.37,317.6473,317.35,317.5881
2020-01-21T16:04:00Z,317.5773,317.72,317.5773,317.71
2020-01-21T16:05:00Z,317.7,317.86,317.69,317.83
2020-01-21T16:06:00Z,317.8212,318.02,317.75,318.01
2020-01-21T16:07:00Z,318.01,318.18,318,318.09
2020-01-21T16:08:00Z,318.0816,318.1611,318.02,318.0631
2020-01-21T16:09:00Z,318.09,318.0938,318.02,318.09
2020-01-21T16:10:00Z,318.09,318.09,317.81,317.88
2020-01-21T16:11:00Z,317.88,317.9334,317.84,317.9
2020-01-21T16:12:00Z,317.9,317.95,317.85,317.86
2020-01-21T16:13:00Z,317.85,318.06,317.84,318.001
2020-01-21T16:14:00Z,318.0099,318.1699,318.0099,318.1545
2020-01-21T16:15:00Z,318.1538,318.23,318.11,318.22
2020-01-21T16:16:00Z,318.23,318.475,318.23,318.4
2020-01-21T16:17:00Z,318.4,318.58,318.35,318.4276
2020-01-21T16:18:00Z,318.427,318.5,318.4,318.5
2020-01-21T16:19:00Z,318.4906,318.59,318.462,318.5737
2020-01-21T16:20:00Z,318.5601,318.59,318.45,318.4901
2020-01-21T16:21:00Z,318.5056,318.5336,318.36,318.47
2020-01-21T16:22:00Z,318.485,318.57,318.46,318.4963
2020-01-21T16:23:00Z,318.49,318.49,318.33,318.38
2020-01-21T16:24:00Z,318.385,318.4,318.26,318.33
2020-01-21T16:25:00Z,318.335,318.375,318.2971,318.31
2020-01-21T16:26:00Z,318.3,318.46,318.3,318.4499
2020-01-21T16:27:00Z,318.4341,318.49,318.385,318.445
2020-01-21T16:28:00Z,318.445,318.5099,318.442,318.4574
2020-01-21T16:29:00Z,318.46,318.64,318.45,318.54
2020-01-21T16:30:00Z,318.55,318.63,318.55,318.615
2020-01-21T16:31:00Z,318.6124,318.72,318.6124,318.671
2020-01-21T16:32:00Z,318.675,318.7701,318.63,318.74
2020-01-21T16:33:00Z,318.75,318.76,318.6589,318.695
2020-01-21T16:34:00Z,318.69,318.7027,318.6,318.625
2020-01-21T16:35:00Z,318.625,318.695,318.53,318.69
2020-01-21T16:36:00Z,318.69,318.7399,318.5733,318.6402
2020-01-21T16:37:00Z,318.65,318.7,318.56,318.695
2020-01-21T16:38:00Z,318.6947,318.86,318.68,318.84
2020-01-21T16:39:00Z,318.845,318.8609,318.7739,318.8374
2020-01-21T16:40:00Z,318.83,319,318.76,318.7849
2020-01-21T16:41:00Z,318.8,318.865,318.72,318.775
2020-01-21T16:42:00Z,318.7866,318.8,318.64,318.71
2020-01-21T16:43:00Z,318.705,318.77,318.65,318.71
2020-01-21T16:44:00Z,318.7095,318.74,318.59,318.64
2020-01-21T16:45:00Z,318.66,318.7,318.5836,318.6499
2020-01-21T16:46:00Z,318.645,318.65,318.41,318.42
2020-01-21T16:47:00Z,318.42,318.4532,318.31,318.35
2020-01-21T16:48:00Z,318.36,318.46,318.36,318.42
2020-01-21T16:49:00Z,318.415,318.6011,318.372,318.6011
2020-01-21T16:50:00Z,318.6,318.66,318.47,318.4736
2020-01-21T16:51:00Z,318.48,318.55,318.45,318.55
2020-01-21T16:52:00Z,318.52,318.52,318.3901,318.43
2020-01-21T16:53:00Z,318.4544,318.47,318.385,318.47
2020-01-21T16:54:00Z,318.47,318.4934,318.35,318.46
2020-01-21T16:55:00Z,318.46,318.58,318.4086,318.57
2020-01-21T16:56:00Z,318.57,318.67,318.5568,318.6663
2020-01-21T16:57:00Z,318.6672,318.7,318.59,318.6
2020-01-21T16:58:00Z,318.5868,318.63,318.41,318.4597
2020-01-21T16:59:00Z,318.43,318.5302,318.43,318.46
2020-01-21T17:00:00Z,318.468,318.5032,318.19,318.2396
2020-01-21T17:01:00Z,318.25,318.29,318.17,318.21
2020-01-21T17:02:00Z,318.18,318.25,318.05,318.11
2020-01-21T17:03:00Z,318.1572,318.2464,318.145,318.2
2020-01-21T17:04:00Z,318.21,318.34,318.1,318.11
2020-01-21T17:05:00Z,318.11,318.14,318,318.015
2020-01-21T17:06:00Z,318.02,318.14,317.95,318.1119
2020-01-21T17:07:00Z,318.115,318.22,318.09,318.1026
2020-01-21T17:08:00Z,318.105,318.1326,318.06,318.1256
2020-01-21T17:09:00Z,318.1203,318.26,318.08,318.17
2020-01-21T17:10:00Z,318.16,318.16,318.04,318.04
2020-01-21T17:11:00Z,318.035,318.1099,317.97,318.03
2020-01-21T17:12:00Z,318.02,318.0399,317.93,317.9468
2020-01-21T17:13:00Z,317.95,318.0553,317.95,317.97
2020-01-21T17:14:00Z,317.97,318.117,317.91,318.117
2020-01-21T17:15:00Z,318.105,318.1729,318.06,318.1543
2020-01-21T17:16:00Z,318.17,318.2,317.96,318.0226
2020-01-21T17:17:00Z,318.03,318.04,317.88,317.93
2020-01-21T17:18:00Z,317.92,318.03,317.92,317.9451
2020-01-21T17:19:00Z,317.94,317.97,317.902,317.902
2020-01-21T17:20:00Z,317.915,318.11,317.9103,318.01
2020-01-21T17:21:00Z,318.0147,318.1615,318.0112,318.15
2020-01-21T17:22:00Z,318.18,318.2355,318.1603,318.1901
2020-01-21T17:23:00Z,318.18,318.19,318.1079,318.17
2020-01-21T17:24:00Z,318.165,318.24,318.12,318.19
2020-01-21T17:25:00Z,318.1926,318.33,318.1926,318.264
2020-01-21T17:26:00Z,318.265,318.2678,318.15,318.2499
2020-01-21T17:27:00Z,318.2741,318.29,318.2339,318.2681
2020-01-21T17:28:00Z,318.2774,318.2774,318.19,318.1907
2020-01-21T17:29:00Z,318.2,318.3,318.2,318.21
2020-01-21T17:30:00Z,318.22,318.3,318.15,318.28
2020-01-21T17:31:00Z,318.28,318.46,318.27,318.36
2020-01-21T17:32:00Z,318.3495,318.3556,318.31,318.31
2020-01-21T17:33:00Z,318.28,318.32,318.25,318.285
2020-01-21T17:34:00Z,318.29,318.41,318.29,318.34
2020-01-21T17:35:00Z,318.33,318.36,318.24,318.2596
2020-01-21T17:36:00Z,318.25,318.27,318.21,318.2346
2020-01-21T17:37:00Z,318.2385,318.335,318.14,318.2
2020-01-21T17:38:00Z,318.2056,318.2897,318.18,318.18
2020-01-21T17:39:00Z,318.18,318.33,318.18,318.25
2020-01-21T17:40:00Z,318.2504,318.3093,318.22,318.2489
2020-01-21T17:41:00Z,318.25,318.2578,318.2057,318.2303
2020-01-21T17:42:00Z,318.25,318.293,318.23,318.2808
2020-01-21T17:43:00Z,318.27,318.2939,318.16,318.1796
2020-01-21T17:44:00Z,318.18,318.2185,318.05,318.0528
2020-01-21T17:45:00Z,318.06,318.08,318.0009,318.035
2020-01-21T17:46:00Z,318.035,318.05,317.98,318.0267
2020-01-21T17:47:00Z,318.02,318.02,317.895,317.92
2020-01-21T17:48:00Z,317.93,318,317.83,317.97
2020-01-21T17:49:00Z,317.99,318.02,317.89,317.91
2020-01-21T17:50:00Z,317.91,318.03,317.8,318
2020-01-21T17:51:00Z,317.9963,318.17,317.9963,318.0746
2020-01-21T17:52:00Z,318.06,318.1022,318.02,318.0787
2020-01-21T17:53:00Z,318.06,318.14,318.06,318.06
2020-01-21T17:54:00Z,318.055,318.065,317.9401,317.9854
2020-01-21T17:55:00Z,317.9857,318.03,317.95,317.99
2020-01-21T17:56:00Z,317.9946,318.13,317.97,318.06
2020-01-21T17:57:00Z,318.08,318.1,318.06,318.08
2020-01-21T17:58:00Z,318.0807,318.09,318.05,318.07
2020-01-21T17:59:00Z,318.06,318.1,317.93,317.96
2020-01-21T18:00:00Z,317.99,318.03,317.92,318.0184
2020-01-21T18:01:00Z,318.02,318.066,318.02,318.03
2020-01-21T18:02:00Z,318.04,318.1,317.9966,318.1
2020-01-21T18:03:00Z,318.11,318.2,318.11,318.1736
2020-01-21T18:04:00Z,318.16,318.1799,318.11,318.1799
2020-01-21T18:05:00Z,318.165,318.19,318.1,318.13
2020-01-21T18:06:00Z,318.13,318.17,318.13,318.14
2020-01-21T18:07:00Z,318.14,318.17,318.0919,318.1031
2020-01-21T18:08:00Z,318.12,318.12,318.0797,318.0907
2020-01-21T18:09:00Z,318.0929,318.1591,318.09,318.11
2020-01-21T18:10:00Z,318.1148,318.1148,317.975,317.975
2020-01-21T18:11:00Z,317.98,317.98,317.85,317.87
2020-01-21T18:12:00Z,317.89,317.94,317.86,317.94
2020-01-21T18:13:00Z,317.925,317.95,317.8901,317.939
2020-01-21T18:14:00Z,317.94,318,317.91,317.9879
2020-01-21T18:15:00Z,317.98,317.98,317.85,317.88
2020-01-21T18:16:00Z,317.88,317.92,317.8,317.81
2020-01-21T18:17:00Z,317.8,317.8,317.65,317.65
2020-01-21T18:18:00Z,317.67,317.67,317.4,317.4
2020-01-21T18:19:00Z,317.4,317.54,317.37,317.5
2020-01-21T18:20:00Z,317.4962,317.4962,317.2,317.32
2020-01-21T18:21:00Z,317.31,317.5399,317.24,317.5
2020-01-21T18:22:00Z,317.49,317.52,317.37,317.404
2020-01-21T18:23:00Z,317.42,317.5,317.39,317.4811
2020-01-21T18:24:00Z,317.4818,317.7299,317.48,317.65
2020-01-21T18:25:00Z,317.6799,317.82,317.63,317.7136
2020-01-21T18:26:00Z,317.7099,317.74,317.54,317.605
2020-01-21T18:27:00Z,317.6061,317.6784,317.59,317.6784
2020-01-21T18:28:00Z,317.67,317.76,317.6,317.6006
2020-01-21T18:29:00Z,317.61,317.69,317.57,317.63
2020-01-21T18:30:00Z,317.63,317.76,317.57,317.71
2020-01-21T18:31:00Z,317.671,317.671,317.31,317.3274
2020-01-21T18:32:00Z,317.3462,317.39,317.09,317.1125
2020-01-21T18:33:00Z,317.11,317.39,317.11,317.3599
2020-01-21T18:34:00Z,317.3516,317.45,317.3289,317.34
2020-01-21T18:35:00Z,317.35,317.39,317.1739,317.37
2020-01-21T18:36:00Z,317.3739,317.3739,317.03,317.055
2020-01-21T18:37:00Z,317.05,317.11,316.89,316.92
2020-01-21T18:38:00Z,316.973,317.17,316.9,317.11
2020-01-21T18:39:00Z,317.113,317.295,317.1,317.13
2020-01-21T18:40:00Z,317.11,317.1162,316.79,316.8
2020-01-21T18:41:00Z,316.8,317.05,316.66,317.025
2020-01-21T18:42:00Z,317.01,317.04,316.88,316.9992
2020-01-21T18:43:00Z,317,317.118,316.89,317.1085
2020-01-21T18:44:00Z,317.09,317.09,316.95,317.055
2020-01-21T18:45:00Z,317.04,317.1,316.94,316.9817
2020-01-21T18:46:00Z,316.9914,316.995,316.85,316.94
2020-01-21T18:47:00Z,316.9385,317.06,316.9,317
2020-01-21T18:48:00Z,316.9933,317.16,316.94,317.01
2020-01-21T18:49:00Z,317,317.13,316.954,317.11
2020-01-21T18:50:00Z,317.1215,317.19,317.01,317.0226
2020-01-21T18:51:00Z,317.04,317.13,317.0377,317.05
2020-01-21T18:52:00Z,317.04,317.04,316.8,316.8229
2020-01-21T18:53:00Z,316.88,316.8893,316.69,316.8201
2020-01-21T18:54:00Z,316.81,317.02,316.81,316.93
2020-01-21T18:55:00Z,316.94,317.1,316.87,317.07
2020-01-21T18:56:00Z,317.04,317.065,316.96,316.98
2020-01-21T18:57:00Z,316.9591,317.04,316.81,316.82
2020-01-21T18:58:00Z,316.81,316.8778,316.57,316.57
2020-01-21T18:59:00Z,316.57,316.73,316.34,316.56
2020-01-21T19:00:00Z,316.5662,316.63,316.35,316.5
2020-01-21T19:01:00Z,316.4737,316.65,316.34,316.53
2020-01-21T19:02:00Z,316.59,316.84,316.5691,316.78
2020-01-21T19:03:00Z,316.76,316.89,316.6701,316.7
2020-01-21T19:04:00Z,316.72,316.9588,316.7001,316.9497
2020-01-21T19:05:00Z,316.9268,316.95,316.8301,316.8614
2020-01-21T19:06:00Z,316.85,316.85,316.585,316.6861
2020-01-21T19:07:00Z,316.69,316.8345,316.69,316.8
2020-01-21T19:08:00Z,316.85,316.85,316.7173,316.7173
2020-01-21T19:09:00Z,316.73,317,316.73,317
2020-01-21T19:10:00Z,316.9824,317.12,316.9799,317.11
2020-01-21T19:11:00Z,317.115,317.1898,317.1,317.1384
2020-01-21T19:12:00Z,317.14,317.2658,317.14,317.19
2020-01-21T19:13:00Z,317.198,317.27,317.17,317.18
2020-01-21T19:14:00Z,317.19,317.2,317.0859,317.12
2020-01-21T19:15:00Z,317.1142,317.12,316.93,317.12
2020-01-21T19:16:00Z,317.1,317.15,317,317.13
2020-01-21T19:17:00Z,317.1226,317.18,317.0201,317.0795
2020-01-21T19:18:00Z,317.09,317.18,317.07,317.1069
2020-01-21T19:19:00Z,317.09,317.09,316.87,316.9001
2020-01-21T19:20:00Z,316.91,317,316.775,316.81
2020-01-21T19:21:00Z,316.8,316.87,316.8,316.825
2020-01-21T19:22:00Z,316.82,316.83,316.6596,316.6743
2020-01-21T19:23:00Z,316.6501,316.76,316.6,316.74
2020-01-21T19:24:00Z,316.74,316.78,316.62,316.6293
2020-01-21T19:25:00Z,316.61,316.6499,316.53,316.5858
2020-01-21T19:26:00Z,316.56,316.59,316.38,316.4
2020-01-21T19:27:00Z,316.42,316.61,316.39,316.5
2020-01-21T19:28:00Z,316.49,316.59,316.46,316.4901
2020-01-21T19:29:00Z,316.4985,316.63,316.47,316.59
2020-01-21T19:30:00Z,316.61,316.68,316.51,316.62
2020-01-21T19:31:00Z,316.62,316.65,316.57,316.6292
2020-01-21T19:32:00Z,316.62,316.62,316.435,316.52
2020-01-21T19:33:00Z,316.528,316.58,316.37,316.551
2020-01-21T19:34:00Z,316.5626,316.5626,316.38,316.42
2020-01-21T19:35:00Z,316.4234,316.5,316.2571,316.2895
2020-01-21T19:36:00Z,316.2957,316.45,316.28,316.4184
2020-01-21T19:37:00Z,316.417,316.61,316.417,316.5909
2020-01-21T19:38:00Z,316.595,316.7389,316.5714,316.61
2020-01-21T19:39:00Z,316.63,316.7399,316.63,316.72
2020-01-21T19:40:00Z,316.72,316.7398,316.58,316.6299
2020-01-21T19:41:00Z,316.615,316.71,316.5701,316.67
2020-01-21T19:42:00Z,316.65,316.6885,316.55,316.56
2020-01-21T19:43:00Z,316.5696,316.67,316.54,316.58
2020-01-21T19:44:00Z,316.58,316.621,316.53,316.55
2020-01-21T19:45:00Z,316.551,316.58,316.46,316.5599
2020-01-21T19:46:00Z,316.5724,316.61,316.46,316.5
2020-01-21T19:47:00Z,316.5,316.6,316.46,316.5493
2020-01-21T19:48:00Z,316.55,316.58,316.28,316.3
2020-01-21T19:49:00Z,316.3,316.5,316.3,316.45
2020-01-21T19:50:00Z,316.4502,316.52,316.38,316.52
2020-01-21T19:51:00Z,316.54,316.62,316.4701,316.5583
2020-01-21T19:52:00Z,316.54,316.56,316.42,316.48
2020-01-21T19:53:00Z,316.46,316.7,316.46,316.6601
2020-01-21T19:54:00Z,316.7,316.85,316.62,316.85
2020-01-21T19:55:00Z,316.85,316.8948,316.8,316.828
2020-01-21T19:56:00Z,316.84,316.89,316.81,316.89
2020-01-21T19:57:00Z,316.895,316.94,316.82,316.91
2020-01-21T19:58:00Z,316.89,317,316.82,316.9749
2020-01-21T19:59:00Z,316.961,316.99,316.86,316.8907
