2020-07-08T13:30:00Z,376.75,377.56,376.36,377.37
2020-07-08T13:31:00Z,377.379,377.5352,376.42,377.2218
2020-07-08T13:32:00Z,377.25,377.81,377.23,377.73
2020-07-08T13:33:00Z,377.78,378.14,377.68,378.09
2020-07-08T13:34:00Z,378.04,378.36,377.96,378.36
2020-07-08T13:35:00Z,378.34,378.45,377.7605,377.99
2020-07-08T13:36:00Z,377.97,378.17,377.51,377.76
2020-07-08T13:37:00Z,377.71,378.13,377.68,377.815
2020-07-08T13:38:00Z,377.805,378.1,377.68,378.05
2020-07-08T13:39:00Z,378.0821,378.3,377.9401,378.29
2020-07-08T13:40:00Z,378.3,378.86,378.2763,378.815
2020-07-08T13:41:00Z,378.81,379.12,378.57,378.97
2020-07-08T13:42:00Z,378.96,379.07,378.6,378.69
2020-07-08T13:43:00Z,378.64,378.9,378.33,378.425
2020-07-08T13:44:00Z,378.4101,378.77,378.02,378.64
2020-07-08T13:45:00Z,378.66,379.04,378.6,378.86
2020-07-08T13:46:00Z,378.86,379.03,378.6,379.03
2020-07-08T13:47:00Z,379.03,379.68,378.96,379.6301
2020-07-08T13:48:00Z,379.61,379.88,376.92,379.8702
2020-07-08T13:49:00Z,379.89,379.94,379.635,379.74
2020-07-08T13:50:00Z,379.72,379.78,379.25,379.564
2020-07-08T13:51:00Z,379.5492,379.93,379.37,379.9
2020-07-08T13:52:00Z,379.92,380.35,379.8906,380.3
2020-07-08T13:53:00Z,380.2923,380.59,380.12,380.2199
2020-07-08T13:54:00Z,380.19,380.7342,380.18,380.55
2020-07-08T13:55:00Z,380.56,380.57,379.82,380.4
2020-07-08T13:56:00Z,380.49,380.88,380.4,380.55
2020-07-08T13:57:00Z,380.5663,380.8,380.2582,380.32
2020-07-08T13:58:00Z,380.3399,380.35,380.1,380.32
2020-07-08T13:59:00Z,380.3,380.3125,379.93,380.12
2020-07-08T14:00:00Z,380.1367,380.44,379.71,379.73
2020-07-08T14:01:00Z,379.7,380.26,379.7,380.26
2020-07-08T14:02:00Z,380.2101,380.39,379.83,380.34
2020-07-08T14:03:00Z,380.31,380.44,379.95,380.18
2020-07-08T14:04:00Z,380.18,380.275,379.72,379.865
2020-07-08T14:05:00Z,379.865,380.1523,379.75,379.83
2020-07-08T14:06:00Z,379.82,379.9999,379.6706,379.91
2020-07-08T14:07:00Z,379.93,380,379.78,379.9
2020-07-08T14:08:00Z,379.87,379.93,379.46,379.54
2020-07-08T14:09:00Z,379.58,379.67,379.35,379.38
2020-07-08T14:10:00Z,379.42,379.48,379.06,379.1903
2020-07-08T14:11:00Z,379.1764,379.44,379.11,379.43
2020-07-08T14:12:00Z,379.42,379.97,379.42,379.967
2020-07-08T14:13:00Z,379.94,379.98,379.8,379.84
2020-07-08T14:14:00Z,379.85,379.85,379.46,379.54
2020-07-08T14:15:00Z,379.54,379.557,379.3,379.34
2020-07-08T14:16:00Z,379.327,379.389,379.15,379.2
2020-07-08T14:17:00Z,379.205,379.79,379.196,379.58
2020-07-08T14:18:00Z,379.62,379.88,379.62,379.79
2020-07-08T14:19:00Z,379.8,380.02,379.74,379.97
2020-07-08T14:20:00Z,379.9601,379.9781,379.47,379.47
2020-07-08T14:21:00Z,379.5,379.695,379.48,379.5
2020-07-08T14:22:00Z,379.5,379.87,379.49,379.825
2020-07-08T14:23:00Z,379.831,379.92,379.75,379.815
2020-07-08T14:24:00Z,379.835,379.8497,379.58,379.64
2020-07-08T14:25:00Z,379.6204,379.82,379.41,379.525
2020-07-08T14:26:00Z,379.53,379.55,379.2,379.32
2020-07-08T14:27:00Z,379.292,379.3187,378.99,379.03
2020-07-08T14:28:00Z,378.98,379.01,378.46,378.525
2020-07-08T14:29:00Z,378.515,378.55,378.065,378.27
2020-07-08T14:30:00Z,378.25,378.6199,378.15,378.56
2020-07-08T14:31:00Z,378.59,378.875,378.585,378.765
2020-07-08T14:32:00Z,378.7574,378.85,378.7073,378.829
2020-07-08T14:33:00Z,378.82,378.8543,378.72,378.78
2020-07-08T14:34:00Z,378.7501,378.9899,378.43,378.7
2020-07-08T14:35:00Z,378.7001,378.727,378.41,378.72
2020-07-08T14:36:00Z,378.715,378.95,378.7107,378.87
2020-07-08T14:37:00Z,378.87,378.91,378.7,378.7708
2020-07-08T14:38:00Z,378.81,379.24,378.81,379.11
2020-07-08T14:39:00Z,379.09,379.45,379.07,379.4167
2020-07-08T14:40:00Z,379.415,379.48,379.1,379.4398
2020-07-08T14:41:00Z,379.425,379.75,379.3801,379.72
2020-07-08T14:42:00Z,379.7095,379.73,379.44,379.4403
2020-07-08T14:43:00Z,379.43,379.51,379.25,379.2999
2020-07-08T14:44:00Z,379.27,379.48,379.04,379.48
2020-07-08T14:45:00Z,379.485,379.49,379.07,379.23
2020-07-08T14:46:00Z,379.25,379.46,379.25,379.43
2020-07-08T14:47:00Z,379.43,379.5894,379.39,379.53
2020-07-08T14:48:00Z,379.54,379.63,379.35,379.524
2020-07-08T14:49:00Z,379.54,379.93,379.5139,379.89
2020-07-08T14:50:00Z,379.87,379.93,379.76,379.93
2020-07-08T14:51:00Z,379.91,380.365,379.91,380.25
2020-07-08T14:52:00Z,380.26,380.37,380.18,380.3199
2020-07-08T14:53:00Z,380.32,380.34,380.16,380.3
2020-07-08T14:54:00Z,380.3,380.41,380.0275,380.39
2020-07-08T14:55:00Z,380.375,380.52,380.31,380.3207
2020-07-08T14:56:00Z,380.33,380.4384,380.27,380.29
2020-07-08T14:57:00Z,380.308,380.6,380.19,380.56
2020-07-08T14:58:00Z,380.57,380.6471,380.44,380.49
2020-07-08T14:59:00Z,380.46,380.55,380.32,380.41
2020-07-08T15:00:00Z,380.45,380.57,380.0304,380.2
2020-07-08T15:01:00Z,380.1901,380.325,379.57,379.6678
2020-07-08T15:02:00Z,379.6301,379.75,378.54,378.59
2020-07-08T15:03:00Z,378.6245,379.1099,378.5,379.03
2020-07-08T15:04:00Z,379.01,379.26,378.85,379.02
2020-07-08T15:05:00Z,379.08,379.37,379.0593,379.2302
2020-07-08T15:06:00Z,379.2799,379.43,379.2,379.43
2020-07-08T15:07:00Z,379.41,379.44,378.54,378.77
2020-07-08T15:08:00Z,378.765,378.7953,378.32,378.7799
2020-07-08T15:09:00Z,378.785,378.9199,378.67,378.79
2020-07-08T15:10:00Z,378.77,379.09,378.62,379.06
2020-07-08T15:11:00Z,379.04,379.26,379.0201,379.24
2020-07-08T15:12:00Z,379.24,379.55,379.16,379.49
2020-07-08T15:13:00Z,379.52,379.65,379.43,379.46
2020-07-08T15:14:00Z,379.4899,379.6999,379.39,379.6401
2020-07-08T15:15:00Z,379.66,379.71,379.2,379.465
2020-07-08T15:16:00Z,379.44,379.55,379.13,379.15
2020-07-08T15:17:00Z,379.1801,379.28,379.06,379.245
2020-07-08T15:18:00Z,379.2016,379.2016,378.6,378.68
2020-07-08T15:19:00Z,378.72,378.72,377.87,377.9249
2020-07-08T15:20:00Z,377.97,378.202,377.41,377.4411
2020-07-08T15:21:00Z,377.47,377.8,377.4,377.56
2020-07-08T15:22:00Z,377.56,377.8,377.17,377.29
2020-07-08T15:23:00Z,377.245,377.39,376.67,376.97
2020-07-08T15:24:00Z,377.0125,377.665,376.827,377.6525
2020-07-08T15:25:00Z,377.645,377.86,377.4,377.6
2020-07-08T15:26:00Z,377.575,377.8698,377.25,377.78
2020-07-08T15:27:00Z,377.81,377.87,377.57,377.7799
2020-07-08T15:28:00Z,377.74,378.24,377.74,378.07
2020-07-08T15:29:00Z,378.07,378.56,378.01,378.3752
2020-07-08T15:30:00Z,378.42,378.59,378.3,378.51
2020-07-08T15:31:00Z,378.565,378.66,378.5,378.6334
2020-07-08T15:32:00Z,378.59,378.67,378.41,378.56
2020-07-08T15:33:00Z,378.535,378.63,378.37,378.4535
2020-07-08T15:34:00Z,378.45,378.66,378.41,378.44
2020-07-08T15:35:00Z,378.42,378.465,378.23,378.31
2020-07-08T15:36:00Z,378.33,378.565,378.2601,378.275
2020-07-08T15:37:00Z,378.28,378.47,378.18,378.36
2020-07-08T15:38:00Z,378.32,378.5999,378.16,378.54
2020-07-08T15:39:00Z,378.5431,378.65,378.4899,378.64
2020-07-08T15:40:00Z,378.64,378.68,378.4,378.47
2020-07-08T15:41:00Z,378.464,378.63,378.464,378.57
2020-07-08T15:42:00Z,378.565,378.74,378.5242,378.655
2020-07-08T15:43:00Z,378.6999,378.6999,378.47,378.55
2020-07-08T15:44:00Z,378.59,378.96,378.58,378.93
2020-07-08T15:45:00Z,378.91,379.199,378.8676,379.15
2020-07-08T15:46:00Z,379.13,379.13,378.8109,378.8386
2020-07-08T15:47:00Z,378.8503,378.97,378.72,378.85
2020-07-08T15:48:00Z,378.8799,378.96,378.8105,378.92
2020-07-08T15:49:00Z,378.91,379.26,378.8733,379.23
2020-07-08T15:50:00Z,379.24,379.3731,379.05,379.095
2020-07-08T15:51:00Z,379.08,379.259,379.05,379.1002
2020-07-08T15:52:00Z,379.15,379.19,378.92,379.035
2020-07-08T15:53:00Z,379.04,379.38,378.9684,379.38
2020-07-08T15:54:00Z,379.38,379.73,379.38,379.65
2020-07-08T15:55:00Z,379.6814,379.72,379.5,379.54
2020-07-08T15:56:00Z,379.555,379.66,379.29,379.52
2020-07-08T15:57:00Z,379.48,379.6399,379.48,379.635
2020-07-08T15:58:00Z,379.62,379.89,379.57,379.575
2020-07-08T15:59:00Z,379.58,379.76,379.54,379.75
2020-07-08T16:00:00Z,379.79,380.05,379.502,379.5599
2020-07-08T16:01:00Z,379.55,379.59,379.326,379.52
2020-07-08T16:02:00Z,379.5799,379.8614,379.525,379.83
2020-07-08T16:03:00Z,379.8398,379.84,379.53,379.65
2020-07-08T16:04:00Z,379.65,379.8,379.62,379.8
2020-07-08T16:05:00Z,379.82,379.98,379.75,379.92
2020-07-08T16:06:00Z,379.965,380.32,379.87,380.185
2020-07-08T16:07:00Z,380.2,380.35,380.01,380.1775
2020-07-08T16:08:00Z,380.1805,380.21,379.94,379.98
2020-07-08T16:09:00Z,380,380.03,379.86,379.96
2020-07-08T16:10:00Z,379.99,380.2,379.84,380.16
2020-07-08T16:11:00Z,380.1271,380.14,379.94,380.0199
2020-07-08T16:12:00Z,380.0001,380.0599,379.65,379.785
2020-07-08T16:13:00Z,379.79,379.8201,379.56,379.67
2020-07-08T16:14:00Z,379.69,379.775,379.6251,379.6251
2020-07-08T16:15:00Z,379.63,379.67,379.44,379.44
2020-07-08T16:16:00Z,379.435,379.59,379.33,379.59
2020-07-08T16:17:00Z,379.5702,379.9,379.5,379.89
2020-07-08T16:18:00Z,379.875,380.13,379.84,380.065
2020-07-08T16:19:00Z,380.044,380.1,380.015,380.04
2020-07-08T16:20:00Z,380.07,380.09,379.89,379.99
2020-07-08T16:21:00Z,380.02,380.33,380.02,380.23
2020-07-08T16:22:00Z,380.2303,380.37,380.15,380.23
2020-07-08T16:23:00Z,380.24,380.28,380.03,380.08
2020-07-08T16:24:00Z,380.09,380.2,380.0444,380.13
2020-07-08T16:25:00Z,380.1301,380.35,380.1301,380.35
2020-07-08T16:26:00Z,380.35,380.35,380.16,380.21
2020-07-08T16:27:00Z,380.2499,380.27,380.03,380.12
2020-07-08T16:28:00Z,380.09,380.11,379.71,379.82
2020-07-08T16:29:00Z,379.84,379.91,379.68,379.73
2020-07-08T16:30:00Z,379.73,379.95,379.65,379.9
2020-07-08T16:31:00Z,379.88,379.91,379.57,379.68
2020-07-08T16:32:00Z,379.696,379.85,379.67,379.77
2020-07-08T16:33:00Z,379.77,379.95,379.68,379.88
2020-07-08T16:34:00Z,379.9,380.08,379.85,379.955
2020-07-08T16:35:00Z,379.94,379.97,379.76,379.87
2020-07-08T16:36:00Z,379.855,379.88,379.7571,379.775
2020-07-08T16:37:00Z,379.7899,379.81,379.62,379.62
2020-07-08T16:38:00Z,379.64,379.74,379.48,379.69
2020-07-08T16:39:00Z,379.7099,379.74,379.65,379.6701
2020-07-08T16:40:00Z,379.6755,379.81,379.66,379.75
2020-07-08T16:41:00Z,379.715,379.7499,379.2301,379.25
2020-07-08T16:42:00Z,379.24,379.2599,378.77,378.93
2020-07-08T16:43:00Z,378.96,379.0199,378.84,378.87
2020-07-08T16:44:00Z,378.86,379.05,378.7,379.01
2020-07-08T16:45:00Z,379.06,379.286,379.06,379.24
2020-07-08T16:46:00Z,379.2331,379.47,379.2,379.43
2020-07-08T16:47:00Z,379.4499,379.4499,379.31,379.43
2020-07-08T16:48:00Z,379.425,379.45,379.3,379.35
2020-07-08T16:49:00Z,379.36,379.37,379.22,379.37
2020-07-08T16:50:00Z,379.3705,379.58,379.37,379.505
2020-07-08T16:51:00Z,379.4863,379.51,379.3158,379.4369
2020-07-08T16:52:00Z,379.44,379.4599,379.21,379.225
2020-07-08T16:53:00Z,379.2153,379.31,379.13,379.295
2020-07-08T16:54:00Z,379.2934,379.5537,379.27,379.5201
2020-07-08T16:55:00Z,379.55,379.79,379.55,379.78
2020-07-08T16:56:00Z,379.8,380.1,379.8,380.07
2020-07-08T16:57:00Z,380.0898,380.23,379.99,380.156
2020-07-08T16:58:00Z,380.15,380.2714,380.03,380.25
2020-07-08T16:59:00Z,380.25,380.3,380.05,380.29
2020-07-08T17:00:00Z,380.3,380.37,380.07,380.1399
2020-07-08T17:01:00Z,380.12,380.27,380.06,380.15
2020-07-08T17:02:00Z,380.18,380.28,380.1,380.2171
2020-07-08T17:03:00Z,380.23,380.23,379.94,379.99
2020-07-08T17:04:00Z,380.03,380.12,380,380.02
2020-07-08T17:05:00Z,380.01,380.1196,379.81,380.02
2020-07-08T17:06:00Z,380.04,380.14,379.995,380.03
2020-07-08T17:07:00Z,380.04,380.08,379.9601,380.02
2020-07-08T17:08:00Z,380.03,380.22,380.03,380.1099
2020-07-08T17:09:00Z,380.07,380.24,380.07,380.11
2020-07-08T17:10:00Z,380.1,380.165,379.8,379.8201
2020-07-08T17:11:00Z,379.84,379.98,379.82,379.955
2020-07-08T17:12:00Z,379.96,379.99,379.81,379.9884
2020-07-08T17:13:00Z,379.985,380.07,379.91,379.98
2020-07-08T17:14:00Z,379.9722,379.99,379.9,379.935
2020-07-08T17:15:00Z,379.95,379.965,379.85,379.88
2020-07-08T17:16:00Z,379.85,379.9,379.72,379.8
2020-07-08T17:17:00Z,379.82,380.01,379.82,379.92
2020-07-08T17:18:00Z,379.898,379.91,379.72,379.72
2020-07-08T17:19:00Z,379.78,379.875,379.7,379.7
2020-07-08T17:20:00Z,379.6693,379.89,379.6693,379.87
2020-07-08T17:21:00Z,379.8702,379.8702,379.47,379.65
2020-07-08T17:22:00Z,379.64,379.8082,379.6327,379.7112
2020-07-08T17:23:00Z,379.69,379.69,379.3,379.33
2020-07-08T17:24:00Z,379.32,379.52,379.22,379.2301
2020-07-08T17:25:00Z,379.25,379.32,378.93,379.05
2020-07-08T17:26:00Z,379.08,379.14,378.57,378.57
2020-07-08T17:27:00Z,378.565,378.98,378.54,378.8501
2020-07-08T17:28:00Z,378.86,379.16,378.8202,379.1
2020-07-08T17:29:00Z,379.105,379.2099,379.0701,379.14
2020-07-08T17:30:00Z,379.13,379.2,379.02,379.1512
2020-07-08T17:31:00Z,379.1865,379.1865,379.03,379.13
2020-07-08T17:32:00Z,379.14,379.17,379.08,379.161
2020-07-08T17:33:00Z,379.14,379.33,379.14,379.2168
2020-07-08T17:34:00Z,379.19,379.41,379.15,379.35
2020-07-08T17:35:00Z,379.33,379.44,379.2701,379.28
2020-07-08T17:36:00Z,379.29,379.42,379.2886,379.415
2020-07-08T17:37:00Z,379.43,379.4599,379.295,379.306
2020-07-08T17:38:00Z,379.31,379.42,379.29,379.3786
2020-07-08T17:39:00Z,379.36,379.42,379.3,379.3026
2020-07-08T17:40:00Z,379.3,379.37,379.1,379.15
2020-07-08T17:41:00Z,379.13,379.2,379.01,379.14
2020-07-08T17:42:00Z,379.18,379.29,379.05,379.16
2020-07-08T17:43:00Z,379.18,379.2799,379.15,379.23
2020-07-08T17:44:00Z,379.22,379.26,379.03,379.06
2020-07-08T17:45:00Z,379.11,379.22,379.01,379.16
2020-07-08T17:46:00Z,379.19,379.19,378.91,378.945
2020-07-08T17:47:00Z,378.9682,379.1,378.8599,378.93
2020-07-08T17:48:00Z,378.965,379.12,378.92,379.1
2020-07-08T17:49:00Z,379.11,379.3,379.05,379.12
2020-07-08T17:50:00Z,379.16,379.19,379.0501,379.1004
2020-07-08T17:51:00Z,379.09,379.16,378.9401,378.97
2020-07-08T17:52:00Z,379.005,379.18,378.9,378.93
2020-07-08T17:53:00Z,378.93,379.05,378.8,378.92
2020-07-08T17:54:00Z,378.9,378.905,378.1502,378.1502
2020-07-08T17:55:00Z,378.15,378.4,377.91,377.9261
2020-07-08T17:56:00Z,377.97,378.46,377.97,378.46
2020-07-08T17:57:00Z,378.44,378.8,378.44,378.72
2020-07-08T17:58:00Z,378.71,378.78,378.51,378.51
2020-07-08T17:59:00Z,378.53,378.75,378.4,378.6206
2020-07-08T18:00:00Z,378.66,378.9,378.37,378.805
2020-07-08T18:01:00Z,378.8,378.97,378.66,378.845
2020-07-08T18:02:00Z,378.88,379.19,378.88,379.18
2020-07-08T18:03:00Z,379.14,379.18,378.81,378.98
2020-07-08T18:04:00Z,378.95,378.95,378.13,378.1826
2020-07-08T18:05:00Z,378.26,378.5298,378.18,378.2033
2020-07-08T18:06:00Z,378.18,378.5499,378.17,378.47
2020-07-08T18:07:00Z,378.48,378.6,378.36,378.42
2020-07-08T18:08:00Z,378.4,378.4,378.1,378.32
2020-07-08T18:09:00Z,378.33,378.52,378.3,378.3
2020-07-08T18:10:00Z,378.3281,378.6466,378.13,378.6
2020-07-08T18:11:00Z,378.6199,378.8,378.5427,378.76
2020-07-08T18:12:00Z,378.79,378.86,378.685,378.85
2020-07-08T18:13:00Z,378.86,379.03,378.86,378.94
2020-07-08T18:14:00Z,378.92,379.2,378.78,379.11
2020-07-08T18:15:00Z,379.15,379.16,378.95,379.1022
2020-07-08T18:16:00Z,379.0574,379.22,379.0328,379.2
2020-07-08T18:17:00Z,379.1684,379.33,379.094,379.31
2020-07-08T18:18:00Z,379.3084,379.42,379.23,379.32
2020-07-08T18:19:00Z,379.355,379.45,379.28,379.44
2020-07-08T18:20:00Z,379.42,379.42,379.14,379.22
2020-07-08T18:21:00Z,379.22,379.42,379.18,379.1901
2020-07-08T18:22:00Z,379.19,379.63,379.16,379.555
2020-07-08T18:23:00Z,379.555,379.85,379.5106,379.72
2020-07-08T18:24:00Z,379.71,379.84,379.52,379.74
2020-07-08T18:25:00Z,379.76,379.8,379.57,379.61
2020-07-08T18:26:00Z,379.62,379.78,379.59,379.73
2020-07-08T18:27:00Z,379.73,379.7733,379.61,379.695
2020-07-08T18:28:00Z,379.75,379.75,379.5417,379.62
2020-07-08T18:29:00Z,379.6301,379.81,379.6301,379.68
2020-07-08T18:30:00Z,379.7283,379.76,379.57,379.71
2020-07-08T18:31:00Z,379.7,379.72,379.39,379.41
2020-07-08T18:32:00Z,379.42,379.57,379.35,379.4501
2020-07-08T18:33:00Z,379.4899,379.54,379.42,379.475
2020-07-08T18:34:00Z,379.495,379.64,379.34,379.36
2020-07-08T18:35:00Z,379.36,379.51,379.12,379.5
2020-07-08T18:36:00Z,379.4562,379.51,379.38,379.4799
2020-07-08T18:37:00Z,379.425,379.48,379.2498,379.46
2020-07-08T18:38:00Z,379.44,379.5299,379.3884,379.5
2020-07-08T18:39:00Z,379.4765,379.7099,379.4765,379.7099
2020-07-08T18:40:00Z,379.7,379.77,378.99,379
2020-07-08T18:41:00Z,379.025,379.115,378.86,379.115
2020-07-08T18:42:00Z,379.1112,379.24,378.97,378.9801
2020-07-08T18:43:00Z,379.029,379.15,378.9066,379.0213
2020-07-08T18:44:00Z,379.02,379.09,378.88,379.065
2020-07-08T18:45:00Z,379.07,379.15,379.0372,379.11
2020-07-08T18:46:00Z,379.12,379.43,379.11,379.33
2020-07-08T18:47:00Z,379.33,379.46,379.27,379.2999
2020-07-08T18:48:00Z,379.28,379.45,379.2,379.235
2020-07-08T18:49:00Z,379.24,379.38,379.0757,379.37
2020-07-08T18:50:00Z,379.4,379.57,379.2901,379.44
2020-07-08T18:51:00Z,379.469,379.64,379.46,379.52
2020-07-08T18:52:00Z,379.5324,379.63,379.38,379.48
2020-07-08T18:53:00Z,379.46,379.4825,379.3,379.35
2020-07-08T18:54:00Z,379.33,379.35,379,379.105
2020-07-08T18:55:00Z,379.1,379.325,379.1,379.25
2020-07-08T18:56:00Z,379.26,379.68,379.22,379.6251
2020-07-08T18:57:00Z,379.6316,379.71,379.58,379.67
2020-07-08T18:58:00Z,379.64,379.96,379.63,379.945
2020-07-08T18:59:00Z,379.93,380.13,379.9,380.03
2020-07-08T19:00:00Z,380.045,380.2,380.01,380.16
2020-07-08T19:01:00Z,380.165,380.19,379.83,379.84
2020-07-08T19:02:00Z,379.8629,379.89,379.61,379.77
2020-07-08T19:03:00Z,379.8,379.89,379.7101,379.83
2020-07-08T19:04:00Z,379.82,380,379.73,379.7601
2020-07-08T19:05:00Z,379.76,380.06,379.51,380.01
2020-07-08T19:06:00Z,380.0254,380.03,379.61,380
2020-07-08T19:07:00Z,379.98,380.04,379.87,379.885
2020-07-08T19:08:00Z,379.86,380.14,379.86,380.02
2020-07-08T19:09:00Z,380.04,380.19,379.96,380.1093
2020-07-08T19:10:00Z,380.1118,380.3,380.0556,380.19
2020-07-08T19:11:00Z,380.2,380.25,380.09,380.25
2020-07-08T19:12:00Z,380.25,380.3124,380.13,380.1551
2020-07-08T19:13:00Z,380.13,380.39,380.11,380.22
2020-07-08T19:14:00Z,380.27,380.4,380.22,380.33
2020-07-08T19:15:00Z,380.34,380.43,380.275,380.33
2020-07-08T19:16:00Z,380.3354,380.37,380.19,380.27
2020-07-08T19:17:00Z,380.27,380.36,380.05,380.09
2020-07-08T19:18:00Z,380.1048,380.26,379.89,380.2229
2020-07-08T19:19:00Z,380.2311,380.43,380.16,380.405
2020-07-08T19:20:00Z,380.38,380.48,380.27,380.45
2020-07-08T19:21:00Z,380.44,380.5,380.38,380.44
2020-07-08T19:22:00Z,380.46,380.46,380.14,380.32
2020-07-08T19:23:00Z,380.32,380.35,380.025,380.16
2020-07-08T19:24:00Z,380.1818,380.5,380.17,380.4181
2020-07-08T19:25:00Z,380.41,380.57,380.34,380.455
2020-07-08T19:26:00Z,380.48,380.58,380.4501,380.52
2020-07-08T19:27:00Z,380.5015,380.54,380.24,380.37
2020-07-08T19:28:00Z,380.373,380.41,380.1584,380.26
2020-07-08T19:29:00Z,380.2201,380.35,380.12,380.31
2020-07-08T19:30:00Z,380.31,380.57,380.24,380.3654
2020-07-08T19:31:00Z,380.34,380.4,380.15,380.37
2020-07-08T19:32:00Z,380.34,380.52,380.34,380.42
2020-07-08T19:33:00Z,380.44,380.75,380.395,380.7176
2020-07-08T19:34:00Z,380.7,380.72,380.52,380.54
2020-07-08T19:35:00Z,380.57,380.67,380.46,380.5
2020-07-08T19:36:00Z,380.51,380.53,379.92,380.245
2020-07-08T19:37:00Z,380.2698,380.59,379.84,379.84
2020-07-08T19:38:00Z,379.91,380.115,379.72,379.72
2020-07-08T19:39:00Z,379.72,379.78,379.5101,379.755
2020-07-08T19:40:00Z,379.74,379.96,379.73,379.87
2020-07-08T19:41:00Z,379.9,380.03,379.87,379.97
2020-07-08T19:42:00Z,379.99,380.045,379.92,379.95
2020-07-08T19:43:00Z,379.98,380.06,379.87,379.9801
2020-07-08T19:44:00Z,379.98,380.24,379.945,380.218
2020-07-08T19:45:00Z,380.19,380.28,379.91,380.08
2020-07-08T19:46:00Z,380.12,380.3227,380.12,380.25
2020-07-08T19:47:00Z,380.25,380.42,380.12,380.34
2020-07-08T19:48:00Z,380.32,380.47,380.26,380.465
2020-07-08T19:49:00Z,380.4646,380.48,380.07,380.36
2020-07-08T19:50:00Z,380.39,380.5,379.79,379.96
2020-07-08T19:51:00Z,379.9667,380.13,379.86,380.06
2020-07-08T19:52:00Z,380.01,380.2,379.9801,380.2
2020-07-08T19:53:00Z,380.21,380.64,380.21,380.53
2020-07-08T19:54:00Z,380.53,380.85,380.42,380.81
2020-07-08T19:55:00Z,380.8174,380.95,380.62,380.92
2020-07-08T19:56:00Z,380.935,381,380.89,380.959
2020-07-08T19:57:00Z,380.94,381.25,380.92,381.13
2020-07-08T19:58:00Z,381.14,381.33,381.1376,381.25
2020-07-08T19:59:00Z,381.26,381.5,381.06,381.44
