2020-09-28T13:30:00Z,114.91,115.32,114.01,114.31
2020-09-28T13:31:00Z,114.3258,114.59,114.13,114.4461
2020-09-28T13:32:00Z,114.44,114.54,114.12,114.2213
2020-09-28T13:33:00Z,114.219,114.91,113.88,114.08
2020-09-28T13:34:00Z,114.07,114.13,113.81,114.01
2020-09-28T13:35:00Z,114.03,114.07,113.67,113.76
2020-09-28T13:36:00Z,113.76,114.01,113.56,113.89
2020-09-28T13:37:00Z,113.8808,113.94,113.64,113.83
2020-09-28T13:38:00Z,113.82,114.05,113.73,113.8854
2020-09-28T13:39:00Z,113.9006,114.2223,113.899,114.07
2020-09-28T13:40:00Z,114.08,114.17,114.04,114.0816
2020-09-28T13:41:00Z,114.0816,114.37,114.06,114.16
2020-09-28T13:42:00Z,114.15,114.26,113.86,113.9
2020-09-28T13:43:00Z,113.92,113.97,113.67,113.71
2020-09-28T13:44:00Z,113.7,113.8,113.46,113.51
2020-09-28T13:45:00Z,113.51,113.67,113.34,113.41
2020-09-28T13:46:00Z,113.4,114.91,113.39,113.7885
2020-09-28T13:47:00Z,113.78,113.82,113.4,113.4074
2020-09-28T13:48:00Z,113.42,113.59,113.11,113.11
2020-09-28T13:49:00Z,113.1161,113.39,113.07,113.2993
2020-09-28T13:50:00Z,113.2992,113.31,112.96,113.0854
2020-09-28T13:51:00Z,113.085,113.33,113.05,113.24
2020-09-28T13:52:00Z,113.23,113.43,113.18,113.39
2020-09-28T13:53:00Z,113.3893,113.398,112.96,113.1752
2020-09-28T13:54:00Z,113.175,113.34,113.08,113.14
2020-09-28T13:55:00Z,113.139,113.18,113,113.11
2020-09-28T13:56:00Z,113.11,113.43,113.1,113.31
2020-09-28T13:57:00Z,113.31,113.53,113.28,113.46
2020-09-28T13:58:00Z,113.46,113.59,113.37,113.435
2020-09-28T13:59:00Z,113.43,113.55,113.32,113.4869
2020-09-28T14:00:00Z,113.49,113.51,113.18,113.25
2020-09-28T14:01:00Z,113.2595,113.47,113.245,113.28
2020-09-28T14:02:00Z,113.2624,113.45,113.18,113.39
2020-09-28T14:03:00Z,113.39,113.58,113.39,113.4771
2020-09-28T14:04:00Z,113.4784,113.5796,113.39,113.5209
2020-09-28T14:05:00Z,113.5242,113.65,113.49,113.5644
2020-09-28T14:06:00Z,113.56,113.5763,113.26,113.296
2020-09-28T14:07:00Z,113.32,113.32,112.98,113.1
2020-09-28T14:08:00Z,113.09,113.21,113.0715,113.0935
2020-09-28T14:09:00Z,113.095,113.1,112.78,112.92
2020-09-28T14:10:00Z,112.93,113.15,112.925,113.0216
2020-09-28T14:11:00Z,113.02,113.14,112.88,112.91
2020-09-28T14:12:00Z,112.9171,113.1213,112.9171,112.985
2020-09-28T14:13:00Z,112.985,114.56,112.98,113.17
2020-09-28T14:14:00Z,113.1699,113.4,113.16,113.33
2020-09-28T14:15:00Z,113.335,113.4,113.17,113.2
2020-09-28T14:16:00Z,113.1801,113.52,113.175,113.46
2020-09-28T14:17:00Z,113.465,113.58,113.45,113.56
2020-09-28T14:18:00Z,113.56,113.6308,113.54,113.545
2020-09-28T14:19:00Z,113.54,113.75,113.47,113.75
2020-09-28T14:20:00Z,113.747,113.78,113.6384,113.695
2020-09-28T14:21:00Z,113.6963,113.8,113.68,113.775
2020-09-28T14:22:00Z,113.7743,113.78,113.64,113.72
2020-09-28T14:23:00Z,113.7299,113.77,113.62,113.74
2020-09-28T14:24:00Z,113.74,113.76,113.51,113.5842
2020-09-28T14:25:00Z,113.5908,113.84,113.47,113.76
2020-09-28T14:26:00Z,113.7693,113.8788,113.72,113.86
2020-09-28T14:27:00Z,113.86,113.89,113.77,113.8224
2020-09-28T14:28:00Z,113.83,113.8377,113.63,113.68
2020-09-28T14:29:00Z,113.6801,113.78,113.525,113.53
2020-09-28T14:30:00Z,113.53,113.57,113.33,113.5697
2020-09-28T14:31:00Z,113.5699,113.73,113.51,113.6628
2020-09-28T14:32:00Z,113.67,113.72,113.59,113.68
2020-09-28T14:33:00Z,113.67,113.69,113.55,113.605
2020-09-28T14:34:00Z,113.6016,113.63,113.47,113.57
2020-09-28T14:35:00Z,113.58,113.65,113.39,113.51
2020-09-28T14:36:00Z,113.51,113.51,113.35,113.42
2020-09-28T14:37:00Z,113.41,113.41,113.25,113.36
2020-09-28T14:38:00Z,113.3642,113.4,113.27,113.295
2020-09-28T14:39:00Z,113.3,113.45,113.27,113.44
2020-09-28T14:40:00Z,113.4289,113.54,113.3602,113.48
2020-09-28T14:41:00Z,113.4891,113.4891,113.29,113.3817
2020-09-28T14:42:00Z,113.3817,113.4279,113.3,113.34
2020-09-28T14:43:00Z,113.349,113.35,113.14,113.1596
2020-09-28T14:44:00Z,113.1629,113.2699,113.06,113.2211
2020-09-28T14:45:00Z,113.23,113.42,113.19,113.23
2020-09-28T14:46:00Z,113.23,113.33,113.06,113.3233
2020-09-28T14:47:00Z,113.32,113.43,113.27,113.38
2020-09-28T14:48:00Z,113.38,113.44,113.33,113.365
2020-09-28T14:49:00Z,113.361,113.39,113.28,113.33
2020-09-28T14:50:00Z,113.335,113.3899,113.17,113.2165
2020-09-28T14:51:00Z,113.2,113.28,112.94,112.9817
2020-09-28T14:52:00Z,112.989,113.095,112.9747,113.05
2020-09-28T14:53:00Z,113.0496,113.05,112.92,112.9241
2020-09-28T14:54:00Z,112.9277,112.94,112.82,112.86
2020-09-28T14:55:00Z,112.87,113.035,112.84,112.99
2020-09-28T14:56:00Z,112.98,113.11,112.9,113.0603
2020-09-28T14:57:00Z,113.06,113.06,112.94,112.9419
2020-09-28T14:58:00Z,112.94,113.02,112.8824,112.9284
2020-09-28T14:59:00Z,112.925,112.97,112.88,112.9
2020-09-28T15:00:00Z,112.8999,113.05,112.8999,112.98
2020-09-28T15:01:00Z,112.978,113.12,112.93,113.09
2020-09-28T15:02:00Z,113.0801,113.2,113.04,113.13
2020-09-28T15:03:00Z,113.13,113.24,113.125,113.2001
2020-09-28T15:04:00Z,113.215,113.28,113.18,113.1942
2020-09-28T15:05:00Z,113.195,113.25,113.16,113.17
2020-09-28T15:06:00Z,113.16,113.24,113.12,113.2279
2020-09-28T15:07:00Z,113.23,113.42,113.225,113.3842
2020-09-28T15:08:00Z,113.385,113.48,113.34,113.46
2020-09-28T15:09:00Z,113.46,113.58,113.4301,113.5177
2020-09-28T15:10:00Z,113.51,113.59,113.45,113.545
2020-09-28T15:11:00Z,113.5482,113.68,113.46,113.47
2020-09-28T15:12:00Z,113.47,113.57,113.38,113.43
2020-09-28T15:13:00Z,113.43,113.5,113.4007,113.43
2020-09-28T15:14:00Z,113.44,113.56,113.41,113.55
2020-09-28T15:15:00Z,113.545,113.64,113.545,113.6197
2020-09-28T15:16:00Z,113.609,113.6266,113.53,113.5784
2020-09-28T15:17:00Z,113.57,113.58,113.31,113.425
2020-09-28T15:18:00Z,113.425,113.58,113.4,113.53
2020-09-28T15:19:00Z,113.535,113.56,113.47,113.47
2020-09-28T15:20:00Z,113.47,113.53,113.28,113.3101
2020-09-28T15:21:00Z,113.33,113.35,113.26,113.3
2020-09-28T15:22:00Z,113.2911,113.32,113.1543,113.27
2020-09-28T15:23:00Z,113.29,113.425,113.29,113.425
2020-09-28T15:24:00Z,113.421,113.64,113.421,113.6
2020-09-28T15:25:00Z,113.595,113.65,113.53,113.5348
2020-09-28T15:26:00Z,113.5331,113.6,113.44,113.576
2020-09-28T15:27:00Z,113.58,113.58,113.4158,113.44
2020-09-28T15:28:00Z,113.44,113.47,113.38,113.45
2020-09-28T15:29:00Z,113.45,113.58,113.45,113.555
2020-09-28T15:30:00Z,113.555,113.59,113.46,113.485
2020-09-28T15:31:00Z,113.49,114.0358,113.415,113.445
2020-09-28T15:32:00Z,113.44,113.54,113.41,113.4719
2020-09-28T15:33:00Z,113.48,113.62,113.46,113.495
2020-09-28T15:34:00Z,113.505,113.51,113.42,113.4426
2020-09-28T15:35:00Z,113.4425,113.49,113.37,113.4084
2020-09-28T15:36:00Z,113.4097,113.46,113.36,113.43
2020-09-28T15:37:00Z,113.43,113.52,113.43,113.45
2020-09-28T15:38:00Z,113.45,113.54,113.415,113.49
2020-09-28T15:39:00Z,113.495,113.58,113.4325,113.5385
2020-09-28T15:40:00Z,113.53,113.5799,113.42,113.4492
2020-09-28T15:41:00Z,113.445,113.48,113.37,113.3889
2020-09-28T15:42:00Z,113.385,113.395,113.23,113.26
2020-09-28T15:43:00Z,113.265,113.38,113.23,113.315
2020-09-28T15:44:00Z,113.31,113.41,113.27,113.4
2020-09-28T15:45:00Z,113.42,113.48,113.38,113.43
2020-09-28T15:46:00Z,113.42,113.42,113.315,113.375
2020-09-28T15:47:00Z,113.38,113.42,113.32,113.37
2020-09-28T15:48:00Z,113.37,113.39,113.32,113.3484
2020-09-28T15:49:00Z,113.345,113.51,113.25,113.4
2020-09-28T15:50:00Z,113.41,113.54,113.3801,113.52
2020-09-28T15:51:00Z,113.515,113.68,113.4401,113.6716
2020-09-28T15:52:00Z,113.68,113.85,113.66,113.8
2020-09-28T15:53:00Z,113.805,113.85,113.74,113.77
2020-09-28T15:54:00Z,113.75,113.76,113.67,113.7011
2020-09-28T15:55:00Z,113.71,113.77,113.58,113.6031
2020-09-28T15:56:00Z,113.6199,113.69,113.56,113.605
2020-09-28T15:57:00Z,113.6008,113.6899,113.56,113.6444
2020-09-28T15:58:00Z,113.6499,113.76,113.6201,113.715
2020-09-28T15:59:00Z,113.7003,113.72,113.64,113.67
2020-09-28T16:00:00Z,113.67,113.69,113.58,113.62
2020-09-28T16:01:00Z,113.6201,113.63,113.46,113.5182
2020-09-28T16:02:00Z,113.52,113.53,113.26,113.28
2020-09-28T16:03:00Z,113.2701,113.4,113.2701,113.37
2020-09-28T16:04:00Z,113.37,113.47,113.31,113.355
2020-09-28T16:05:00Z,113.34,113.42,113.29,113.34
2020-09-28T16:06:00Z,113.34,113.36,113.26,113.28
2020-09-28T16:07:00Z,113.285,113.4,113.28,113.3799
2020-09-28T16:08:00Z,113.37,113.37,113.3022,113.32
2020-09-28T16:09:00Z,113.315,113.42,113.31,113.39
2020-09-28T16:10:00Z,113.39,113.41,113.33,113.37
2020-09-28T16:11:00Z,113.37,113.4,113.31,113.375
2020-09-28T16:12:00Z,113.375,113.375,113.26,113.355
2020-09-28T16:13:00Z,113.34,113.355,113.28,113.345
2020-09-28T16:14:00Z,113.345,113.48,113.33,113.435
2020-09-28T16:15:00Z,113.4399,113.56,113.4122,113.45
2020-09-28T16:16:00Z,113.46,113.4601,113.17,113.22
2020-09-28T16:17:00Z,113.215,113.25,113.13,113.205
2020-09-28T16:18:00Z,113.21,113.29,113.21,113.242
2020-09-28T16:19:00Z,113.2453,113.3,113.21,113.2808
2020-09-28T16:20:00Z,113.285,113.3582,113.2521,113.33
2020-09-28T16:21:00Z,113.33,113.34,113.24,113.26
2020-09-28T16:22:00Z,113.2687,113.2687,113.19,113.2429
2020-09-28T16:23:00Z,113.24,113.34,113.24,113.3267
2020-09-28T16:24:00Z,113.34,113.36,113.305,113.36
2020-09-28T16:25:00Z,113.3443,113.39,113.23,113.2891
2020-09-28T16:26:00Z,113.29,113.29,113.1801,113.26
2020-09-28T16:27:00Z,113.26,113.309,113.23,113.235
2020-09-28T16:28:00Z,113.24,113.2799,113.2,113.25
2020-09-28T16:29:00Z,113.2408,113.37,113.21,113.3498
2020-09-28T16:30:00Z,113.35,113.42,113.33,113.405
2020-09-28T16:31:00Z,113.4,113.41,113.2635,113.3295
2020-09-28T16:32:00Z,113.32,113.46,113.31,113.46
2020-09-28T16:33:00Z,113.46,113.54,113.43,113.485
2020-09-28T16:34:00Z,113.49,113.5729,113.4701,113.57
2020-09-28T16:35:00Z,113.5683,113.58,113.49,113.51
2020-09-28T16:36:00Z,113.505,113.58,113.49,113.545
2020-09-28T16:37:00Z,113.54,113.56,113.51,113.52
2020-09-28T16:38:00Z,113.53,113.5768,113.51,113.53
2020-09-28T16:39:00Z,113.52,113.53,113.45,113.52
2020-09-28T16:40:00Z,113.52,113.7,113.5164,113.625
2020-09-28T16:41:00Z,113.635,113.74,113.63,113.7079
2020-09-28T16:42:00Z,113.71,113.75,113.68,113.73
2020-09-28T16:43:00Z,113.73,113.83,113.7101,113.79
2020-09-28T16:44:00Z,113.7815,113.86,113.775,113.84
2020-09-28T16:45:00Z,113.83,113.8793,113.8,113.8389
2020-09-28T16:46:00Z,113.8316,113.8612,113.7563,113.8
2020-09-28T16:47:00Z,113.8,113.97,113.7984,113.92
2020-09-28T16:48:00Z,113.925,113.95,113.86,113.87
2020-09-28T16:49:00Z,113.875,113.8899,113.71,113.715
2020-09-28T16:50:00Z,113.72,113.83,113.7124,113.7798
2020-09-28T16:51:00Z,113.7708,113.9,113.76,113.885
2020-09-28T16:52:00Z,113.8809,113.885,113.82,113.845
2020-09-28T16:53:00Z,113.85,113.89,113.78,113.8414
2020-09-28T16:54:00Z,113.85,113.88,113.83,113.87
2020-09-28T16:55:00Z,113.88,113.92,113.82,113.845
2020-09-28T16:56:00Z,113.85,113.94,113.815,113.89
2020-09-28T16:57:00Z,113.8993,113.9199,113.838,113.85
2020-09-28T16:58:00Z,113.85,113.92,113.84,113.86
2020-09-28T16:59:00Z,113.87,113.95,113.86,113.91
2020-09-28T17:00:00Z,113.9143,113.97,113.9143,113.955
2020-09-28T17:01:00Z,113.955,113.98,113.84,113.855
2020-09-28T17:02:00Z,113.855,113.95,113.81,113.935
2020-09-28T17:03:00Z,113.935,114.03,113.92,113.935
2020-09-28T17:04:00Z,113.94,113.948,113.89,113.915
2020-09-28T17:05:00Z,113.915,113.93,113.75,113.81
2020-09-28T17:06:00Z,113.8,113.95,113.8,113.87
2020-09-28T17:07:00Z,113.87,113.91,113.83,113.865
2020-09-28T17:08:00Z,113.86,113.89,113.765,113.765
2020-09-28T17:09:00Z,113.77,113.82,113.65,113.7
2020-09-28T17:10:00Z,113.69,113.74,113.64,113.655
2020-09-28T17:11:00Z,113.66,113.75,113.65,113.7301
2020-09-28T17:12:00Z,113.735,115.07,113.7301,113.7441
2020-09-28T17:13:00Z,113.75,113.7586,113.675,113.73
2020-09-28T17:14:00Z,113.72,113.86,113.71,113.8493
2020-09-28T17:15:00Z,113.86,113.94,113.84,113.915
2020-09-28T17:16:00Z,113.915,113.97,113.87,113.8993
2020-09-28T17:17:00Z,113.895,113.91,113.85,113.89
2020-09-28T17:18:00Z,113.89,113.98,113.8701,113.95
2020-09-28T17:19:00Z,113.95,113.99,113.9101,113.925
2020-09-28T17:20:00Z,113.93,113.97,113.89,113.9367
2020-09-28T17:21:00Z,113.935,113.98,113.905,113.975
2020-09-28T17:22:00Z,113.9799,114.18,113.9601,114.08
2020-09-28T17:23:00Z,114.08,114.15,114.06,114.12
2020-09-28T17:24:00Z,114.115,114.27,114.11,114.2352
2020-09-28T17:25:00Z,114.23,114.29,114.21,114.245
2020-09-28T17:26:00Z,114.24,114.4,114.24,114.3001
2020-09-28T17:27:00Z,114.305,114.35,114.22,114.235
2020-09-28T17:28:00Z,114.27,114.32,114.22,114.2629
2020-09-28T17:29:00Z,114.26,114.34,114.23,114.2471
2020-09-28T17:30:00Z,114.25,114.38,114.25,114.33
2020-09-28T17:31:00Z,114.3217,114.4,114.26,114.375
2020-09-28T17:32:00Z,114.38,114.52,114.36,114.49
2020-09-28T17:33:00Z,114.49,114.57,114.44,114.5175
2020-09-28T17:34:00Z,114.515,114.6,114.49,114.56
2020-09-28T17:35:00Z,114.56,114.57,114.42,114.42
2020-09-28T17:36:00Z,114.4284,114.51,114.34,114.445
2020-09-28T17:37:00Z,114.4493,114.5,114.37,114.4285
2020-09-28T17:38:00Z,114.415,114.4869,114.4001,114.44
2020-09-28T17:39:00Z,114.4499,114.5582,114.42,114.5126
2020-09-28T17:40:00Z,114.518,114.68,114.5,114.635
2020-09-28T17:41:00Z,114.635,114.72,114.6,114.6699
2020-09-28T17:42:00Z,114.67,114.68,114.53,114.5699
2020-09-28T17:43:00Z,114.55,114.65,114.54,114.58
2020-09-28T17:44:00Z,114.57,114.65,114.56,114.575
2020-09-28T17:45:00Z,114.58,114.65,114.51,114.5299
2020-09-28T17:46:00Z,114.53,114.53,114.37,114.435
2020-09-28T17:47:00Z,114.43,114.4839,114.4,114.47
2020-09-28T17:48:00Z,114.465,114.54,114.46,114.51
2020-09-28T17:49:00Z,114.52,114.5898,114.485,114.5432
2020-09-28T17:50:00Z,114.55,114.61,114.52,114.555
2020-09-28T17:51:00Z,114.55,114.56,114.4216,114.44
2020-09-28T17:52:00Z,114.44,114.45,114.26,114.3258
2020-09-28T17:53:00Z,114.3299,114.44,114.32,114.42
2020-09-28T17:54:00Z,114.4213,114.47,114.38,114.4432
2020-09-28T17:55:00Z,114.4408,114.56,114.44,114.53
2020-09-28T17:56:00Z,114.53,114.68,114.52,114.665
2020-09-28T17:57:00Z,114.6699,114.6699,114.57,114.6301
2020-09-28T17:58:00Z,114.6477,114.68,114.57,114.59
2020-09-28T17:59:00Z,114.595,114.605,114.5015,114.565
2020-09-28T18:00:00Z,114.56,114.68,114.535,114.5493
2020-09-28T18:01:00Z,114.55,114.56,114.39,114.415
2020-09-28T18:02:00Z,114.42,114.49,114.27,114.299
2020-09-28T18:03:00Z,114.29,114.32,114.08,114.2089
2020-09-28T18:04:00Z,114.21,114.26,114.1359,114.2063
2020-09-28T18:05:00Z,114.21,114.35,114.1854,114.265
2020-09-28T18:06:00Z,114.28,114.34,114.1708,114.1899
2020-09-28T18:07:00Z,114.18,114.25,114.11,114.1313
2020-09-28T18:08:00Z,114.14,114.24,114.14,114.19
2020-09-28T18:09:00Z,114.18,114.185,114.12,114.1349
2020-09-28T18:10:00Z,114.135,114.24,114.05,114.13
2020-09-28T18:11:00Z,114.13,114.19,114.081,114.19
2020-09-28T18:12:00Z,114.19,114.4,114.19,114.3404
2020-09-28T18:13:00Z,114.37,114.38,114.23,114.31
2020-09-28T18:14:00Z,114.3,114.3,114.18,114.23
2020-09-28T18:15:00Z,114.235,114.37,114.23,114.33
2020-09-28T18:16:00Z,114.34,114.365,114.23,114.2585
2020-09-28T18:17:00Z,114.255,114.28,114.19,114.2593
2020-09-28T18:18:00Z,114.25,114.31,114.201,114.235
2020-09-28T18:19:00Z,114.24,114.24,114.085,114.14
2020-09-28T18:20:00Z,114.14,114.17,114.02,114.0599
2020-09-28T18:21:00Z,114.06,114.12,113.94,114.03
2020-09-28T18:22:00Z,114.035,114.06,113.85,113.895
2020-09-28T18:23:00Z,113.897,113.93,113.81,113.8654
2020-09-28T18:24:00Z,113.8799,113.94,113.81,113.8399
2020-09-28T18:25:00Z,113.84,114.05,113.81,113.9852
2020-09-28T18:26:00Z,113.9899,114.07,113.98,114.0208
2020-09-28T18:27:00Z,114.03,114.14,114.03,114.08
2020-09-28T18:28:00Z,114.0888,114.11,114.04,114.07
2020-09-28T18:29:00Z,114.065,114.17,114.065,114.14
2020-09-28T18:30:00Z,114.13,114.24,114.09,114.22
2020-09-28T18:31:00Z,114.2077,114.29,114.205,114.225
2020-09-28T18:32:00Z,114.23,114.24,114.12,114.18
2020-09-28T18:33:00Z,114.185,114.2,114.1003,114.1441
2020-09-28T18:34:00Z,114.14,114.2,114.13,114.17
2020-09-28T18:35:00Z,114.17,114.18,114.03,114.08
2020-09-28T18:36:00Z,114.09,114.12,114.02,114.0685
2020-09-28T18:37:00Z,114.07,114.1,114.05,114.1
2020-09-28T18:38:00Z,114.11,114.25,114.0815,114.22
2020-09-28T18:39:00Z,114.2201,114.33,114.1701,114.3242
2020-09-28T18:40:00Z,114.33,114.34,114.23,114.2301
2020-09-28T18:41:00Z,114.23,114.2881,114.1601,114.205
2020-09-28T18:42:00Z,114.21,114.285,114.21,114.2352
2020-09-28T18:43:00Z,114.23,114.36,114.23,114.36
2020-09-28T18:44:00Z,114.365,114.42,114.34,114.365
2020-09-28T18:45:00Z,114.365,114.39,114.3,114.36
2020-09-28T18:46:00Z,114.36,114.38,114.28,114.29
2020-09-28T18:47:00Z,114.29,114.39,114.2812,114.33
2020-09-28T18:48:00Z,114.33,114.34,114.27,114.3
2020-09-28T18:49:00Z,114.2927,114.2927,114.16,114.1996
2020-09-28T18:50:00Z,114.1973,114.31,114.1901,114.2516
2020-09-28T18:51:00Z,114.26,114.3493,114.25,114.3208
2020-09-28T18:52:00Z,114.32,114.4,114.275,114.395
2020-09-28T18:53:00Z,114.395,114.43,114.335,114.39
2020-09-28T18:54:00Z,114.38,114.41,114.32,114.33
2020-09-28T18:55:00Z,114.3377,114.39,114.28,114.371
2020-09-28T18:56:00Z,114.375,114.38,114.3279,114.35
2020-09-28T18:57:00Z,114.345,114.37,114.285,114.29
2020-09-28T18:58:00Z,114.295,114.36,114.235,114.35
2020-09-28T18:59:00Z,114.345,114.37,114.31,114.335
2020-09-28T19:00:00Z,114.34,114.5,114.32,114.39
2020-09-28T19:01:00Z,114.3894,114.45,114.365,114.41
2020-09-28T19:02:00Z,114.4059,114.41,114.265,114.305
2020-09-28T19:03:00Z,114.309,114.33,114.17,114.235
2020-09-28T19:04:00Z,114.235,114.355,114.235,114.27
2020-09-28T19:05:00Z,114.26,114.38,114.2303,114.3492
2020-09-28T19:06:00Z,114.34,114.46,114.34,114.42
2020-09-28T19:07:00Z,114.41,114.44,114.36,114.38
2020-09-28T19:08:00Z,114.3818,114.44,114.3,114.3175
2020-09-28T19:09:00Z,114.3264,114.42,114.28,114.3301
2020-09-28T19:10:00Z,114.34,114.43,114.33,114.3788
2020-09-28T19:11:00Z,114.38,114.38,114.28,114.365
2020-09-28T19:12:00Z,114.367,114.4285,114.335,114.35
2020-09-28T19:13:00Z,114.3616,114.42,114.35,114.395
2020-09-28T19:14:00Z,114.4,114.46,114.395,114.4285
2020-09-28T19:15:00Z,114.43,114.47,114.32,114.4301
2020-09-28T19:16:00Z,114.4399,114.6,114.42,114.5594
2020-09-28T19:17:00Z,114.55,114.64,114.54,114.56
2020-09-28T19:18:00Z,114.57,114.6,114.5,114.51
2020-09-28T19:19:00Z,114.51,114.58,114.5,114.5686
2020-09-28T19:20:00Z,114.565,114.65,114.54,114.64
2020-09-28T19:21:00Z,114.64,114.7001,114.605,114.64
2020-09-28T19:22:00Z,114.64,114.67,114.6,114.625
2020-09-28T19:23:00Z,114.63,114.67,114.53,114.53
2020-09-28T19:24:00Z,114.5299,114.58,114.5299,114.5799
2020-09-28T19:25:00Z,114.58,114.685,114.58,114.66
2020-09-28T19:26:00Z,114.67,114.73,114.65,114.7294
2020-09-28T19:27:00Z,114.725,114.7299,114.61,114.624
2020-09-28T19:28:00Z,114.6202,114.69,114.56,114.6881
2020-09-28T19:29:00Z,114.69,114.77,114.6862,114.7267
2020-09-28T19:30:00Z,114.72,114.732,114.59,114.6414
2020-09-28T19:31:00Z,114.64,114.69,114.2801,114.2896
2020-09-28T19:32:00Z,114.2884,114.4,114.2,114.305
2020-09-28T19:33:00Z,114.305,114.33,114.16,114.1992
2020-09-28T19:34:00Z,114.2,114.37,114.18,114.33
2020-09-28T19:35:00Z,114.33,114.43,114.22,114.2249
2020-09-28T19:36:00Z,114.22,114.31,114.18,114.2815
2020-09-28T19:37:00Z,114.3,114.4,114.2713,114.3564
2020-09-28T19:38:00Z,114.36,114.48,114.31,114.4201
2020-09-28T19:39:00Z,114.4224,114.49,114.39,114.4679
2020-09-28T19:40:00Z,114.465,114.6,114.41,114.48
2020-09-28T19:41:00Z,114.47,114.48,114.32,114.43
2020-09-28T19:42:00Z,114.425,114.47,114.36,114.4613
2020-09-28T19:43:00Z,114.47,114.64,114.465,114.615
2020-09-28T19:44:00Z,114.6133,114.7,114.58,114.69
2020-09-28T19:45:00Z,114.68,114.69,114.49,114.59
2020-09-28T19:46:00Z,114.59,114.7,114.555,114.64
2020-09-28T19:47:00Z,114.6398,114.81,114.63,114.7536
2020-09-28T19:48:00Z,114.76,114.77,114.65,114.7272
2020-09-28T19:49:00Z,114.72,114.72,114.53,114.575
2020-09-28T19:50:00Z,114.56,114.85,114.37,114.7981
2020-09-28T19:51:00Z,114.79,114.8,114.66,114.73
2020-09-28T19:52:00Z,114.72,114.79,114.68,114.74
2020-09-28T19:53:00Z,114.75,114.86,114.73,114.855
2020-09-28T19:54:00Z,114.8545,114.89,114.705,114.875
2020-09-28T19:55:00Z,114.88,114.9199,114.73,114.91
2020-09-28T19:56:00Z,114.905,114.97,114.835,114.95
2020-09-28T19:57:00Z,114.955,114.99,114.9,114.9748
2020-09-28T19:58:00Z,114.97,114.98,114.85,114.935
2020-09-28T19:59:00Z,114.94,115,114.85,115
