2020-10-14T13:30:00Z,120.99,121.05,120.4,120.4
2020-10-14T13:31:00Z,120.42,120.58,120.21,120.32
2020-10-14T13:32:00Z,120.3268,120.52,120.04,120.26
2020-10-14T13:33:00Z,120.25,120.69,120.1281,120.592
2020-10-14T13:34:00Z,120.5999,120.77,120.5128,120.61
2020-10-14T13:35:00Z,120.62,121.29,120.61,121.14
2020-10-14T13:36:00Z,121.1313,121.87,121.1074,121.81
2020-10-14T13:37:00Z,121.81,122.11,121.72,121.9601
2020-10-14T13:38:00Z,121.9701,121.975,121.69,121.855
2020-10-14T13:39:00Z,121.86,122.05,121.69,122.02
2020-10-14T13:40:00Z,122.02,122.15,121.76,121.95
2020-10-14T13:41:00Z,121.95,122.28,121.94,122.095
2020-10-14T13:42:00Z,122.0957,122.49,122.09,122.48
2020-10-14T13:43:00Z,122.48,122.6,122.196,122.52
2020-10-14T13:44:00Z,122.51,122.65,122.42,122.59
2020-10-14T13:45:00Z,122.585,122.68,122.36,122.64
2020-10-14T13:46:00Z,122.64,122.87,122.6101,122.83
2020-10-14T13:47:00Z,122.8366,123.03,122.8303,122.9893
2020-10-14T13:48:00Z,122.9838,122.99,122.74,122.8042
2020-10-14T13:49:00Z,122.805,122.97,122.7801,122.85
2020-10-14T13:50:00Z,122.86,122.97,122.66,122.6929
2020-10-14T13:51:00Z,122.6999,122.7,122.44,122.49
2020-10-14T13:52:00Z,122.49,122.65,122.485,122.55
2020-10-14T13:53:00Z,122.5501,122.59,122.38,122.565
2020-10-14T13:54:00Z,122.57,122.78,122.56,122.755
2020-10-14T13:55:00Z,122.74,122.84,122.59,122.6449
2020-10-14T13:56:00Z,122.65,122.71,122.46,122.6658
2020-10-14T13:57:00Z,122.67,122.8199,122.665,122.7767
2020-10-14T13:58:00Z,122.77,122.86,122.6108,122.645
2020-10-14T13:59:00Z,122.65,122.72,122.4745,122.68
2020-10-14T14:00:00Z,122.6907,122.82,122.6,122.61
2020-10-14T14:01:00Z,122.61,122.6679,122.44,122.4999
2020-10-14T14:02:00Z,122.4915,122.51,122.37,122.4648
2020-10-14T14:03:00Z,122.45,122.5,122.3,122.35
2020-10-14T14:04:00Z,122.35,122.39,122.16,122.185
2020-10-14T14:05:00Z,122.1899,122.3,122.16,122.17
2020-10-14T14:06:00Z,122.1718,122.36,122.15,122.22
2020-10-14T14:07:00Z,122.22,122.43,122.22,122.3716
2020-10-14T14:08:00Z,122.38,122.57,122.35,122.56
2020-10-14T14:09:00Z,122.5501,122.67,122.47,122.665
2020-10-14T14:10:00Z,122.6646,122.73,122.56,122.6801
2020-10-14T14:11:00Z,122.68,122.6808,122.39,122.4348
2020-10-14T14:12:00Z,122.44,122.44,122.3,122.365
2020-10-14T14:13:00Z,122.36,122.37,122.06,122.1479
2020-10-14T14:14:00Z,122.1493,122.28,122.131,122.2101
2020-10-14T14:15:00Z,122.22,122.32,122.1901,122.27
2020-10-14T14:16:00Z,122.27,122.3199,121.87,121.96
2020-10-14T14:17:00Z,121.98,122.07,121.9,121.97
2020-10-14T14:18:00Z,121.96,121.98,121.8,121.8099
2020-10-14T14:19:00Z,121.8002,122,121.77,121.98
2020-10-14T14:20:00Z,121.9848,122,121.87,121.98
2020-10-14T14:21:00Z,121.9815,122.12,121.9501,122.115
2020-10-14T14:22:00Z,122.115,122.1299,121.81,121.94
2020-10-14T14:23:00Z,121.9399,122.11,121.9101,121.9501
2020-10-14T14:24:00Z,121.9501,121.98,121.795,121.9498
2020-10-14T14:25:00Z,121.94,121.9723,121.5701,121.63
2020-10-14T14:26:00Z,121.64,121.74,121.57,121.5971
2020-10-14T14:27:00Z,121.6,121.625,121.48,121.55
2020-10-14T14:28:00Z,121.5507,121.57,121.4,121.4
2020-10-14T14:29:00Z,121.4,121.72,121.4,121.6899
2020-10-14T14:30:00Z,121.69,121.7502,121.52,121.54
2020-10-14T14:31:00Z,121.55,121.61,121.3958,121.42
2020-10-14T14:32:00Z,121.4167,121.47,121.2493,121.2643
2020-10-14T14:33:00Z,121.27,121.41,121.27,121.36
2020-10-14T14:34:00Z,121.35,121.3897,121.18,121.22
2020-10-14T14:35:00Z,121.22,121.465,121.19,121.4619
2020-10-14T14:36:00Z,121.46,121.66,121.4326,121.58
2020-10-14T14:37:00Z,121.58,121.6,121.49,121.595
2020-10-14T14:38:00Z,121.5908,121.84,121.56,121.825
2020-10-14T14:39:00Z,121.8301,121.86,121.72,121.77
2020-10-14T14:40:00Z,121.765,121.99,121.7505,121.975
2020-10-14T14:41:00Z,121.98,122.1,121.91,122.09
2020-10-14T14:42:00Z,122.085,122.09,121.8876,121.945
2020-10-14T14:43:00Z,121.9499,122.05,121.91,122.0499
2020-10-14T14:44:00Z,122.0498,122.2,122.04,122.05
2020-10-14T14:45:00Z,122.04,122.1482,122,122.075
2020-10-14T14:46:00Z,122.07,122.26,122.06,122.25
2020-10-14T14:47:00Z,122.2301,122.2499,122.09,122.105
2020-10-14T14:48:00Z,122.104,122.13,122,122.0001
2020-10-14T14:49:00Z,122.005,122.01,121.79,121.82
2020-10-14T14:50:00Z,121.819,121.93,121.74,121.8582
2020-10-14T14:51:00Z,121.85,122.045,121.84,122.025
2020-10-14T14:52:00Z,122.0243,122.11,122.0097,122.09
2020-10-14T14:53:00Z,122.0849,122.2,122.04,122.19
2020-10-14T14:54:00Z,122.18,122.39,122.18,122.253
2020-10-14T14:55:00Z,122.2516,122.33,122.08,122.2016
2020-10-14T14:56:00Z,122.2051,122.27,122.11,122.2644
2020-10-14T14:57:00Z,122.265,122.27,122.08,122.115
2020-10-14T14:58:00Z,122.1189,122.18,122.09,122.12
2020-10-14T14:59:00Z,122.13,122.16,122.05,122.1159
2020-10-14T15:00:00Z,122.13,122.205,121.95,121.975
2020-10-14T15:01:00Z,121.975,121.99,121.85,121.94
2020-10-14T15:02:00Z,121.935,122,121.83,121.8599
2020-10-14T15:03:00Z,121.85,121.95,121.83,121.915
2020-10-14T15:04:00Z,121.92,122,121.88,121.96
2020-10-14T15:05:00Z,121.965,122.22,121.95,122.1799
2020-10-14T15:06:00Z,122.18,122.27,122.125,122.1607
2020-10-14T15:07:00Z,122.16,122.18,122.073,122.145
2020-10-14T15:08:00Z,122.1442,122.16,122.06,122.07
2020-10-14T15:09:00Z,122.065,122.2,122.0501,122.15
2020-10-14T15:10:00Z,122.15,122.22,122.1208,122.1308
2020-10-14T15:11:00Z,122.137,122.14,121.95,122.0301
2020-10-14T15:12:00Z,122.0299,122.07,122,122.0401
2020-10-14T15:13:00Z,122.0526,122.07,122.02,122.0509
2020-10-14T15:14:00Z,122.055,122.0578,121.9605,122.0448
2020-10-14T15:15:00Z,122.046,122.1,121.9799,122.0199
2020-10-14T15:16:00Z,122,122,121.85,121.935
2020-10-14T15:17:00Z,121.94,121.95,121.8,121.8256
2020-10-14T15:18:00Z,121.8248,121.91,121.805,121.865
2020-10-14T15:19:00Z,121.865,121.87,121.77,121.8458
2020-10-14T15:20:00Z,121.8466,121.89,121.65,121.6882
2020-10-14T15:21:00Z,121.68,121.77,121.68,121.71
2020-10-14T15:22:00Z,121.71,121.8399,121.705,121.805
2020-10-14T15:23:00Z,121.8099,121.815,121.74,121.75
2020-10-14T15:24:00Z,121.7496,121.7573,121.64,121.72
2020-10-14T15:25:00Z,121.72,121.76,121.6515,121.67
2020-10-14T15:26:00Z,121.67,121.73,121.6,121.635
2020-10-14T15:27:00Z,121.64,121.64,121.49,121.53
2020-10-14T15:28:00Z,121.5299,121.7,121.5296,121.645
2020-10-14T15:29:00Z,121.64,121.68,121.58,121.6
2020-10-14T15:30:00Z,121.61,121.73,121.52,121.7182
2020-10-14T15:31:00Z,121.7182,121.73,121.52,121.53
2020-10-14T15:32:00Z,121.53,121.62,121.46,121.51
2020-10-14T15:33:00Z,121.51,121.6,121.5,121.578
2020-10-14T15:34:00Z,121.579,121.64,121.53,121.6393
2020-10-14T15:35:00Z,121.64,121.7282,121.5912,121.7277
2020-10-14T15:36:00Z,121.7217,121.73,121.58,121.645
2020-10-14T15:37:00Z,121.645,121.68,121.62,121.68
2020-10-14T15:38:00Z,121.67,121.69,121.58,121.59
2020-10-14T15:39:00Z,121.58,121.59,121.43,121.5199
2020-10-14T15:40:00Z,121.51,121.5998,121.47,121.545
2020-10-14T15:41:00Z,121.54,121.55,121.25,121.305
2020-10-14T15:42:00Z,121.31,121.5,121.31,121.49
2020-10-14T15:43:00Z,121.5,121.55,121.4,121.4299
2020-10-14T15:44:00Z,121.42,121.44,121.34,121.3508
2020-10-14T15:45:00Z,121.355,121.4,121.09,121.1041
2020-10-14T15:46:00Z,121.1097,121.2,121.09,121.15
2020-10-14T15:47:00Z,121.16,121.175,120.87,121.025
2020-10-14T15:48:00Z,121.0244,121.06,120.88,120.9564
2020-10-14T15:49:00Z,120.974,121.08,120.97,121.02
2020-10-14T15:50:00Z,121.02,121.055,120.925,120.9535
2020-10-14T15:51:00Z,120.9566,121.0051,120.79,120.845
2020-10-14T15:52:00Z,120.8498,121.0317,120.8403,120.98
2020-10-14T15:53:00Z,120.9898,121.0593,120.93,121.0435
2020-10-14T15:54:00Z,121.04,121.07,120.84,120.8648
2020-10-14T15:55:00Z,120.86,121.03,120.85,121.02
2020-10-14T15:56:00Z,121.0299,121.16,121.02,121.1401
2020-10-14T15:57:00Z,121.145,121.2094,121.09,121.1128
2020-10-14T15:58:00Z,121.1101,121.14,120.83,120.845
2020-10-14T15:59:00Z,120.8412,120.87,120.72,120.815
2020-10-14T16:00:00Z,120.83,120.96,120.81,120.8908
2020-10-14T16:01:00Z,120.89,121.1,120.86,121.0701
2020-10-14T16:02:00Z,121.075,121.08,120.94,121.02
2020-10-14T16:03:00Z,121.01,121.0108,120.85,120.9241
2020-10-14T16:04:00Z,120.92,121.12,120.91,121.075
2020-10-14T16:05:00Z,121.062,121.19,121.0101,121.1485
2020-10-14T16:06:00Z,121.13,121.33,121.0749,121.265
2020-10-14T16:07:00Z,121.27,121.31,121.19,121.27
2020-10-14T16:08:00Z,121.27,121.27,121.14,121.16
2020-10-14T16:09:00Z,121.145,121.24,121.02,121.0534
2020-10-14T16:10:00Z,121.06,121.08,120.82,120.86
2020-10-14T16:11:00Z,120.8765,120.95,120.8,120.91
2020-10-14T16:12:00Z,120.92,120.93,120.74,120.755
2020-10-14T16:13:00Z,120.755,120.88,120.755,120.8244
2020-10-14T16:14:00Z,120.82,120.915,120.78,120.8708
2020-10-14T16:15:00Z,120.87,120.95,120.83,120.857
2020-10-14T16:16:00Z,120.855,120.89,120.76,120.855
2020-10-14T16:17:00Z,120.85,120.875,120.72,120.725
2020-10-14T16:18:00Z,120.72,120.72,120.35,120.425
2020-10-14T16:19:00Z,120.425,120.52,120.34,120.435
2020-10-14T16:20:00Z,120.425,120.4599,120.35,120.4
2020-10-14T16:21:00Z,120.4,120.41,120.27,120.28
2020-10-14T16:22:00Z,120.2799,120.2819,119.84,120
2020-10-14T16:23:00Z,119.98,120,119.83,119.87
2020-10-14T16:24:00Z,119.8501,120,119.73,119.7697
2020-10-14T16:25:00Z,119.77,120,119.71,119.9993
2020-10-14T16:26:00Z,119.995,120.08,119.9,119.9885
2020-10-14T16:27:00Z,119.995,120.13,119.91,120.085
2020-10-14T16:28:00Z,120.08,120.165,120.04,120.09
2020-10-14T16:29:00Z,120.08,120.265,120.04,120.2527
2020-10-14T16:30:00Z,120.2477,120.265,120.08,120.1
2020-10-14T16:31:00Z,120.0963,120.36,120.08,120.3599
2020-10-14T16:32:00Z,120.3564,120.49,120.295,120.435
2020-10-14T16:33:00Z,120.435,120.485,120.36,120.405
2020-10-14T16:34:00Z,120.4058,120.45,120.29,120.3401
2020-10-14T16:35:00Z,120.35,120.5,120.3,120.446
2020-10-14T16:36:00Z,120.46,120.52,120.18,120.285
2020-10-14T16:37:00Z,120.27,120.29,120.18,120.2298
2020-10-14T16:38:00Z,120.2319,120.2319,120.12,120.14
2020-10-14T16:39:00Z,120.1499,120.355,120.14,120.34
2020-10-14T16:40:00Z,120.3308,120.43,120.2908,120.37
2020-10-14T16:41:00Z,120.36,120.37,120.2,120.32
2020-10-14T16:42:00Z,120.31,120.44,120.31,120.35
2020-10-14T16:43:00Z,120.35,120.5,120.32,120.475
2020-10-14T16:44:00Z,120.475,120.57,120.44,120.4897
2020-10-14T16:45:00Z,120.4801,120.52,120.31,120.36
2020-10-14T16:46:00Z,120.3524,120.47,120.3501,120.435
2020-10-14T16:47:00Z,120.435,120.505,120.3642,120.4565
2020-10-14T16:48:00Z,120.46,120.52,120.4,120.43
2020-10-14T16:49:00Z,120.4433,120.45,120.36,120.415
2020-10-14T16:50:00Z,120.4135,120.42,120.26,120.29
2020-10-14T16:51:00Z,120.29,120.37,120.23,120.34
2020-10-14T16:52:00Z,120.32,120.45,120.3165,120.365
2020-10-14T16:53:00Z,120.3599,120.52,120.34,120.4699
2020-10-14T16:54:00Z,120.47,120.49,120.3765,120.42
2020-10-14T16:55:00Z,120.42,120.655,120.39,120.589
2020-10-14T16:56:00Z,120.585,120.585,120.1853,120.29
2020-10-14T16:57:00Z,120.3,120.35,120.05,120.05
2020-10-14T16:58:00Z,120.06,120.225,120,120.16
2020-10-14T16:59:00Z,120.15,120.36,120.1468,120.28
2020-10-14T17:00:00Z,120.28,120.44,120.1699,120.4376
2020-10-14T17:01:00Z,120.4398,120.6,120.435,120.59
2020-10-14T17:02:00Z,120.595,120.65,120.51,120.63
2020-10-14T17:03:00Z,120.6213,120.6399,120.5,120.5
2020-10-14T17:04:00Z,120.5,120.65,120.4508,120.64
2020-10-14T17:05:00Z,120.645,120.7699,120.6015,120.66
2020-10-14T17:06:00Z,120.665,120.665,120.5,120.5425
2020-10-14T17:07:00Z,120.535,120.535,120.44,120.51
2020-10-14T17:08:00Z,120.51,120.59,120.505,120.5706
2020-10-14T17:09:00Z,120.5735,120.58,120.5,120.5399
2020-10-14T17:10:00Z,120.52,120.57,120.47,120.5001
2020-10-14T17:11:00Z,120.51,120.5299,120.335,120.39
2020-10-14T17:12:00Z,120.39,120.455,120.35,120.3901
2020-10-14T17:13:00Z,120.4,120.49,120.4,120.415
2020-10-14T17:14:00Z,120.41,120.435,120.37,120.43
2020-10-14T17:15:00Z,120.4301,120.44,120.3,120.38
2020-10-14T17:16:00Z,120.37,120.5899,120.34,120.5401
2020-10-14T17:17:00Z,120.54,120.54,120.4499,120.48
2020-10-14T17:18:00Z,120.47,120.56,120.43,120.505
2020-10-14T17:19:00Z,120.5,120.51,120.32,120.3748
2020-10-14T17:20:00Z,120.37,120.42,120.23,120.27
2020-10-14T17:21:00Z,120.2699,120.34,120.2699,120.29
2020-10-14T17:22:00Z,120.3,120.38,120.28,120.3285
2020-10-14T17:23:00Z,120.33,120.33,120.22,120.2355
2020-10-14T17:24:00Z,120.24,120.33,120.24,120.3
2020-10-14T17:25:00Z,120.3,120.4,120.25,120.4
2020-10-14T17:26:00Z,120.3801,120.4,120.29,120.34
2020-10-14T17:27:00Z,120.3399,120.3599,120.25,120.33
2020-10-14T17:28:00Z,120.34,120.38,120.08,120.1
2020-10-14T17:29:00Z,120.1,120.21,120.09,120.14
2020-10-14T17:30:00Z,120.1457,120.2233,120.08,120.0858
2020-10-14T17:31:00Z,120.085,120.21,120.08,120.11
2020-10-14T17:32:00Z,120.1,120.1202,119.87,119.89
2020-10-14T17:33:00Z,119.89,119.9715,119.8,119.81
2020-10-14T17:34:00Z,119.8166,119.87,119.62,119.72
2020-10-14T17:35:00Z,119.7199,119.95,119.71,119.9001
2020-10-14T17:36:00Z,119.9,120.105,119.83,120.0593
2020-10-14T17:37:00Z,120.0505,120.055,119.91,119.956
2020-10-14T17:38:00Z,119.96,120.195,119.9536,120.125
2020-10-14T17:39:00Z,120.12,120.2,120.07,120.19
2020-10-14T17:40:00Z,120.19,120.3,120.1,120.234
2020-10-14T17:41:00Z,120.2308,120.26,120.14,120.18
2020-10-14T17:42:00Z,120.17,120.395,120.1696,120.33
2020-10-14T17:43:00Z,120.3275,120.39,120.27,120.37
2020-10-14T17:44:00Z,120.3601,120.365,120.26,120.27
2020-10-14T17:45:00Z,120.27,120.44,120.27,120.41
2020-10-14T17:46:00Z,120.4185,120.4199,120.31,120.335
2020-10-14T17:47:00Z,120.3308,120.38,120.3,120.3401
2020-10-14T17:48:00Z,120.3599,120.43,120.3445,120.4252
2020-10-14T17:49:00Z,120.425,120.7,120.4201,120.6106
2020-10-14T17:50:00Z,120.62,120.64,120.55,120.5898
2020-10-14T17:51:00Z,120.5899,120.5899,120.47,120.4999
2020-10-14T17:52:00Z,120.49,120.6,120.44,120.54
2020-10-14T17:53:00Z,120.5395,120.6,120.48,120.53
2020-10-14T17:54:00Z,120.5208,120.63,120.5208,120.61
2020-10-14T17:55:00Z,120.6188,120.65,120.52,120.545
2020-10-14T17:56:00Z,120.55,120.59,120.47,120.586
2020-10-14T17:57:00Z,120.58,120.63,120.53,120.58
2020-10-14T17:58:00Z,120.5773,120.63,120.56,120.59
2020-10-14T17:59:00Z,120.6,120.63,120.4924,120.5485
2020-10-14T18:00:00Z,120.55,120.74,120.53,120.7102
2020-10-14T18:01:00Z,120.71,120.71,120.57,120.662
2020-10-14T18:02:00Z,120.6642,120.72,120.645,120.72
2020-10-14T18:03:00Z,120.72,120.72,120.5499,120.61
2020-10-14T18:04:00Z,120.6005,120.69,120.6005,120.66
2020-10-14T18:05:00Z,120.6598,120.75,120.64,120.745
2020-10-14T18:06:00Z,120.75,120.95,120.71,120.9152
2020-10-14T18:07:00Z,120.9101,120.915,120.76,120.79
2020-10-14T18:08:00Z,120.7842,120.83,120.75,120.82
2020-10-14T18:09:00Z,120.8293,120.84,120.76,120.7863
2020-10-14T18:10:00Z,120.79,120.8,120.72,120.7999
2020-10-14T18:11:00Z,120.8,120.93,120.1,120.8836
2020-10-14T18:12:00Z,120.8786,120.9,120.78,120.8748
2020-10-14T18:13:00Z,120.8708,121,120.87,120.96
2020-10-14T18:14:00Z,120.9699,121.09,120.9,121.0833
2020-10-14T18:15:00Z,121.09,121.1277,121.02,121.0513
2020-10-14T18:16:00Z,121.055,121.2,121.035,121.17
2020-10-14T18:17:00Z,121.17,121.19,121.07,121.1159
2020-10-14T18:18:00Z,121.115,121.15,120.86,120.8899
2020-10-14T18:19:00Z,120.885,120.89,120.65,120.74
2020-10-14T18:20:00Z,120.73,120.78,120.11,120.765
2020-10-14T18:21:00Z,120.765,120.905,120.75,120.78
2020-10-14T18:22:00Z,120.784,120.8099,120.57,120.595
2020-10-14T18:23:00Z,120.6,120.69,120.52,120.6603
2020-10-14T18:24:00Z,120.67,120.74,120.66,120.6701
2020-10-14T18:25:00Z,120.6738,120.7,120.57,120.6451
2020-10-14T18:26:00Z,120.64,120.64,120.5011,120.5699
2020-10-14T18:27:00Z,120.5699,120.7201,120.5699,120.68
2020-10-14T18:28:00Z,120.695,120.73,120.62,120.62
2020-10-14T18:29:00Z,120.635,120.84,120.6303,120.84
2020-10-14T18:30:00Z,120.835,120.93,120.77,120.8457
2020-10-14T18:31:00Z,120.8493,120.85,120.73,120.8213
2020-10-14T18:32:00Z,120.83,120.84,120.75,120.7679
2020-10-14T18:33:00Z,120.76,120.77,120.69,120.7
2020-10-14T18:34:00Z,120.701,120.701,120.55,120.57
2020-10-14T18:35:00Z,120.5615,120.68,120.5615,120.5915
2020-10-14T18:36:00Z,120.6,120.7,120.575,120.6901
2020-10-14T18:37:00Z,120.696,120.696,120.56,120.5701
2020-10-14T18:38:00Z,120.57,120.605,120.52,120.59
2020-10-14T18:39:00Z,120.5904,120.66,120.555,120.635
2020-10-14T18:40:00Z,120.6401,120.79,120.615,120.71
2020-10-14T18:41:00Z,120.7097,120.99,120.66,120.9001
2020-10-14T18:42:00Z,120.91,121.04,120.8411,121.0109
2020-10-14T18:43:00Z,121.015,121.015,120.94,120.9493
2020-10-14T18:44:00Z,120.949,120.95,120.85,120.85
2020-10-14T18:45:00Z,120.86,120.92,120.75,120.79
2020-10-14T18:46:00Z,120.7885,120.98,120.77,120.955
2020-10-14T18:47:00Z,120.96,120.965,120.85,120.8766
2020-10-14T18:48:00Z,120.865,121.0198,120.85,121.0099
2020-10-14T18:49:00Z,121.0093,121.1738,120.9935,121.0446
2020-10-14T18:50:00Z,121.0365,121.0768,120.915,120.9499
2020-10-14T18:51:00Z,120.9401,121.03,120.81,120.885
2020-10-14T18:52:00Z,120.8893,120.9893,120.85,120.9318
2020-10-14T18:53:00Z,120.925,121.01,120.9101,121.01
2020-10-14T18:54:00Z,121.0035,121.105,120.93,121.05
2020-10-14T18:55:00Z,121.04,121.26,121.04,121.205
2020-10-14T18:56:00Z,121.2098,121.37,121.1401,121.33
2020-10-14T18:57:00Z,121.32,121.335,121.22,121.2733
2020-10-14T18:58:00Z,121.2799,121.3,121.15,121.18
2020-10-14T18:59:00Z,121.17,121.22,121.11,121.19
2020-10-14T19:00:00Z,121.18,121.32,121.1751,121.275
2020-10-14T19:01:00Z,121.2701,121.33,121.05,121.0506
2020-10-14T19:02:00Z,121.055,121.2701,121.03,121.27
2020-10-14T19:03:00Z,121.28,121.32,120.7504,121.2901
2020-10-14T19:04:00Z,121.2817,121.31,121.21,121.27
2020-10-14T19:05:00Z,121.2662,121.3177,121.21,121.2301
2020-10-14T19:06:00Z,121.24,121.32,121.22,121.32
2020-10-14T19:07:00Z,121.315,121.39,121.3025,121.35
2020-10-14T19:08:00Z,121.3577,121.6,121.3411,121.5201
2020-10-14T19:09:00Z,121.52,121.53,121.42,121.4601
2020-10-14T19:10:00Z,121.47,121.61,121.46,121.5937
2020-10-14T19:11:00Z,121.61,121.7099,121.6006,121.7099
2020-10-14T19:12:00Z,121.7,121.73,121.59,121.67
2020-10-14T19:13:00Z,121.67,121.68,121.58,121.6198
2020-10-14T19:14:00Z,121.625,121.68,121.6,121.6585
2020-10-14T19:15:00Z,121.653,121.73,121.653,121.707
2020-10-14T19:16:00Z,121.71,121.72,121.6,121.6199
2020-10-14T19:17:00Z,121.6001,121.62,121.42,121.4323
2020-10-14T19:18:00Z,121.439,121.53,121.425,121.45
2020-10-14T19:19:00Z,121.454,121.52,121.45,121.46
2020-10-14T19:20:00Z,121.4577,121.63,121.45,121.55
2020-10-14T19:21:00Z,121.555,121.59,121.5201,121.5555
2020-10-14T19:22:00Z,121.56,121.65,121.55,121.6
2020-10-14T19:23:00Z,121.6099,121.61,121.44,121.45
2020-10-14T19:24:00Z,121.45,121.5,121.34,121.36
2020-10-14T19:25:00Z,121.3544,121.4,121.17,121.234
2020-10-14T19:26:00Z,121.2499,121.41,121.2499,121.37
2020-10-14T19:27:00Z,121.38,121.48,121.3703,121.4175
2020-10-14T19:28:00Z,121.41,121.51,121.32,121.4601
2020-10-14T19:29:00Z,121.47,121.5208,121.42,121.47
2020-10-14T19:30:00Z,121.47,121.5,121.4124,121.465
2020-10-14T19:31:00Z,121.465,121.66,121.465,121.645
2020-10-14T19:32:00Z,121.6493,121.8,121.6,121.78
2020-10-14T19:33:00Z,121.783,121.8,121.66,121.685
2020-10-14T19:34:00Z,121.6841,121.69,121.57,121.66
2020-10-14T19:35:00Z,121.67,121.7,121.6101,121.6648
2020-10-14T19:36:00Z,121.665,121.9,121.59,121.7984
2020-10-14T19:37:00Z,121.7955,121.86,121.75,121.76
2020-10-14T19:38:00Z,121.7508,121.8,121.66,121.7796
2020-10-14T19:39:00Z,121.77,121.78,121.67,121.6862
2020-10-14T19:40:00Z,121.69,121.85,121.685,121.815
2020-10-14T19:41:00Z,121.82,121.84,121.75,121.805
2020-10-14T19:42:00Z,121.8,121.83,121.71,121.805
2020-10-14T19:43:00Z,121.8,121.965,121.79,121.945
2020-10-14T19:44:00Z,121.94,122,121.925,121.97
2020-10-14T19:45:00Z,121.97,121.98,121.82,121.9308
2020-10-14T19:46:00Z,121.93,121.935,121.77,121.78
2020-10-14T19:47:00Z,121.785,121.8,121.58,121.675
2020-10-14T19:48:00Z,121.67,121.7404,121.57,121.575
2020-10-14T19:49:00Z,121.575,121.69,121.57,121.5915
2020-10-14T19:50:00Z,121.6,121.8319,121.57,121.8001
2020-10-14T19:51:00Z,121.8053,121.81,121.64,121.7
2020-10-14T19:52:00Z,121.705,121.71,121.64,121.67
2020-10-14T19:53:00Z,121.68,121.8,121.6793,121.695
2020-10-14T19:54:00Z,121.69,121.695,121.56,121.56
2020-10-14T19:55:00Z,121.58,121.71,121.39,121.3901
2020-10-14T19:56:00Z,121.4,121.43,121.33,121.331
2020-10-14T19:57:00Z,121.34,121.39,121.32,121.325
2020-10-14T19:58:00Z,121.33,121.4214,121.28,121.3093
2020-10-14T19:59:00Z,121.3074,121.32,121.14,121.18
