2020-10-08T13:30:00Z,116.25,116.4,115.9201,116.05
2020-10-08T13:31:00Z,116.03,116.13,115.82,115.82
2020-10-08T13:32:00Z,115.8,116.05,115.67,116.03
2020-10-08T13:33:00Z,116.02,116.02,115.71,115.81
2020-10-08T13:34:00Z,115.78,115.79,115.54,115.61
2020-10-08T13:35:00Z,115.6192,115.74,115.48,115.64
2020-10-08T13:36:00Z,115.65,115.68,115.52,115.655
2020-10-08T13:37:00Z,115.66,115.67,115.49,115.53
2020-10-08T13:38:00Z,115.5399,115.74,115.49,115.5901
2020-10-08T13:39:00Z,115.59,115.73,115.53,115.7199
2020-10-08T13:40:00Z,115.715,115.86,115.7,115.76
2020-10-08T13:41:00Z,115.77,115.85,115.72,115.7301
2020-10-08T13:42:00Z,115.73,115.75,115.6,115.645
2020-10-08T13:43:00Z,115.65,115.67,115.5,115.65
2020-10-08T13:44:00Z,115.65,115.73,115.59,115.68
2020-10-08T13:45:00Z,115.689,115.91,115.68,115.91
2020-10-08T13:46:00Z,115.89,116.01,115.705,115.805
2020-10-08T13:47:00Z,115.79,115.8,115.62,115.6829
2020-10-08T13:48:00Z,115.685,115.69,115.48,115.5525
2020-10-08T13:49:00Z,115.55,115.59,115.36,115.3848
2020-10-08T13:50:00Z,115.385,115.5985,115.36,115.58
2020-10-08T13:51:00Z,115.585,115.62,115.45,115.48
2020-10-08T13:52:00Z,115.48,115.61,115.475,115.6063
2020-10-08T13:53:00Z,115.6061,115.65,115.56,115.625
2020-10-08T13:54:00Z,115.625,115.63,115.42,115.48
2020-10-08T13:55:00Z,115.47,115.56,115.4,115.54
2020-10-08T13:56:00Z,115.545,115.61,115.51,115.5801
2020-10-08T13:57:00Z,115.5805,115.63,115.53,115.53
2020-10-08T13:58:00Z,115.53,115.57,115.48,115.51
2020-10-08T13:59:00Z,115.5,115.535,115.44,115.5275
2020-10-08T14:00:00Z,115.525,115.69,115.5,115.6315
2020-10-08T14:01:00Z,115.635,115.64,115.52,115.545
2020-10-08T14:02:00Z,115.565,115.58,115.47,115.5276
2020-10-08T14:03:00Z,115.52,115.5207,115.19,115.375
2020-10-08T14:04:00Z,115.375,115.4901,115.325,115.455
2020-10-08T14:05:00Z,115.455,115.47,115.3789,115.43
2020-10-08T14:06:00Z,115.4101,115.5,115.36,115.38
2020-10-08T14:07:00Z,115.39,115.415,115.31,115.328
2020-10-08T14:08:00Z,115.32,115.405,115.28,115.3139
2020-10-08T14:09:00Z,115.311,115.37,115.3001,115.3598
2020-10-08T14:10:00Z,115.36,115.45,115.325,115.4121
2020-10-08T14:11:00Z,115.413,115.51,115.39,115.5
2020-10-08T14:12:00Z,115.51,115.56,115.46,115.51
2020-10-08T14:13:00Z,115.51,115.52,115.44,115.447
2020-10-08T14:14:00Z,115.4448,115.46,115.37,115.375
2020-10-08T14:15:00Z,115.375,115.42,115.34,115.395
2020-10-08T14:16:00Z,115.3974,115.53,115.38,115.445
2020-10-08T14:17:00Z,115.4501,115.4501,115.28,115.3
2020-10-08T14:18:00Z,115.3038,115.3499,115.26,115.31
2020-10-08T14:19:00Z,115.31,115.35,115.25,115.29
2020-10-08T14:20:00Z,115.2899,115.345,115.16,115.1901
2020-10-08T14:21:00Z,115.1999,115.29,115.19,115.2857
2020-10-08T14:22:00Z,115.2808,115.335,115.27,115.31
2020-10-08T14:23:00Z,115.31,115.31,115.17,115.28
2020-10-08T14:24:00Z,115.27,115.275,115.13,115.1561
2020-10-08T14:25:00Z,115.16,115.22,115.05,115.11
2020-10-08T14:26:00Z,115.115,115.21,115.114,115.13
2020-10-08T14:27:00Z,115.15,115.17,115.1,115.14
2020-10-08T14:28:00Z,115.145,115.19,115.1,115.165
2020-10-08T14:29:00Z,115.1709,115.21,115.11,115.21
2020-10-08T14:30:00Z,115.21,115.34,115.21,115.32
2020-10-08T14:31:00Z,115.3115,115.38,115.29,115.355
2020-10-08T14:32:00Z,115.355,115.4208,115.34,115.4016
2020-10-08T14:33:00Z,115.4,115.48,115.36,115.45
2020-10-08T14:34:00Z,115.445,115.46,115.395,115.4316
2020-10-08T14:35:00Z,115.435,115.45,115.4,115.41
2020-10-08T14:36:00Z,115.415,115.42,115.32,115.39
2020-10-08T14:37:00Z,115.3803,115.44,115.36,115.39
2020-10-08T14:38:00Z,115.38,115.42,115.34,115.395
2020-10-08T14:39:00Z,115.3989,115.4,115.35,115.3979
2020-10-08T14:40:00Z,115.395,115.4,115.3316,115.355
2020-10-08T14:41:00Z,115.36,115.39,115.355,115.3899
2020-10-08T14:42:00Z,115.38,115.45,115.37,115.41
2020-10-08T14:43:00Z,115.4,115.45,115.4,115.4107
2020-10-08T14:44:00Z,115.4152,115.45,115.41,115.42
2020-10-08T14:45:00Z,115.415,115.45,115.3801,115.425
2020-10-08T14:46:00Z,115.42,115.42,115.37,115.39
2020-10-08T14:47:00Z,115.39,115.4,115.23,115.2984
2020-10-08T14:48:00Z,115.295,115.3,115.21,115.2107
2020-10-08T14:49:00Z,115.21,115.27,115.19,115.2165
2020-10-08T14:50:00Z,115.2101,115.31,115.21,115.3099
2020-10-08T14:51:00Z,115.305,115.315,115.2524,115.285
2020-10-08T14:52:00Z,115.29,115.29,115.23,115.27
2020-10-08T14:53:00Z,115.265,115.3,115.19,115.2176
2020-10-08T14:54:00Z,115.215,115.24,115.1,115.1635
2020-10-08T14:55:00Z,115.165,115.23,115.13,115.195
2020-10-08T14:56:00Z,115.2,115.23,115.18,115.205
2020-10-08T14:57:00Z,115.2,115.27,115.1916,115.22
2020-10-08T14:58:00Z,115.22,115.27,115.19,115.235
2020-10-08T14:59:00Z,115.24,115.29,115.235,115.265
2020-10-08T15:00:00Z,115.2699,115.31,115.15,115.25
2020-10-08T15:01:00Z,115.2499,115.31,115.24,115.2761
2020-10-08T15:02:00Z,115.275,115.35,115.2635,115.3
2020-10-08T15:03:00Z,115.31,115.34,115.29,115.2959
2020-10-08T15:04:00Z,115.29,115.3435,115.29,115.31
2020-10-08T15:05:00Z,115.32,115.4,115.31,115.3601
2020-10-08T15:06:00Z,115.37,115.4299,115.3687,115.3945
2020-10-08T15:07:00Z,115.39,115.56,115.385,115.535
2020-10-08T15:08:00Z,115.5301,115.58,115.47,115.5099
2020-10-08T15:09:00Z,115.51,115.5399,115.45,115.4799
2020-10-08T15:10:00Z,115.4754,115.53,115.425,115.48
2020-10-08T15:11:00Z,115.49,115.5,115.42,115.47
2020-10-08T15:12:00Z,115.46,115.51,115.44,115.45
2020-10-08T15:13:00Z,115.4499,115.49,115.43,115.4649
2020-10-08T15:14:00Z,115.469,115.55,115.4646,115.5499
2020-10-08T15:15:00Z,115.545,115.58,115.52,115.55
2020-10-08T15:16:00Z,115.5529,115.61,115.54,115.6
2020-10-08T15:17:00Z,115.6,115.68,115.59,115.657
2020-10-08T15:18:00Z,115.66,115.72,115.6401,115.655
2020-10-08T15:19:00Z,115.66,115.68,115.59,115.6435
2020-10-08T15:20:00Z,115.65,115.78,115.63,115.6656
2020-10-08T15:21:00Z,115.6601,115.67,115.48,115.54
2020-10-08T15:22:00Z,115.55,115.6,115.515,115.5885
2020-10-08T15:23:00Z,115.59,115.63,115.55,115.6
2020-10-08T15:24:00Z,115.61,115.65,115.59,115.6391
2020-10-08T15:25:00Z,115.635,115.65,115.52,115.5577
2020-10-08T15:26:00Z,115.55,115.57,115.46,115.48
2020-10-08T15:27:00Z,115.4885,115.56,115.465,115.495
2020-10-08T15:28:00Z,115.5,115.51,115.42,115.51
2020-10-08T15:29:00Z,115.5015,115.54,115.43,115.445
2020-10-08T15:30:00Z,115.45,115.46,115.37,115.42
2020-10-08T15:31:00Z,115.4095,115.41,115.3,115.32
2020-10-08T15:32:00Z,115.33,115.34,115.24,115.2476
2020-10-08T15:33:00Z,115.255,115.26,115.12,115.1586
2020-10-08T15:34:00Z,115.14,115.16,114.92,115.06
2020-10-08T15:35:00Z,115.06,115.08,115.01,115.065
2020-10-08T15:36:00Z,115.065,115.2,115.0446,115.183
2020-10-08T15:37:00Z,115.185,115.25,115.12,115.225
2020-10-08T15:38:00Z,115.225,115.4,115.21,115.345
2020-10-08T15:39:00Z,115.3459,115.42,115.315,115.3201
2020-10-08T15:40:00Z,115.32,115.38,115.28,115.3343
2020-10-08T15:41:00Z,115.335,115.36,115.31,115.3461
2020-10-08T15:42:00Z,115.345,115.41,115.33,115.335
2020-10-08T15:43:00Z,115.33,115.38,115.32,115.365
2020-10-08T15:44:00Z,115.37,115.38,115.26,115.26
2020-10-08T15:45:00Z,115.27,115.31,115.24,115.28
2020-10-08T15:46:00Z,115.2836,115.37,115.28,115.36
2020-10-08T15:47:00Z,115.3599,115.3599,115.2801,115.29
2020-10-08T15:48:00Z,115.29,115.34,115.28,115.335
2020-10-08T15:49:00Z,115.33,115.35,115.27,115.323
2020-10-08T15:50:00Z,115.33,115.34,115.22,115.255
2020-10-08T15:51:00Z,115.26,115.31,115.235,115.25
2020-10-08T15:52:00Z,115.23,115.243,115.17,115.235
2020-10-08T15:53:00Z,115.24,115.26,115.18,115.1931
2020-10-08T15:54:00Z,115.19,115.2,115.0908,115.1103
2020-10-08T15:55:00Z,115.12,115.2,115.1,115.17
2020-10-08T15:56:00Z,115.1731,115.24,115.14,115.24
2020-10-08T15:57:00Z,115.23,115.29,115.2101,115.285
2020-10-08T15:58:00Z,115.28,115.3,115.2,115.2
2020-10-08T15:59:00Z,115.205,115.24,115.18,115.23
2020-10-08T16:00:00Z,115.24,115.32,115.23,115.295
2020-10-08T16:01:00Z,115.3,115.38,115.285,115.375
2020-10-08T16:02:00Z,115.3723,115.42,115.3408,115.35
2020-10-08T16:03:00Z,115.3565,115.42,115.355,115.4
2020-10-08T16:04:00Z,115.4,115.44,115.37,115.38
2020-10-08T16:05:00Z,115.39,115.44,115.3701,115.4
2020-10-08T16:06:00Z,115.395,115.415,115.35,115.405
2020-10-08T16:07:00Z,115.4,115.47,115.38,115.435
2020-10-08T16:08:00Z,115.44,115.4584,115.38,115.415
2020-10-08T16:09:00Z,115.41,115.41,115.34,115.3616
2020-10-08T16:10:00Z,115.37,115.39,115.3,115.3248
2020-10-08T16:11:00Z,115.33,115.41,115.31,115.4
2020-10-08T16:12:00Z,115.3916,115.49,115.3916,115.45
2020-10-08T16:13:00Z,115.4484,115.51,115.44,115.4617
2020-10-08T16:14:00Z,115.4699,115.53,115.4601,115.5236
2020-10-08T16:15:00Z,115.53,115.54,115.42,115.43
2020-10-08T16:16:00Z,115.435,115.4777,115.42,115.43
2020-10-08T16:17:00Z,115.4328,115.4717,115.39,115.4
2020-10-08T16:18:00Z,115.405,115.52,115.4001,115.47
2020-10-08T16:19:00Z,115.48,115.48,115.44,115.4561
2020-10-08T16:20:00Z,115.445,115.46,115.365,115.4001
2020-10-08T16:21:00Z,115.405,115.42,115.3799,115.385
2020-10-08T16:22:00Z,115.3816,115.43,115.38,115.415
2020-10-08T16:23:00Z,115.4193,115.4201,115.38,115.39
2020-10-08T16:24:00Z,115.39,115.43,115.38,115.415
2020-10-08T16:25:00Z,115.415,115.43,115.37,115.3901
2020-10-08T16:26:00Z,115.3984,115.41,115.335,115.37
2020-10-08T16:27:00Z,115.375,115.41,115.345,115.385
2020-10-08T16:28:00Z,115.395,115.3999,115.36,115.375
2020-10-08T16:29:00Z,115.375,115.38,115.335,115.36
2020-10-08T16:30:00Z,115.36,115.4,115.355,115.3683
2020-10-08T16:31:00Z,115.37,115.4,115.36,115.39
2020-10-08T16:32:00Z,115.39,115.42,115.36,115.4199
2020-10-08T16:33:00Z,115.405,115.415,115.36,115.36
2020-10-08T16:34:00Z,115.36,115.37,115.32,115.345
2020-10-08T16:35:00Z,115.35,115.36,115.26,115.2877
2020-10-08T16:36:00Z,115.28,115.34,115.24,115.31
2020-10-08T16:37:00Z,115.305,115.331,115.2908,115.316
2020-10-08T16:38:00Z,115.31,115.32,115.26,115.2751
2020-10-08T16:39:00Z,115.28,115.3,115.26,115.2998
2020-10-08T16:40:00Z,115.29,115.31,115.245,115.25
2020-10-08T16:41:00Z,115.255,115.2999,115.25,115.29
2020-10-08T16:42:00Z,115.2884,115.33,115.287,115.295
2020-10-08T16:43:00Z,115.3,115.355,115.29,115.335
2020-10-08T16:44:00Z,115.335,115.35,115.26,115.29
2020-10-08T16:45:00Z,115.2852,115.34,115.241,115.2516
2020-10-08T16:46:00Z,115.26,115.33,115.26,115.2999
2020-10-08T16:47:00Z,115.2999,115.36,115.2999,115.36
2020-10-08T16:48:00Z,115.3599,115.38,115.33,115.345
2020-10-08T16:49:00Z,115.34,115.36,115.32,115.3554
2020-10-08T16:50:00Z,115.355,115.37,115.32,115.32
2020-10-08T16:51:00Z,115.31,115.3277,115.28,115.3101
2020-10-08T16:52:00Z,115.3248,115.34,115.295,115.325
2020-10-08T16:53:00Z,115.32,115.34,115.31,115.31
2020-10-08T16:54:00Z,115.3108,115.33,115.295,115.31
2020-10-08T16:55:00Z,115.315,115.32,115.29,115.3
2020-10-08T16:56:00Z,115.3099,115.3099,115.17,115.175
2020-10-08T16:57:00Z,115.185,115.24,115.16,115.205
2020-10-08T16:58:00Z,115.22,115.26,115.1982,115.225
2020-10-08T16:59:00Z,115.225,115.3,115.22,115.26
2020-10-08T17:00:00Z,115.265,115.29,115.26,115.27
2020-10-08T17:01:00Z,115.265,115.3,115.25,115.2593
2020-10-08T17:02:00Z,115.25,115.25,115.17,115.19
2020-10-08T17:03:00Z,115.195,115.22,115.14,115.175
2020-10-08T17:04:00Z,115.18,115.19,115.13,115.16
2020-10-08T17:05:00Z,115.155,115.21,115.14,115.205
2020-10-08T17:06:00Z,115.205,115.22,115.1399,115.1477
2020-10-08T17:07:00Z,115.1437,115.18,115.13,115.1782
2020-10-08T17:08:00Z,115.175,115.215,115.145,115.215
2020-10-08T17:09:00Z,115.2024,115.23,115.2,115.21
2020-10-08T17:10:00Z,115.2055,115.24,115.1801,115.21
2020-10-08T17:11:00Z,115.215,115.215,115.125,115.155
2020-10-08T17:12:00Z,115.15,115.175,115.09,115.1097
2020-10-08T17:13:00Z,115.1077,115.13,115.07,115.1
2020-10-08T17:14:00Z,115.0967,115.15,115.08,115.135
2020-10-08T17:15:00Z,115.13,115.1399,115.0799,115.1044
2020-10-08T17:16:00Z,115.1,115.11,115.075,115.0959
2020-10-08T17:17:00Z,115.1,115.11,115.05,115.0829
2020-10-08T17:18:00Z,115.085,115.11,115.055,115.0816
2020-10-08T17:19:00Z,115.085,115.11,115.02,115.0353
2020-10-08T17:20:00Z,115.04,115.04,114.98,115.0152
2020-10-08T17:21:00Z,115.0117,115.05,115,115.0301
2020-10-08T17:22:00Z,115.035,115.05,115.02,115.035
2020-10-08T17:23:00Z,115.035,115.06,115.0086,115.015
2020-10-08T17:24:00Z,115.0148,115.015,114.65,114.67
2020-10-08T17:25:00Z,114.66,114.76,114.65,114.715
2020-10-08T17:26:00Z,114.715,114.81,114.715,114.795
2020-10-08T17:27:00Z,114.795,114.86,114.77,114.8177
2020-10-08T17:28:00Z,114.8116,114.89,114.8024,114.865
2020-10-08T17:29:00Z,114.8646,114.88,114.81,114.835
2020-10-08T17:30:00Z,114.8224,114.89,114.79,114.86
2020-10-08T17:31:00Z,114.8799,114.94,114.87,114.93
2020-10-08T17:32:00Z,114.93,114.96,114.9,114.96
2020-10-08T17:33:00Z,114.96,114.99,114.93,114.9565
2020-10-08T17:34:00Z,114.96,114.9822,114.83,114.8734
2020-10-08T17:35:00Z,114.87,114.9505,114.87,114.9505
2020-10-08T17:36:00Z,114.955,115,114.93,114.935
2020-10-08T17:37:00Z,114.93,114.95,114.88,114.9364
2020-10-08T17:38:00Z,114.94,114.95,114.875,114.94
2020-10-08T17:39:00Z,114.94,114.98,114.9,114.917
2020-10-08T17:40:00Z,114.91,114.93,114.85,114.8799
2020-10-08T17:41:00Z,114.87,114.87,114.8,114.835
2020-10-08T17:42:00Z,114.8301,114.897,114.82,114.8841
2020-10-08T17:43:00Z,114.88,114.8893,114.82,114.83
2020-10-08T17:44:00Z,114.82,114.9,114.76,114.8715
2020-10-08T17:45:00Z,114.875,114.88,114.81,114.85
2020-10-08T17:46:00Z,114.85,114.8799,114.82,114.86
2020-10-08T17:47:00Z,114.86,114.9,114.86,114.875
2020-10-08T17:48:00Z,114.87,114.87,114.74,114.78
2020-10-08T17:49:00Z,114.78,114.82,114.75,114.8023
2020-10-08T17:50:00Z,114.81,114.8599,114.77,114.85
2020-10-08T17:51:00Z,114.8401,114.88,114.8,114.8299
2020-10-08T17:52:00Z,114.825,114.88,114.817,114.86
2020-10-08T17:53:00Z,114.8602,114.88,114.84,114.8501
2020-10-08T17:54:00Z,114.85,114.86,114.8,114.8301
2020-10-08T17:55:00Z,114.835,114.8399,114.79,114.825
2020-10-08T17:56:00Z,114.825,114.85,114.78,114.79
2020-10-08T17:57:00Z,114.795,114.8,114.76,114.775
2020-10-08T17:58:00Z,114.7748,114.78,114.7,114.755
2020-10-08T17:59:00Z,114.75,114.7601,114.7,114.715
2020-10-08T18:00:00Z,114.7102,114.73,114.61,114.655
2020-10-08T18:01:00Z,114.66,114.7,114.6,114.6099
2020-10-08T18:02:00Z,114.61,114.66,114.5901,114.649
2020-10-08T18:03:00Z,114.645,114.69,114.62,114.68
2020-10-08T18:04:00Z,114.6816,114.7,114.63,114.665
2020-10-08T18:05:00Z,114.67,114.72,114.622,114.7
2020-10-08T18:06:00Z,114.695,114.7,114.6401,114.6699
2020-10-08T18:07:00Z,114.66,114.73,114.65,114.7299
2020-10-08T18:08:00Z,114.73,114.85,114.71,114.845
2020-10-08T18:09:00Z,114.84,114.855,114.82,114.84
2020-10-08T18:10:00Z,114.84,114.89,114.83,114.86
2020-10-08T18:11:00Z,114.8599,114.9,114.82,114.9
2020-10-08T18:12:00Z,114.9,114.92,114.86,114.907
2020-10-08T18:13:00Z,114.9001,114.91,114.855,114.895
2020-10-08T18:14:00Z,114.9,114.92,114.88,114.8801
2020-10-08T18:15:00Z,114.88,114.92,114.84,114.9
2020-10-08T18:16:00Z,114.9,114.91,114.88,114.9058
2020-10-08T18:17:00Z,114.905,114.97,114.9,114.953
2020-10-08T18:18:00Z,114.955,114.97,114.94,114.945
2020-10-08T18:19:00Z,114.94,114.95,114.88,114.8998
2020-10-08T18:20:00Z,114.9,114.93,114.86,114.9193
2020-10-08T18:21:00Z,114.92,115.025,114.92,115.0038
2020-10-08T18:22:00Z,115.005,115.03,114.98,114.99
2020-10-08T18:23:00Z,114.9899,115.01,114.97,114.995
2020-10-08T18:24:00Z,114.9899,115.02,114.98,114.9893
2020-10-08T18:25:00Z,114.9849,114.985,114.921,114.94
2020-10-08T18:26:00Z,114.945,114.96,114.93,114.935
2020-10-08T18:27:00Z,114.935,114.95,114.92,114.93
2020-10-08T18:28:00Z,114.9283,114.935,114.86,114.895
2020-10-08T18:29:00Z,114.9,114.93,114.89,114.9001
2020-10-08T18:30:00Z,114.9014,114.94,114.89,114.897
2020-10-08T18:31:00Z,114.9,114.96,114.8708,114.945
2020-10-08T18:32:00Z,114.9477,114.97,114.92,114.92
2020-10-08T18:33:00Z,114.93,114.96,114.92,114.945
2020-10-08T18:34:00Z,114.95,114.97,114.915,114.92
2020-10-08T18:35:00Z,114.92,114.93,114.8276,114.8601
2020-10-08T18:36:00Z,114.865,114.89,114.84,114.8493
2020-10-08T18:37:00Z,114.845,114.87,114.835,114.8593
2020-10-08T18:38:00Z,114.86,114.9,114.85,114.895
2020-10-08T18:39:00Z,114.895,114.97,114.895,114.96
2020-10-08T18:40:00Z,114.96,114.97,114.94,114.9563
2020-10-08T18:41:00Z,114.9575,114.97,114.915,114.93
2020-10-08T18:42:00Z,114.94,114.98,114.91,114.96
2020-10-08T18:43:00Z,114.96,115.04,114.955,115.025
2020-10-08T18:44:00Z,115.0243,115.06,114.99,115.0257
2020-10-08T18:45:00Z,115.02,115.07,114.99,115.045
2020-10-08T18:46:00Z,115.0499,115.06,115.02,115.04
2020-10-08T18:47:00Z,115.0399,115.05,114.9733,114.9799
2020-10-08T18:48:00Z,114.98,115,114.93,114.995
2020-10-08T18:49:00Z,114.995,115.03,114.99,115.015
2020-10-08T18:50:00Z,115.01,115.015,114.9609,114.9946
2020-10-08T18:51:00Z,114.995,115.04,114.98,115.035
2020-10-08T18:52:00Z,115.035,115.04,115,115.0173
2020-10-08T18:53:00Z,115.0164,115.12,115.0116,115.1
2020-10-08T18:54:00Z,115.1,115.14,115.09,115.1
2020-10-08T18:55:00Z,115.105,115.13,115.0399,115.065
2020-10-08T18:56:00Z,115.06,115.12,115.06,115.095
2020-10-08T18:57:00Z,115.0941,115.11,115.077,115.095
2020-10-08T18:58:00Z,115.1,115.1,115.06,115.085
2020-10-08T18:59:00Z,115.08,115.113,115.08,115.1
2020-10-08T19:00:00Z,115.105,115.13,115.0619,115.07
2020-10-08T19:01:00Z,115.07,115.08,114.9,114.95
2020-10-08T19:02:00Z,114.945,114.95,114.865,114.9199
2020-10-08T19:03:00Z,114.91,114.94,114.8798,114.9373
2020-10-08T19:04:00Z,114.9304,114.94,114.89,114.9099
2020-10-08T19:05:00Z,114.9,114.95,114.85,114.9434
2020-10-08T19:06:00Z,114.945,114.98,114.91,114.9341
2020-10-08T19:07:00Z,114.935,114.95,114.9101,114.93
2020-10-08T19:08:00Z,114.9216,114.95,114.92,114.94
2020-10-08T19:09:00Z,114.93,114.94,114.9,114.9121
2020-10-08T19:10:00Z,114.9141,114.94,114.8936,114.9
2020-10-08T19:11:00Z,114.9,114.956,114.8734,114.9276
2020-10-08T19:12:00Z,114.93,115.06,114.9295,115.045
2020-10-08T19:13:00Z,115.04,115.05,115.01,115.04
2020-10-08T19:14:00Z,115.04,115.04,114.99,115.0016
2020-10-08T19:15:00Z,115,115.03,114.99,115.01
2020-10-08T19:16:00Z,115.005,115.03,114.91,114.93
2020-10-08T19:17:00Z,114.9245,114.96,114.87,114.94
2020-10-08T19:18:00Z,114.94,114.94,114.9,114.925
2020-10-08T19:19:00Z,114.93,114.95,114.89,114.8943
2020-10-08T19:20:00Z,114.9,114.92,114.8508,114.865
2020-10-08T19:21:00Z,114.86,114.88,114.81,114.865
2020-10-08T19:22:00Z,114.86,114.89,114.825,114.87
2020-10-08T19:23:00Z,114.869,114.915,114.86,114.895
2020-10-08T19:24:00Z,114.9,114.9,114.83,114.8508
2020-10-08T19:25:00Z,114.855,114.92,114.8299,114.89
2020-10-08T19:26:00Z,114.89,114.96,114.8816,114.953
2020-10-08T19:27:00Z,114.96,114.98,114.905,114.905
2020-10-08T19:28:00Z,114.9,114.97,114.89,114.96
2020-10-08T19:29:00Z,114.965,114.9893,114.94,114.965
2020-10-08T19:30:00Z,114.9601,114.99,114.96,114.99
2020-10-08T19:31:00Z,114.9861,114.9899,114.92,114.955
2020-10-08T19:32:00Z,114.955,114.9595,114.92,114.944
2020-10-08T19:33:00Z,114.9458,114.97,114.92,114.935
2020-10-08T19:34:00Z,114.94,114.945,114.92,114.925
2020-10-08T19:35:00Z,114.9245,114.95,114.86,114.86
2020-10-08T19:36:00Z,114.86,114.91,114.86,114.9
2020-10-08T19:37:00Z,114.9,114.97,114.9,114.945
2020-10-08T19:38:00Z,114.945,115,114.94,114.975
2020-10-08T19:39:00Z,114.98,114.98,114.95,114.97
2020-10-08T19:40:00Z,114.96,114.98,114.915,114.925
2020-10-08T19:41:00Z,114.92,114.93,114.885,114.9
2020-10-08T19:42:00Z,114.905,114.935,114.895,114.914
2020-10-08T19:43:00Z,114.915,114.97,114.915,114.95
2020-10-08T19:44:00Z,114.955,115,114.94,114.955
2020-10-08T19:45:00Z,114.96,115,114.955,114.985
2020-10-08T19:46:00Z,114.99,115,114.95,114.975
2020-10-08T19:47:00Z,114.9777,115,114.965,114.99
2020-10-08T19:48:00Z,114.99,115,114.95,114.96
2020-10-08T19:49:00Z,114.96,114.97,114.92,114.9452
2020-10-08T19:50:00Z,114.96,114.96,114.8493,114.915
2020-10-08T19:51:00Z,114.915,114.96,114.88,114.93
2020-10-08T19:52:00Z,114.93,114.97,114.92,114.95
2020-10-08T19:53:00Z,114.95,114.98,114.89,114.895
2020-10-08T19:54:00Z,114.9,114.9,114.78,114.8575
2020-10-08T19:55:00Z,114.86,114.95,114.84,114.88
2020-10-08T19:56:00Z,114.87,114.91,114.84,114.86
2020-10-08T19:57:00Z,114.86,114.86,114.8,114.835
2020-10-08T19:58:00Z,114.84,114.85,114.8,114.82
2020-10-08T19:59:00Z,114.82,114.98,114.81,114.97
