2016-09-02T13:30:00Z,107.74,107.79,107.5,107.71
2016-09-02T13:31:00Z,107.71,107.76,107.68,107.72
2016-09-02T13:32:00Z,107.73,108,107.72,107.98
2016-09-02T13:33:00Z,107.98,108,107.76,107.84
2016-09-02T13:34:00Z,107.84,107.85,107.7,107.716
2016-09-02T13:35:00Z,107.7199,107.74,107.5389,107.5699
2016-09-02T13:36:00Z,107.56,107.56,107.3,107.4186
2016-09-02T13:37:00Z,107.42,107.54,107.37,107.46
2016-09-02T13:38:00Z,107.4668,107.52,107.41,107.51
2016-09-02T13:39:00Z,107.505,107.5192,107.42,107.465
2016-09-02T13:40:00Z,107.48,107.6,107.4718,107.58
2016-09-02T13:41:00Z,107.586,107.71,107.56,107.7
2016-09-02T13:42:00Z,107.71,107.7395,107.62,107.7
2016-09-02T13:43:00Z,107.7,107.8,107.696,107.8
2016-09-02T13:44:00Z,107.79,107.87,107.79,107.8275
2016-09-02T13:45:00Z,107.83,107.9,107.74,107.78
2016-09-02T13:46:00Z,107.79,107.855,107.76,107.8
2016-09-02T13:47:00Z,107.8,107.82,107.73,107.775
2016-09-02T13:48:00Z,107.77,107.79,107.65,107.66
2016-09-02T13:49:00Z,107.66,107.709,107.61,107.6501
2016-09-02T13:50:00Z,107.65,107.68,107.55,107.66
2016-09-02T13:51:00Z,107.66,107.66,107.52,107.5501
2016-09-02T13:52:00Z,107.55,107.62,107.54,107.5544
2016-09-02T13:53:00Z,107.55,107.66,107.55,107.62
2016-09-02T13:54:00Z,107.62,107.75,107.62,107.7459
2016-09-02T13:55:00Z,107.74,107.74,107.69,107.73
2016-09-02T13:56:00Z,107.74,107.75,107.67,107.71
2016-09-02T13:57:00Z,107.71,107.749,107.61,107.61
2016-09-02T13:58:00Z,107.61,107.62,107.54,107.5633
2016-09-02T13:59:00Z,107.56,107.66,107.56,107.64
2016-09-02T14:00:00Z,107.64,107.69,107.58,107.6625
2016-09-02T14:01:00Z,107.66,107.68,107.58,107.595
2016-09-02T14:02:00Z,107.6,107.7218,107.59,107.72
2016-09-02T14:03:00Z,107.71,107.77,107.7,107.7556
2016-09-02T14:04:00Z,107.75,107.765,107.7,107.7385
2016-09-02T14:05:00Z,107.74,107.82,107.73,107.75
2016-09-02T14:06:00Z,107.75,107.8,107.75,107.77
2016-09-02T14:07:00Z,107.77,107.78,107.72,107.735
2016-09-02T14:08:00Z,107.72,107.73,107.625,107.68
2016-09-02T14:09:00Z,107.6765,107.679,107.6,107.62
2016-09-02T14:10:00Z,107.62,107.69,107.6,107.6
2016-09-02T14:11:00Z,107.61,107.6399,107.55,107.61
2016-09-02T14:12:00Z,107.62,107.65,107.56,107.59
2016-09-02T14:13:00Z,107.58,107.58,107.47,107.515
2016-09-02T14:14:00Z,107.5199,107.5199,107.4333,107.4333
2016-09-02T14:15:00Z,107.43,107.6,107.42,107.575
2016-09-02T14:16:00Z,107.57,107.6,107.54,107.56
2016-09-02T14:17:00Z,107.55,107.59,107.53,107.57
2016-09-02T14:18:00Z,107.57,107.58,107.46,107.465
2016-09-02T14:19:00Z,107.45,107.45,107.37,107.4256
2016-09-02T14:20:00Z,107.43,107.44,107.35,107.38
2016-09-02T14:21:00Z,107.375,107.3801,107.23,107.28
2016-09-02T14:22:00Z,107.28,107.36,107.26,107.35
2016-09-02T14:23:00Z,107.35,107.41,107.34,107.4044
2016-09-02T14:24:00Z,107.4001,107.45,107.39,107.4482
2016-09-02T14:25:00Z,107.45,107.4856,107.43,107.485
2016-09-02T14:26:00Z,107.48,107.485,107.42,107.46
2016-09-02T14:27:00Z,107.465,107.4667,107.42,107.4336
2016-09-02T14:28:00Z,107.43,107.46,107.4,107.41
2016-09-02T14:29:00Z,107.4059,107.48,107.39,107.475
2016-09-02T14:30:00Z,107.47,107.5,107.44,107.443
2016-09-02T14:31:00Z,107.4466,107.45,107.36,107.38
2016-09-02T14:32:00Z,107.38,107.4034,107.345,107.39
2016-09-02T14:33:00Z,107.39,107.46,107.39,107.43
2016-09-02T14:34:00Z,107.43,107.43,107.36,107.42
2016-09-02T14:35:00Z,107.4124,107.43,107.35,107.37
2016-09-02T14:36:00Z,107.37,107.42,107.365,107.415
2016-09-02T14:37:00Z,107.42,107.46,107.42,107.4301
2016-09-02T14:38:00Z,107.435,107.5,107.435,107.4902
2016-09-02T14:39:00Z,107.49,107.51,107.48,107.51
2016-09-02T14:40:00Z,107.51,107.54,107.4901,107.54
2016-09-02T14:41:00Z,107.5301,107.56,107.51,107.555
2016-09-02T14:42:00Z,107.5501,107.565,107.5,107.5
2016-09-02T14:43:00Z,107.5,107.545,107.48,107.52
2016-09-02T14:44:00Z,107.5252,107.59,107.5252,107.59
2016-09-02T14:45:00Z,107.59,107.62,107.575,107.61
2016-09-02T14:46:00Z,107.61,107.61,107.552,107.61
2016-09-02T14:47:00Z,107.605,107.605,107.53,107.544
2016-09-02T14:48:00Z,107.55,107.58,107.515,107.58
2016-09-02T14:49:00Z,107.57,107.595,107.55,107.57
2016-09-02T14:50:00Z,107.57,107.62,107.57,107.59
2016-09-02T14:51:00Z,107.598,107.62,107.59,107.6108
2016-09-02T14:52:00Z,107.618,107.63,107.59,107.6
2016-09-02T14:53:00Z,107.6,107.6,107.57,107.59
2016-09-02T14:54:00Z,107.59,107.6,107.55,107.55
2016-09-02T14:55:00Z,107.56,107.57,107.47,107.48
2016-09-02T14:56:00Z,107.475,107.49,107.46,107.47
2016-09-02T14:57:00Z,107.47,107.47,107.42,107.43
2016-09-02T14:58:00Z,107.42,107.425,107.36,107.3941
2016-09-02T14:59:00Z,107.395,107.41,107.35,107.39
2016-09-02T15:00:00Z,107.39,107.43,107.3792,107.405
2016-09-02T15:01:00Z,107.4,107.4,107.36,107.38
2016-09-02T15:02:00Z,107.375,107.39,107.34,107.36
2016-09-02T15:03:00Z,107.36,107.36,107.31,107.33
2016-09-02T15:04:00Z,107.33,107.43,107.33,107.43
2016-09-02T15:05:00Z,107.4268,107.48,107.3995,107.3995
2016-09-02T15:06:00Z,107.4,107.4062,107.33,107.36
2016-09-02T15:07:00Z,107.37,107.39,107.34,107.385
2016-09-02T15:08:00Z,107.39,107.39,107.34,107.37
2016-09-02T15:09:00Z,107.37,107.39,107.3499,107.38
2016-09-02T15:10:00Z,107.38,107.39,107.32,107.353
2016-09-02T15:11:00Z,107.35,107.36,107.32,107.33
2016-09-02T15:12:00Z,107.33,107.33,107.26,107.26
2016-09-02T15:13:00Z,107.275,107.2752,107.22,107.24
2016-09-02T15:14:00Z,107.23,107.2393,107.17,107.19
2016-09-02T15:15:00Z,107.19,107.25,107.19,107.25
2016-09-02T15:16:00Z,107.25,107.28,107.2401,107.27
2016-09-02T15:17:00Z,107.27,107.27,107.24,107.26
2016-09-02T15:18:00Z,107.26,107.28,107.24,107.25
2016-09-02T15:19:00Z,107.26,107.27,107.2401,107.2548
2016-09-02T15:20:00Z,107.25,107.27,107.225,107.26
2016-09-02T15:21:00Z,107.27,107.29,107.26,107.26
2016-09-02T15:22:00Z,107.26,107.26,107.19,107.2
2016-09-02T15:23:00Z,107.19,107.209,107.1867,107.19
2016-09-02T15:24:00Z,107.2,107.26,107.195,107.25
2016-09-02T15:25:00Z,107.26,107.27,107.21,107.22
2016-09-02T15:26:00Z,107.22,107.25,107.21,107.245
2016-09-02T15:27:00Z,107.243,107.25,107.21,107.2345
2016-09-02T15:28:00Z,107.2368,107.267,107.23,107.255
2016-09-02T15:29:00Z,107.255,107.28,107.2,107.2
2016-09-02T15:30:00Z,107.21,107.2299,107.18,107.195
2016-09-02T15:31:00Z,107.19,107.22,107.17,107.22
2016-09-02T15:32:00Z,107.22,107.23,107.2,107.23
2016-09-02T15:33:00Z,107.23,107.23,107.205,107.219
2016-09-02T15:34:00Z,107.2199,107.225,107.17,107.18
2016-09-02T15:35:00Z,107.19,107.19,107.12,107.1352
2016-09-02T15:36:00Z,107.13,107.135,107.08,107.1
2016-09-02T15:37:00Z,107.1,107.16,107.09,107.1056
2016-09-02T15:38:00Z,107.11,107.125,107.09,107.1
2016-09-02T15:39:00Z,107.1056,107.1056,107.04,107.0476
2016-09-02T15:40:00Z,107.04,107.0569,107.02,107.0293
2016-09-02T15:41:00Z,107.026,107.09,107,107.085
2016-09-02T15:42:00Z,107.088,107.09,107.06,107.06
2016-09-02T15:43:00Z,107.07,107.15,107.07,107.15
2016-09-02T15:44:00Z,107.15,107.195,107.14,107.1823
2016-09-02T15:45:00Z,107.18,107.2,107.16,107.18
2016-09-02T15:46:00Z,107.18,107.27,107.16,107.26
2016-09-02T15:47:00Z,107.27,107.3,107.255,107.27
2016-09-02T15:48:00Z,107.26,107.269,107.22,107.245
2016-09-02T15:49:00Z,107.2434,107.2568,107.24,107.24
2016-09-02T15:50:00Z,107.245,107.2901,107.24,107.26
2016-09-02T15:51:00Z,107.26,107.3,107.245,107.2734
2016-09-02T15:52:00Z,107.275,107.295,107.26,107.28
2016-09-02T15:53:00Z,107.2802,107.3,107.2739,107.29
2016-09-02T15:54:00Z,107.29,107.295,107.25,107.26
2016-09-02T15:55:00Z,107.2634,107.31,107.261,107.29
2016-09-02T15:56:00Z,107.29,107.33,107.27,107.3
2016-09-02T15:57:00Z,107.295,107.2985,107.26,107.27
2016-09-02T15:58:00Z,107.27,107.295,107.25,107.2863
2016-09-02T15:59:00Z,107.29,107.3,107.25,107.26
2016-09-02T16:00:00Z,107.27,107.29,107.245,107.28
2016-09-02T16:01:00Z,107.28,107.28,107.23,107.26
2016-09-02T16:02:00Z,107.27,107.27,107.22,107.22
2016-09-02T16:03:00Z,107.22,107.24,107.21,107.22
2016-09-02T16:04:00Z,107.22,107.22,107.18,107.18
2016-09-02T16:05:00Z,107.18,107.21,107.16,107.19
2016-09-02T16:06:00Z,107.18,107.2,107.13,107.1301
2016-09-02T16:07:00Z,107.13,107.15,107.11,107.1301
2016-09-02T16:08:00Z,107.145,107.16,107.091,107.091
2016-09-02T16:09:00Z,107.0941,107.0995,107.075,107.08
2016-09-02T16:10:00Z,107.08,107.0834,107.04,107.05
2016-09-02T16:11:00Z,107.05,107.0599,107.01,107.025
2016-09-02T16:12:00Z,107.02,107.05,107.01,107.01
2016-09-02T16:13:00Z,107.02,107.1,107.0196,107.06
2016-09-02T16:14:00Z,107.06,107.105,107.06,107.105
2016-09-02T16:15:00Z,107.105,107.11,106.95,106.95
2016-09-02T16:16:00Z,106.95,106.98,106.925,106.96
2016-09-02T16:17:00Z,106.97,107.02,106.96,107
2016-09-02T16:18:00Z,107,107.0201,106.98,107
2016-09-02T16:19:00Z,107,107,106.92,106.94
2016-09-02T16:20:00Z,106.94,106.95,106.835,106.849
2016-09-02T16:21:00Z,106.8403,106.895,106.82,106.895
2016-09-02T16:22:00Z,106.89,106.9691,106.89,106.905
2016-09-02T16:23:00Z,106.9,106.97,106.9,106.95
2016-09-02T16:24:00Z,106.96,106.96,106.89,106.9007
2016-09-02T16:25:00Z,106.905,106.94,106.905,106.92
2016-09-02T16:26:00Z,106.92,106.9648,106.915,106.96
2016-09-02T16:27:00Z,106.96,107,106.9599,106.97
2016-09-02T16:28:00Z,106.975,107.02,106.97,107
2016-09-02T16:29:00Z,107.005,107.005,106.97,106.97
2016-09-02T16:30:00Z,106.97,107.005,106.97,107
2016-09-02T16:31:00Z,107.01,107.03,107,107
2016-09-02T16:32:00Z,107.01,107.02,106.98,107.02
2016-09-02T16:33:00Z,107.02,107.04,106.99,107.02
2016-09-02T16:34:00Z,107.02,107.07,107.01,107.0656
2016-09-02T16:35:00Z,107.06,107.065,107.02,107.03
2016-09-02T16:36:00Z,107.03,107.07,107.01,107.05
2016-09-02T16:37:00Z,107.04,107.09,107.03,107.04
2016-09-02T16:38:00Z,107.035,107.05,107.01,107.036
2016-09-02T16:39:00Z,107.03,107.04,107,107.04
2016-09-02T16:40:00Z,107.04,107.05,107.01,107.02
2016-09-02T16:41:00Z,107.02,107.05,107.01,107.035
2016-09-02T16:42:00Z,107.03,107.04,107.02,107.025
2016-09-02T16:43:00Z,107.03,107.05,107.025,107.0276
2016-09-02T16:44:00Z,107.02,107.06,107.02,107.045
2016-09-02T16:45:00Z,107.05,107.06,107.01,107.01
2016-09-02T16:46:00Z,107.01,107.015,107,107.01
2016-09-02T16:47:00Z,107.01,107.0225,106.99,107.02
2016-09-02T16:48:00Z,107.02,107.025,106.9935,107
2016-09-02T16:49:00Z,107,107.005,106.975,106.98
2016-09-02T16:50:00Z,106.99,107.05,106.985,107.04
2016-09-02T16:51:00Z,107.04,107.055,107.02,107.0455
2016-09-02T16:52:00Z,107.04,107.04,107.01,107.02
2016-09-02T16:53:00Z,107.03,107.04,107.0101,107.02
2016-09-02T16:54:00Z,107.02,107.05,107.02,107.04
2016-09-02T16:55:00Z,107.05,107.06,107.03,107.0334
2016-09-02T16:56:00Z,107.0385,107.09,107.0385,107.081
2016-09-02T16:57:00Z,107.09,107.1,107.04,107.04
2016-09-02T16:58:00Z,107.04,107.07,107.03,107.07
2016-09-02T16:59:00Z,107.07,107.08,107.05,107.0667
2016-09-02T17:00:00Z,107.06,107.09,107.04,107.05
2016-09-02T17:01:00Z,107.04,107.05,107,107
2016-09-02T17:02:00Z,107,107.015,106.9841,106.99
2016-09-02T17:03:00Z,106.99,107.01,106.98,107
2016-09-02T17:04:00Z,107,107.03,106.995,107.015
2016-09-02T17:05:00Z,107.01,107.03,106.99,106.99
2016-09-02T17:06:00Z,107,107.02,107,107
2016-09-02T17:07:00Z,107.0045,107.0045,106.96,106.9683
2016-09-02T17:08:00Z,106.9602,106.969,106.93,106.965
2016-09-02T17:09:00Z,106.959,106.96,106.935,106.9597
2016-09-02T17:10:00Z,106.956,106.99,106.95,106.97
2016-09-02T17:11:00Z,106.98,106.9899,106.93,106.938
2016-09-02T17:12:00Z,106.9344,107.03,106.9,107.02
2016-09-02T17:13:00Z,107.02,107.02,106.96,106.9766
2016-09-02T17:14:00Z,106.98,106.9865,106.94,106.96
2016-09-02T17:15:00Z,106.96,106.99,106.95,106.9733
2016-09-02T17:16:00Z,106.98,107.035,106.98,106.98
2016-09-02T17:17:00Z,106.99,106.9995,106.9565,106.9565
2016-09-02T17:18:00Z,106.97,106.975,106.95,106.9584
2016-09-02T17:19:00Z,106.9553,106.9599,106.93,106.9365
2016-09-02T17:20:00Z,106.94,106.95,106.93,106.94
2016-09-02T17:21:00Z,106.93,106.94,106.91,106.93
2016-09-02T17:22:00Z,106.9384,107,106.9335,106.9935
2016-09-02T17:23:00Z,106.99,107.01,106.99,107
2016-09-02T17:24:00Z,107,107.02,106.99,107.01
2016-09-02T17:25:00Z,107.01,107.04,106.99,107.02
2016-09-02T17:26:00Z,107.02,107.02,107,107.02
2016-09-02T17:27:00Z,107.02,107.031,107.01,107.02
2016-09-02T17:28:00Z,107.02,107.05,107.02,107.04
2016-09-02T17:29:00Z,107.03,107.0535,107.02,107.0356
2016-09-02T17:30:00Z,107.03,107.05,107.03,107.05
2016-09-02T17:31:00Z,107.05,107.06,107.03,107.05
2016-09-02T17:32:00Z,107.05,107.07,107.04,107.06
2016-09-02T17:33:00Z,107.0502,107.06,107.02,107.06
2016-09-02T17:34:00Z,107.0504,107.0565,107.011,107.0407
2016-09-02T17:35:00Z,107.04,107.071,107.04,107.05
2016-09-02T17:36:00Z,107.06,107.09,107.022,107.04
2016-09-02T17:37:00Z,107.035,107.0537,107.03,107.035
2016-09-02T17:38:00Z,107.0352,107.105,107.02,107.085
2016-09-02T17:39:00Z,107.08,107.089,107.06,107.08
2016-09-02T17:40:00Z,107.08,107.08,107.03,107.04
2016-09-02T17:41:00Z,107.03,107.075,107.02,107.05
2016-09-02T17:42:00Z,107.05,107.085,107.05,107.06
2016-09-02T17:43:00Z,107.07,107.09,107.061,107.07
2016-09-02T17:44:00Z,107.07,107.07,107.04,107.05
2016-09-02T17:45:00Z,107.05,107.06,107.03,107.05
2016-09-02T17:46:00Z,107.06,107.08,107.05,107.07
2016-09-02T17:47:00Z,107.0701,107.1192,107.07,107.11
2016-09-02T17:48:00Z,107.119,107.17,107.11,107.1465
2016-09-02T17:49:00Z,107.14,107.18,107.14,107.16
2016-09-02T17:50:00Z,107.17,107.21,107.1641,107.2
2016-09-02T17:51:00Z,107.2,107.24,107.2,107.24
2016-09-02T17:52:00Z,107.245,107.28,107.23,107.28
2016-09-02T17:53:00Z,107.2732,107.3,107.2732,107.3
2016-09-02T17:54:00Z,107.295,107.325,107.28,107.32
2016-09-02T17:55:00Z,107.32,107.3511,107.3,107.35
2016-09-02T17:56:00Z,107.34,107.345,107.31,107.3183
2016-09-02T17:57:00Z,107.3107,107.33,107.3,107.32
2016-09-02T17:58:00Z,107.3165,107.32,107.3,107.32
2016-09-02T17:59:00Z,107.3299,107.3299,107.3,107.3
2016-09-02T18:00:00Z,107.3,107.311,107.26,107.265
2016-09-02T18:01:00Z,107.26,107.275,107.23,107.26
2016-09-02T18:02:00Z,107.27,107.28,107.26,107.27
2016-09-02T18:03:00Z,107.275,107.28,107.27,107.275
2016-09-02T18:04:00Z,107.2752,107.28,107.2533,107.2741
2016-09-02T18:05:00Z,107.275,107.2811,107.27,107.275
2016-09-02T18:06:00Z,107.28,107.29,107.26,107.27
2016-09-02T18:07:00Z,107.2765,107.3,107.2765,107.2935
2016-09-02T18:08:00Z,107.297,107.36,107.29,107.36
2016-09-02T18:09:00Z,107.36,107.41,107.3535,107.3899
2016-09-02T18:10:00Z,107.38,107.41,107.36,107.36
2016-09-02T18:11:00Z,107.36,107.39,107.345,107.36
2016-09-02T18:12:00Z,107.3535,107.3899,107.35,107.35
2016-09-02T18:13:00Z,107.35,107.355,107.3,107.3
2016-09-02T18:14:00Z,107.2904,107.34,107.29,107.33
2016-09-02T18:15:00Z,107.33,107.395,107.32,107.395
2016-09-02T18:16:00Z,107.39,107.3999,107.36,107.3756
2016-09-02T18:17:00Z,107.37,107.41,107.36,107.39
2016-09-02T18:18:00Z,107.3859,107.395,107.37,107.37
2016-09-02T18:19:00Z,107.37,107.4,107.37,107.39
2016-09-02T18:20:00Z,107.39,107.39,107.35,107.36
2016-09-02T18:21:00Z,107.36,107.36,107.32,107.337
2016-09-02T18:22:00Z,107.3335,107.37,107.33,107.3528
2016-09-02T18:23:00Z,107.36,107.375,107.34,107.355
2016-09-02T18:24:00Z,107.36,107.37,107.33,107.34
2016-09-02T18:25:00Z,107.34,107.35,107.3301,107.345
2016-09-02T18:26:00Z,107.34,107.35,107.33,107.34
2016-09-02T18:27:00Z,107.34,107.345,107.33,107.34
2016-09-02T18:28:00Z,107.34,107.375,107.34,107.3652
2016-09-02T18:29:00Z,107.3665,107.37,107.33,107.3469
2016-09-02T18:30:00Z,107.34,107.345,107.29,107.3
2016-09-02T18:31:00Z,107.3,107.32,107.29,107.3035
2016-09-02T18:32:00Z,107.3,107.31,107.29,107.305
2016-09-02T18:33:00Z,107.3099,107.32,107.3,107.3065
2016-09-02T18:34:00Z,107.3048,107.3299,107.3,107.3236
2016-09-02T18:35:00Z,107.329,107.339,107.29,107.32
2016-09-02T18:36:00Z,107.33,107.39,107.33,107.38
2016-09-02T18:37:00Z,107.38,107.39,107.37,107.3797
2016-09-02T18:38:00Z,107.37,107.4068,107.37,107.4068
2016-09-02T18:39:00Z,107.4,107.46,107.4,107.43
2016-09-02T18:40:00Z,107.43,107.49,107.42,107.4665
2016-09-02T18:41:00Z,107.46,107.48,107.4517,107.48
2016-09-02T18:42:00Z,107.475,107.49,107.46,107.48
2016-09-02T18:43:00Z,107.48,107.5,107.45,107.47
2016-09-02T18:44:00Z,107.47,107.48,107.42,107.4443
2016-09-02T18:45:00Z,107.45,107.45,107.4007,107.44
2016-09-02T18:46:00Z,107.45,107.46,107.44,107.45
2016-09-02T18:47:00Z,107.44,107.47,107.44,107.46
2016-09-02T18:48:00Z,107.46,107.47,107.43,107.43
2016-09-02T18:49:00Z,107.43,107.45,107.41,107.41
2016-09-02T18:50:00Z,107.41,107.46,107.41,107.45
2016-09-02T18:51:00Z,107.45,107.4596,107.43,107.43
2016-09-02T18:52:00Z,107.43,107.45,107.42,107.45
2016-09-02T18:53:00Z,107.455,107.47,107.45,107.46
2016-09-02T18:54:00Z,107.46,107.48,107.45,107.4637
2016-09-02T18:55:00Z,107.46,107.47,107.45,107.4605
2016-09-02T18:56:00Z,107.47,107.48,107.45,107.47
2016-09-02T18:57:00Z,107.4765,107.53,107.4735,107.5159
2016-09-02T18:58:00Z,107.52,107.53,107.51,107.52
2016-09-02T18:59:00Z,107.53,107.56,107.51,107.55
2016-09-02T19:00:00Z,107.55,107.605,107.5435,107.57
2016-09-02T19:01:00Z,107.57,107.62,107.57,107.61
2016-09-02T19:02:00Z,107.6,107.63,107.59,107.62
2016-09-02T19:03:00Z,107.61,107.61,107.58,107.5802
2016-09-02T19:04:00Z,107.59,107.6,107.54,107.5502
2016-09-02T19:05:00Z,107.555,107.63,107.55,107.59
2016-09-02T19:06:00Z,107.59,107.59,107.56,107.5795
2016-09-02T19:07:00Z,107.5701,107.595,107.55,107.57
2016-09-02T19:08:00Z,107.5726,107.58,107.54,107.5601
2016-09-02T19:09:00Z,107.56,107.58,107.54,107.57
2016-09-02T19:10:00Z,107.57,107.6,107.56,107.56
2016-09-02T19:11:00Z,107.56,107.58,107.55,107.56
2016-09-02T19:12:00Z,107.5599,107.58,107.54,107.57
2016-09-02T19:13:00Z,107.56,107.58,107.56,107.56
2016-09-02T19:14:00Z,107.57,107.59,107.56,107.58
2016-09-02T19:15:00Z,107.58,107.59,107.56,107.56
2016-09-02T19:16:00Z,107.56,107.595,107.54,107.585
2016-09-02T19:17:00Z,107.582,107.585,107.55,107.5639
2016-09-02T19:18:00Z,107.57,107.6134,107.57,107.61
2016-09-02T19:19:00Z,107.61,107.63,107.585,107.59
2016-09-02T19:20:00Z,107.59,107.62,107.59,107.62
2016-09-02T19:21:00Z,107.62,107.675,107.62,107.67
2016-09-02T19:22:00Z,107.67,107.7,107.66,107.6856
2016-09-02T19:23:00Z,107.68,107.7,107.64,107.652
2016-09-02T19:24:00Z,107.66,107.69,107.66,107.67
2016-09-02T19:25:00Z,107.68,107.69,107.67,107.67
2016-09-02T19:26:00Z,107.675,107.69,107.62,107.6301
2016-09-02T19:27:00Z,107.6307,107.635,107.6,107.62
2016-09-02T19:28:00Z,107.61,107.65,107.61,107.64
2016-09-02T19:29:00Z,107.64,107.72,107.63,107.7
2016-09-02T19:30:00Z,107.7,107.71,107.67,107.68
2016-09-02T19:31:00Z,107.68,107.71,107.67,107.7
2016-09-02T19:32:00Z,107.71,107.71,107.69,107.691
2016-09-02T19:33:00Z,107.694,107.71,107.6705,107.6705
2016-09-02T19:34:00Z,107.67,107.68,107.655,107.67
2016-09-02T19:35:00Z,107.6765,107.7,107.67,107.69
2016-09-02T19:36:00Z,107.69,107.73,107.69,107.7101
2016-09-02T19:37:00Z,107.7101,107.72,107.69,107.7136
2016-09-02T19:38:00Z,107.715,107.72,107.695,107.705
2016-09-02T19:39:00Z,107.71,107.75,107.69,107.745
2016-09-02T19:40:00Z,107.75,107.75,107.73,107.75
2016-09-02T19:41:00Z,107.74,107.75,107.73,107.7399
2016-09-02T19:42:00Z,107.74,107.75,107.73,107.75
2016-09-02T19:43:00Z,107.7465,107.76,107.73,107.75
2016-09-02T19:44:00Z,107.76,107.76,107.73,107.7399
2016-09-02T19:45:00Z,107.735,107.74,107.69,107.705
2016-09-02T19:46:00Z,107.705,107.72,107.68,107.68
2016-09-02T19:47:00Z,107.68,107.69,107.6441,107.65
2016-09-02T19:48:00Z,107.65,107.66,107.6,107.6129
2016-09-02T19:49:00Z,107.62,107.65,107.61,107.62
2016-09-02T19:50:00Z,107.62,107.64,107.6,107.635
2016-09-02T19:51:00Z,107.631,107.64,107.61,107.63
2016-09-02T19:52:00Z,107.63,107.67,107.625,107.655
2016-09-02T19:53:00Z,107.65,107.68,107.65,107.68
2016-09-02T19:54:00Z,107.68,107.71,107.6634,107.71
2016-09-02T19:55:00Z,107.701,107.72,107.685,107.72
2016-09-02T19:56:00Z,107.72,107.73,107.7,107.7145
2016-09-02T19:57:00Z,107.715,107.72,107.68,107.7059
2016-09-02T19:58:00Z,107.71,107.75,107.705,107.75
2016-09-02T19:59:00Z,107.75,107.77,107.66,107.73
