2019-06-12T13:30:00Z,193.96,194.2,193.385,193.75
2019-06-12T13:31:00Z,193.76,194.0936,193.6,193.969
2019-06-12T13:32:00Z,193.96,194.25,193.6,194.15
2019-06-12T13:33:00Z,194.08,194.3701,193.95,194.27
2019-06-12T13:34:00Z,194.27,194.5185,194.23,194.4
2019-06-12T13:35:00Z,194.41,194.5842,194.25,194.31
2019-06-12T13:36:00Z,194.33,194.39,194.23,194.33
2019-06-12T13:37:00Z,194.29,194.65,194.29,194.6299
2019-06-12T13:38:00Z,194.63,194.79,194.46,194.67
2019-06-12T13:39:00Z,194.67,194.76,194.2652,194.4
2019-06-12T13:40:00Z,194.42,194.45,194.235,194.39
2019-06-12T13:41:00Z,194.4239,194.68,194.4239,194.61
2019-06-12T13:42:00Z,194.61,194.7,194.5,194.565
2019-06-12T13:43:00Z,194.55,194.57,194.4,194.4
2019-06-12T13:44:00Z,194.42,194.46,194.235,194.3701
2019-06-12T13:45:00Z,194.38,194.48,194.21,194.42
2019-06-12T13:46:00Z,194.43,194.68,194.37,194.65
2019-06-12T13:47:00Z,194.66,194.72,194.23,194.2531
2019-06-12T13:48:00Z,194.2307,194.585,194.21,194.58
2019-06-12T13:49:00Z,194.55,194.67,194.41,194.4517
2019-06-12T13:50:00Z,194.48,194.71,194.48,194.7
2019-06-12T13:51:00Z,194.7,194.92,194.681,194.8138
2019-06-12T13:52:00Z,194.82,194.99,194.78,194.8699
2019-06-12T13:53:00Z,194.87,194.88,194.6552,194.74
2019-06-12T13:54:00Z,194.74,194.75,194.61,194.74
2019-06-12T13:55:00Z,194.74,194.93,194.61,194.65
2019-06-12T13:56:00Z,194.63,194.805,194.58,194.796
2019-06-12T13:57:00Z,194.789,194.97,194.697,194.95
2019-06-12T13:58:00Z,194.97,194.973,194.77,194.81
2019-06-12T13:59:00Z,194.83,195.2321,194.83,195.18
2019-06-12T14:00:00Z,195.19,195.21,194.9832,195
2019-06-12T14:01:00Z,194.9935,195.155,194.98,195.13
2019-06-12T14:02:00Z,195.1204,195.2234,195.03,195.0658
2019-06-12T14:03:00Z,195.0695,195.07,194.98,195.04
2019-06-12T14:04:00Z,195.05,195.06,194.93,195.02
2019-06-12T14:05:00Z,195.02,195.045,194.86,194.8878
2019-06-12T14:06:00Z,194.89,194.89,194.71,194.8367
2019-06-12T14:07:00Z,194.84,194.91,194.6601,194.7
2019-06-12T14:08:00Z,194.76,194.85,194.75,194.7716
2019-06-12T14:09:00Z,194.79,194.79,194.62,194.7
2019-06-12T14:10:00Z,194.6947,194.9099,194.6947,194.87
2019-06-12T14:11:00Z,194.85,194.87,194.76,194.8558
2019-06-12T14:12:00Z,194.855,194.855,194.68,194.74
2019-06-12T14:13:00Z,194.735,194.735,194.52,194.595
2019-06-12T14:14:00Z,194.58,194.67,194.45,194.67
2019-06-12T14:15:00Z,194.6656,194.6773,194.57,194.58
2019-06-12T14:16:00Z,194.58,194.75,194.57,194.7069
2019-06-12T14:17:00Z,194.7,194.7,194.57,194.645
2019-06-12T14:18:00Z,194.66,194.8,194.66,194.74
2019-06-12T14:19:00Z,194.7499,194.79,194.65,194.7104
2019-06-12T14:20:00Z,194.71,194.8,194.688,194.79
2019-06-12T14:21:00Z,194.79,194.95,194.79,194.95
2019-06-12T14:22:00Z,194.97,195.15,194.97,195.15
2019-06-12T14:23:00Z,195.12,195.171,195.06,195.1
2019-06-12T14:24:00Z,195.11,195.11,194.74,194.79
2019-06-12T14:25:00Z,194.81,194.879,194.66,194.83
2019-06-12T14:26:00Z,194.85,194.87,194.73,194.77
2019-06-12T14:27:00Z,194.75,194.78,194.65,194.74
2019-06-12T14:28:00Z,194.74,194.82,194.71,194.73
2019-06-12T14:29:00Z,194.73,194.82,194.665,194.67
2019-06-12T14:30:00Z,194.6789,194.75,194.4,194.41
2019-06-12T14:31:00Z,194.4188,194.52,194.3638,194.495
2019-06-12T14:32:00Z,194.49,194.55,194.44,194.52
2019-06-12T14:33:00Z,194.535,194.59,194.49,194.515
2019-06-12T14:34:00Z,194.52,194.53,194.35,194.4422
2019-06-12T14:35:00Z,194.45,194.48,194.33,194.4201
2019-06-12T14:36:00Z,194.43,194.6,194.43,194.6
2019-06-12T14:37:00Z,194.59,194.76,194.54,194.76
2019-06-12T14:38:00Z,194.74,194.87,194.72,194.86
2019-06-12T14:39:00Z,194.84,194.95,194.84,194.92
2019-06-12T14:40:00Z,194.94,195.07,194.94,195.07
2019-06-12T14:41:00Z,195.08,195.1,194.98,195.07
2019-06-12T14:42:00Z,195.07,195.08,194.88,194.966
2019-06-12T14:43:00Z,194.96,195.0395,194.96,194.96
2019-06-12T14:44:00Z,194.96,194.97,194.8462,194.8733
2019-06-12T14:45:00Z,194.865,195.02,194.865,195.015
2019-06-12T14:46:00Z,195.0156,195.5,195.01,195.46
2019-06-12T14:47:00Z,195.48,195.51,195.3648,195.5
2019-06-12T14:48:00Z,195.5,195.9,195.48,195.82
2019-06-12T14:49:00Z,195.81,195.85,195.7,195.7003
2019-06-12T14:50:00Z,195.71,195.94,195.695,195.86
2019-06-12T14:51:00Z,195.86,195.94,195.835,195.9
2019-06-12T14:52:00Z,195.86,195.97,195.8001,195.82
2019-06-12T14:53:00Z,195.82,195.82,195.62,195.6253
2019-06-12T14:54:00Z,195.625,195.69,195.5401,195.59
2019-06-12T14:55:00Z,195.565,195.6,195.51,195.56
2019-06-12T14:56:00Z,195.54,195.56,195.385,195.4265
2019-06-12T14:57:00Z,195.42,195.46,195.29,195.3414
2019-06-12T14:58:00Z,195.3405,195.3405,195.19,195.21
2019-06-12T14:59:00Z,195.21,195.31,195.05,195.15
2019-06-12T15:00:00Z,195.16,195.4,195.12,195.36
2019-06-12T15:01:00Z,195.36,195.4,195.24,195.29
2019-06-12T15:02:00Z,195.28,195.28,195.051,195.1389
2019-06-12T15:03:00Z,195.111,195.21,195.08,195.17
2019-06-12T15:04:00Z,195.16,195.32,195.1279,195.32
2019-06-12T15:05:00Z,195.29,195.41,195.25,195.265
2019-06-12T15:06:00Z,195.2423,195.35,195.213,195.241
2019-06-12T15:07:00Z,195.27,195.3,195.14,195.2
2019-06-12T15:08:00Z,195.21,195.33,195.21,195.33
2019-06-12T15:09:00Z,195.3,195.3,195.18,195.22
2019-06-12T15:10:00Z,195.2204,195.25,195.1601,195.22
2019-06-12T15:11:00Z,195.24,195.3,195.175,195.29
2019-06-12T15:12:00Z,195.29,195.31,195.01,195.051
2019-06-12T15:13:00Z,195.03,195.08,195,195.07
2019-06-12T15:14:00Z,195.08,195.1,194.8755,194.93
2019-06-12T15:15:00Z,194.95,195.06,194.92,194.94
2019-06-12T15:16:00Z,194.93,195,194.9,194.93
2019-06-12T15:17:00Z,194.94,195.07,194.94,195.02
2019-06-12T15:18:00Z,195,195.09,194.97,195.065
2019-06-12T15:19:00Z,195.07,195.0937,195.04,195.08
2019-06-12T15:20:00Z,195.0999,195.11,195,195.02
2019-06-12T15:21:00Z,195.02,195.04,194.94,194.97
2019-06-12T15:22:00Z,194.96,195.04,194.9198,194.9856
2019-06-12T15:23:00Z,194.98,195.06,194.975,195.005
2019-06-12T15:24:00Z,195.0199,195.11,194.97,195.0803
2019-06-12T15:25:00Z,195.08,195.09,194.99,195.04
2019-06-12T15:26:00Z,195.02,195.17,195,195.1175
2019-06-12T15:27:00Z,195.1,195.1,195,195
2019-06-12T15:28:00Z,195.02,195.06,194.94,194.95
2019-06-12T15:29:00Z,194.96,194.98,194.82,194.94
2019-06-12T15:30:00Z,194.96,195.01,194.895,194.98
2019-06-12T15:31:00Z,194.98,195.08,194.96,194.96
2019-06-12T15:32:00Z,194.9733,194.9733,194.88,194.9102
2019-06-12T15:33:00Z,194.898,195.07,194.88,195.06
2019-06-12T15:34:00Z,195.06,195.1,195.02,195.02
2019-06-12T15:35:00Z,195.03,195.061,194.7601,194.7701
2019-06-12T15:36:00Z,194.77,194.79,194.69,194.71
2019-06-12T15:37:00Z,194.72,194.78,194.62,194.62
2019-06-12T15:38:00Z,194.61,194.71,194.54,194.69
2019-06-12T15:39:00Z,194.69,194.8,194.6701,194.78
2019-06-12T15:40:00Z,194.7735,194.8854,194.71,194.87
2019-06-12T15:41:00Z,194.8668,194.94,194.82,194.8392
2019-06-12T15:42:00Z,194.84,194.96,194.84,194.954
2019-06-12T15:43:00Z,194.97,195.09,194.97,195.03
2019-06-12T15:44:00Z,195.05,195.05,194.93,195.04
2019-06-12T15:45:00Z,195.05,195.07,194.87,194.9
2019-06-12T15:46:00Z,194.89,194.9,194.81,194.84
2019-06-12T15:47:00Z,194.8482,195,194.83,194.91
2019-06-12T15:48:00Z,194.91,194.95,194.9,194.9249
2019-06-12T15:49:00Z,194.93,194.935,194.79,194.83
2019-06-12T15:50:00Z,194.82,194.9,194.755,194.895
2019-06-12T15:51:00Z,194.895,194.91,194.8,194.8
2019-06-12T15:52:00Z,194.7931,194.7931,194.67,194.72
2019-06-12T15:53:00Z,194.7,194.75,194.67,194.71
2019-06-12T15:54:00Z,194.7,194.81,194.7,194.7405
2019-06-12T15:55:00Z,194.759,194.79,194.7054,194.76
2019-06-12T15:56:00Z,194.745,194.78,194.7,194.7497
2019-06-12T15:57:00Z,194.77,194.924,194.7695,194.87
2019-06-12T15:58:00Z,194.88,194.88,194.78,194.8
2019-06-12T15:59:00Z,194.8,194.81,194.7,194.71
2019-06-12T16:00:00Z,194.73,194.8438,194.68,194.81
2019-06-12T16:01:00Z,194.82,194.95,194.7915,194.86
2019-06-12T16:02:00Z,194.858,194.89,194.83,194.83
2019-06-12T16:03:00Z,194.8303,194.93,194.81,194.81
2019-06-12T16:04:00Z,194.81,194.86,194.74,194.8
2019-06-12T16:05:00Z,194.8,194.8,194.73,194.7918
2019-06-12T16:06:00Z,194.79,194.9,194.79,194.86
2019-06-12T16:07:00Z,194.86,194.88,194.82,194.84
2019-06-12T16:08:00Z,194.83,194.97,194.82,194.9677
2019-06-12T16:09:00Z,194.97,195,194.85,194.85
2019-06-12T16:10:00Z,194.86,194.91,194.82,194.83
2019-06-12T16:11:00Z,194.82,194.84,194.75,194.78
2019-06-12T16:12:00Z,194.755,194.8101,194.74,194.77
2019-06-12T16:13:00Z,194.78,194.78,194.7,194.71
2019-06-12T16:14:00Z,194.7028,194.7028,194.57,194.6
2019-06-12T16:15:00Z,194.59,194.59,194.42,194.54
2019-06-12T16:16:00Z,194.54,194.63,194.54,194.5697
2019-06-12T16:17:00Z,194.561,194.561,194.45,194.51
2019-06-12T16:18:00Z,194.5,194.51,194.47,194.4799
2019-06-12T16:19:00Z,194.4753,194.63,194.475,194.52
2019-06-12T16:20:00Z,194.53,194.53,194.375,194.3804
2019-06-12T16:21:00Z,194.385,194.6,194.385,194.56
2019-06-12T16:22:00Z,194.5548,194.58,194.43,194.44
2019-06-12T16:23:00Z,194.43,194.6,194.4289,194.55
2019-06-12T16:24:00Z,194.56,194.59,194.42,194.535
2019-06-12T16:25:00Z,194.53,194.95,194.5285,194.84
2019-06-12T16:26:00Z,194.84,194.89,194.78,194.8
2019-06-12T16:27:00Z,194.79,194.8,194.72,194.75
2019-06-12T16:28:00Z,194.74,194.82,194.73,194.755
2019-06-12T16:29:00Z,194.75,194.81,194.73,194.75
2019-06-12T16:30:00Z,194.75,194.78,194.72,194.75
2019-06-12T16:31:00Z,194.75,194.76,194.68,194.743
2019-06-12T16:32:00Z,194.7502,194.91,194.7502,194.8255
2019-06-12T16:33:00Z,194.825,194.87,194.8,194.8046
2019-06-12T16:34:00Z,194.81,194.87,194.77,194.78
2019-06-12T16:35:00Z,194.78,194.86,194.77,194.7734
2019-06-12T16:36:00Z,194.77,194.83,194.68,194.72
2019-06-12T16:37:00Z,194.74,194.75,194.64,194.64
2019-06-12T16:38:00Z,194.64,194.68,194.61,194.68
2019-06-12T16:39:00Z,194.6867,194.745,194.66,194.715
2019-06-12T16:40:00Z,194.72,194.74,194.6945,194.71
2019-06-12T16:41:00Z,194.7108,194.74,194.67,194.72
2019-06-12T16:42:00Z,194.73,194.77,194.69,194.69
2019-06-12T16:43:00Z,194.69,194.695,194.53,194.63
2019-06-12T16:44:00Z,194.65,194.66,194.55,194.64
2019-06-12T16:45:00Z,194.635,194.76,194.6347,194.67
2019-06-12T16:46:00Z,194.68,194.79,194.68,194.77
2019-06-12T16:47:00Z,194.7698,194.86,194.7698,194.85
2019-06-12T16:48:00Z,194.87,194.9,194.85,194.88
2019-06-12T16:49:00Z,194.8786,194.99,194.86,194.977
2019-06-12T16:50:00Z,194.98,195.05,194.96,194.9802
2019-06-12T16:51:00Z,194.99,195.02,194.86,194.8902
2019-06-12T16:52:00Z,194.9097,194.98,194.899,194.95
2019-06-12T16:53:00Z,194.95,194.98,194.92,194.92
2019-06-12T16:54:00Z,194.92,194.93,194.83,194.89
2019-06-12T16:55:00Z,194.905,194.92,194.8739,194.915
2019-06-12T16:56:00Z,194.89,194.97,194.8781,194.93
2019-06-12T16:57:00Z,194.95,194.96,194.87,194.96
2019-06-12T16:58:00Z,194.94,194.95,194.86,194.86
2019-06-12T16:59:00Z,194.86,194.865,194.81,194.84
2019-06-12T17:00:00Z,194.8316,194.94,194.8316,194.9
2019-06-12T17:01:00Z,194.89,194.8906,194.8,194.8
2019-06-12T17:02:00Z,194.81,194.82,194.7703,194.8
2019-06-12T17:03:00Z,194.8,194.83,194.78,194.83
2019-06-12T17:04:00Z,194.84,194.8899,194.82,194.86
2019-06-12T17:05:00Z,194.86,194.94,194.84,194.92
2019-06-12T17:06:00Z,194.92,194.96,194.9156,194.92
2019-06-12T17:07:00Z,194.92,194.94,194.88,194.91
2019-06-12T17:08:00Z,194.91,194.99,194.8662,194.94
2019-06-12T17:09:00Z,194.91,194.91,194.75,194.79
2019-06-12T17:10:00Z,194.78,194.78,194.62,194.62
2019-06-12T17:11:00Z,194.63,194.65,194.59,194.5994
2019-06-12T17:12:00Z,194.59,194.7,194.59,194.7
2019-06-12T17:13:00Z,194.69,194.71,194.63,194.63
2019-06-12T17:14:00Z,194.64,194.64,194.57,194.59
2019-06-12T17:15:00Z,194.58,194.6,194.458,194.51
2019-06-12T17:16:00Z,194.53,194.59,194.48,194.53
2019-06-12T17:17:00Z,194.53,194.6,194.475,194.5962
2019-06-12T17:18:00Z,194.6174,194.64,194.6,194.6063
2019-06-12T17:19:00Z,194.6,194.66,194.5929,194.66
2019-06-12T17:20:00Z,194.66,194.75,194.66,194.75
2019-06-12T17:21:00Z,194.77,194.79,194.73,194.74
2019-06-12T17:22:00Z,194.72,194.74,194.64,194.6863
2019-06-12T17:23:00Z,194.68,194.72,194.6563,194.67
2019-06-12T17:24:00Z,194.7,194.73,194.68,194.68
2019-06-12T17:25:00Z,194.6737,194.6737,194.56,194.63
2019-06-12T17:26:00Z,194.66,194.72,194.645,194.65
2019-06-12T17:27:00Z,194.63,194.6418,194.57,194.59
2019-06-12T17:28:00Z,194.57,194.65,194.5383,194.605
2019-06-12T17:29:00Z,194.5977,194.64,194.56,194.62
2019-06-12T17:30:00Z,194.64,194.68,194.59,194.6
2019-06-12T17:31:00Z,194.5981,194.5981,194.5,194.52
2019-06-12T17:32:00Z,194.52,194.56,194.51,194.5197
2019-06-12T17:33:00Z,194.51,194.575,194.49,194.575
2019-06-12T17:34:00Z,194.59,194.66,194.59,194.65
2019-06-12T17:35:00Z,194.63,194.68,194.58,194.67
2019-06-12T17:36:00Z,194.655,194.67,194.55,194.58
2019-06-12T17:37:00Z,194.56,194.5831,194.55,194.568
2019-06-12T17:38:00Z,194.57,194.62,194.51,194.52
2019-06-12T17:39:00Z,194.53,194.545,194.45,194.4565
2019-06-12T17:40:00Z,194.4556,194.52,194.41,194.48
2019-06-12T17:41:00Z,194.51,194.55,194.46,194.55
2019-06-12T17:42:00Z,194.55,194.56,194.4901,194.4901
2019-06-12T17:43:00Z,194.51,194.568,194.5,194.54
2019-06-12T17:44:00Z,194.55,194.58,194.54,194.58
2019-06-12T17:45:00Z,194.6,194.63,194.5857,194.63
2019-06-12T17:46:00Z,194.6474,194.6474,194.5204,194.53
2019-06-12T17:47:00Z,194.54,194.62,194.54,194.58
2019-06-12T17:48:00Z,194.57,194.63,194.56,194.6105
2019-06-12T17:49:00Z,194.6188,194.62,194.5775,194.5851
2019-06-12T17:50:00Z,194.58,194.63,194.53,194.619
2019-06-12T17:51:00Z,194.64,194.6799,194.63,194.64
2019-06-12T17:52:00Z,194.64,194.65,194.56,194.56
2019-06-12T17:53:00Z,194.55,194.57,194.53,194.56
2019-06-12T17:54:00Z,194.57,194.64,194.53,194.57
2019-06-12T17:55:00Z,194.58,194.59,194.54,194.54
2019-06-12T17:56:00Z,194.54,194.59,194.52,194.5801
2019-06-12T17:57:00Z,194.5869,194.59,194.56,194.5645
2019-06-12T17:58:00Z,194.57,194.59,194.56,194.57
2019-06-12T17:59:00Z,194.57,194.575,194.51,194.565
2019-06-12T18:00:00Z,194.58,194.59,194.5,194.5
2019-06-12T18:01:00Z,194.5055,194.525,194.46,194.52
2019-06-12T18:02:00Z,194.5221,194.6,194.5,194.6
2019-06-12T18:03:00Z,194.6,194.7495,194.6,194.65
2019-06-12T18:04:00Z,194.65,194.6999,194.55,194.5702
2019-06-12T18:05:00Z,194.56,194.56,194.41,194.42
2019-06-12T18:06:00Z,194.43,194.5,194.4,194.4759
2019-06-12T18:07:00Z,194.48,194.51,194.46,194.4888
2019-06-12T18:08:00Z,194.48,194.48,194.37,194.4
2019-06-12T18:09:00Z,194.3803,194.41,194.29,194.3399
2019-06-12T18:10:00Z,194.33,194.4,194.31,194.38
2019-06-12T18:11:00Z,194.37,194.4138,194.31,194.3175
2019-06-12T18:12:00Z,194.31,194.36,194.26,194.29
2019-06-12T18:13:00Z,194.28,194.2875,194.22,194.2279
2019-06-12T18:14:00Z,194.22,194.32,194.22,194.2799
2019-06-12T18:15:00Z,194.28,194.36,194.27,194.32
2019-06-12T18:16:00Z,194.318,194.36,194.272,194.32
2019-06-12T18:17:00Z,194.32,194.32,194.1402,194.15
2019-06-12T18:18:00Z,194.16,194.2,194.12,194.16
2019-06-12T18:19:00Z,194.18,194.2084,194.1505,194.2
2019-06-12T18:20:00Z,194.21,194.2999,194.19,194.21
2019-06-12T18:21:00Z,194.19,194.19,194.09,194.1332
2019-06-12T18:22:00Z,194.13,194.19,194.1156,194.17
2019-06-12T18:23:00Z,194.16,194.17,194.06,194.09
2019-06-12T18:24:00Z,194.1,194.25,194.0901,194.21
2019-06-12T18:25:00Z,194.22,194.22,194.14,194.14
2019-06-12T18:26:00Z,194.14,194.218,194.1368,194.19
2019-06-12T18:27:00Z,194.2,194.24,194.19,194.191
2019-06-12T18:28:00Z,194.19,194.2599,194.16,194.205
2019-06-12T18:29:00Z,194.2,194.2698,194.2,194.24
2019-06-12T18:30:00Z,194.25,194.38,194.25,194.31
2019-06-12T18:31:00Z,194.31,194.33,194.23,194.24
2019-06-12T18:32:00Z,194.23,194.25,194.18,194.18
2019-06-12T18:33:00Z,194.1862,194.29,194.1862,194.25
2019-06-12T18:34:00Z,194.26,194.28,194.21,194.27
2019-06-12T18:35:00Z,194.26,194.29,194.24,194.2602
2019-06-12T18:36:00Z,194.28,194.36,194.27,194.27
2019-06-12T18:37:00Z,194.27,194.37,194.27,194.29
2019-06-12T18:38:00Z,194.32,194.46,194.32,194.43
2019-06-12T18:39:00Z,194.43,194.43,194.33,194.33
2019-06-12T18:40:00Z,194.3421,194.35,194.25,194.2616
2019-06-12T18:41:00Z,194.2576,194.2672,194.2,194.2
2019-06-12T18:42:00Z,194.2001,194.2698,194.1804,194.2669
2019-06-12T18:43:00Z,194.27,194.3104,194.21,194.22
2019-06-12T18:44:00Z,194.21,194.34,194.1827,194.3181
2019-06-12T18:45:00Z,194.3239,194.44,194.31,194.4325
2019-06-12T18:46:00Z,194.43,194.58,194.427,194.5543
2019-06-12T18:47:00Z,194.57,194.59,194.51,194.55
2019-06-12T18:48:00Z,194.5567,194.61,194.529,194.59
2019-06-12T18:49:00Z,194.6,194.62,194.53,194.55
2019-06-12T18:50:00Z,194.52,194.56,194.46,194.474
2019-06-12T18:51:00Z,194.47,194.5216,194.42,194.5216
2019-06-12T18:52:00Z,194.54,194.55,194.5,194.51
2019-06-12T18:53:00Z,194.5,194.54,194.46,194.4765
2019-06-12T18:54:00Z,194.4831,194.5068,194.43,194.46
2019-06-12T18:55:00Z,194.44,194.53,194.44,194.4833
2019-06-12T18:56:00Z,194.5,194.53,194.47,194.47
2019-06-12T18:57:00Z,194.4842,194.501,194.46,194.47
2019-06-12T18:58:00Z,194.48,194.5,194.4,194.406
2019-06-12T18:59:00Z,194.405,194.41,194.37,194.41
2019-06-12T19:00:00Z,194.3936,194.4331,194.33,194.35
2019-06-12T19:01:00Z,194.37,194.37,194.25,194.2845
2019-06-12T19:02:00Z,194.28,194.31,194.233,194.28
2019-06-12T19:03:00Z,194.29,194.33,194.27,194.33
2019-06-12T19:04:00Z,194.3242,194.3242,194.25,194.2568
2019-06-12T19:05:00Z,194.2643,194.2643,194.1918,194.1918
2019-06-12T19:06:00Z,194.22,194.29,194.2,194.205
2019-06-12T19:07:00Z,194.2,194.26,194.2,194.23
2019-06-12T19:08:00Z,194.24,194.24,194.1368,194.2
2019-06-12T19:09:00Z,194.22,194.34,194.22,194.3
2019-06-12T19:10:00Z,194.29,194.3,194.22,194.26
2019-06-12T19:11:00Z,194.25,194.25,194.1823,194.1999
2019-06-12T19:12:00Z,194.1935,194.31,194.17,194.3
2019-06-12T19:13:00Z,194.31,194.34,194.22,194.24
2019-06-12T19:14:00Z,194.24,194.27,194.23,194.2499
2019-06-12T19:15:00Z,194.25,194.31,194.18,194.24
2019-06-12T19:16:00Z,194.25,194.2738,194.22,194.24
2019-06-12T19:17:00Z,194.26,194.29,194.25,194.2515
2019-06-12T19:18:00Z,194.25,194.28,194.21,194.25
2019-06-12T19:19:00Z,194.26,194.345,194.2424,194.3202
2019-06-12T19:20:00Z,194.32,194.37,194.27,194.2791
2019-06-12T19:21:00Z,194.2705,194.32,194.21,194.243
2019-06-12T19:22:00Z,194.27,194.29,194.23,194.262
2019-06-12T19:23:00Z,194.26,194.32,194.25,194.26
2019-06-12T19:24:00Z,194.26,194.27,194.13,194.18
2019-06-12T19:25:00Z,194.18,194.27,194.18,194.27
2019-06-12T19:26:00Z,194.26,194.2742,194.17,194.18
2019-06-12T19:27:00Z,194.1891,194.2,194.08,194.0815
2019-06-12T19:28:00Z,194.09,194.25,194.085,194.24
2019-06-12T19:29:00Z,194.24,194.24,194.12,194.15
2019-06-12T19:30:00Z,194.14,194.2,194.09,194.1501
2019-06-12T19:31:00Z,194.17,194.2368,194.14,194.2368
2019-06-12T19:32:00Z,194.2369,194.24,194.19,194.19
2019-06-12T19:33:00Z,194.19,194.21,194.18,194.19
2019-06-12T19:34:00Z,194.18,194.225,194.18,194.21
2019-06-12T19:35:00Z,194.2,194.27,194.18,194.27
2019-06-12T19:36:00Z,194.27,194.2899,194.22,194.24
2019-06-12T19:37:00Z,194.23,194.23,194.13,194.13
2019-06-12T19:38:00Z,194.135,194.2,194.135,194.1881
2019-06-12T19:39:00Z,194.19,194.23,194.19,194.2
2019-06-12T19:40:00Z,194.2,194.31,194.195,194.3
2019-06-12T19:41:00Z,194.3,194.36,194.3,194.3315
2019-06-12T19:42:00Z,194.33,194.33,194.2668,194.27
2019-06-12T19:43:00Z,194.27,194.275,194.1501,194.17
2019-06-12T19:44:00Z,194.15,194.18,194.12,194.1452
2019-06-12T19:45:00Z,194.13,194.21,194.09,194.11
2019-06-12T19:46:00Z,194.11,194.1649,194.03,194.04
2019-06-12T19:47:00Z,194.0379,194.1099,194.0379,194.09
2019-06-12T19:48:00Z,194.09,194.14,194.03,194.14
2019-06-12T19:49:00Z,194.13,194.13,194.0358,194.065
2019-06-12T19:50:00Z,194.085,194.23,194.085,194.17
2019-06-12T19:51:00Z,194.175,194.21,194.11,194.16
2019-06-12T19:52:00Z,194.16,194.2205,194.1145,194.2
2019-06-12T19:53:00Z,194.19,194.3354,194.14,194.298
2019-06-12T19:54:00Z,194.3,194.36,194.1501,194.21
2019-06-12T19:55:00Z,194.21,194.41,194.04,194.077
2019-06-12T19:56:00Z,194.07,194.08,193.91,193.92
2019-06-12T19:57:00Z,193.915,193.92,193.79,193.82
2019-06-12T19:58:00Z,193.82,193.9,193.81,193.8435
2019-06-12T19:59:00Z,193.83,194.19,193.81,194.19
