2016-10-05T13:30:00Z,113.4,113.66,113.3,113.58
2016-10-05T13:31:00Z,113.5699,113.58,113.21,113.219
2016-10-05T13:32:00Z,113.219,113.36,113.12,113.28
2016-10-05T13:33:00Z,113.282,113.33,113.11,113.22
2016-10-05T13:34:00Z,113.22,113.25,113.02,113.05
2016-10-05T13:35:00Z,113.05,113.29,113.03,113.23
2016-10-05T13:36:00Z,113.23,113.42,113.23,113.382
2016-10-05T13:37:00Z,113.3852,113.4,113.11,113.2
2016-10-05T13:38:00Z,113.2073,113.258,112.975,113
2016-10-05T13:39:00Z,113,113.1,112.92,112.98
2016-10-05T13:40:00Z,112.9701,113.09,112.97,113.0349
2016-10-05T13:41:00Z,113.03,113.04,112.9,112.93
2016-10-05T13:42:00Z,112.9259,113.05,112.9,113.03
2016-10-05T13:43:00Z,113.05,113.09,113.01,113.04
2016-10-05T13:44:00Z,113.04,113.04,112.87,112.885
2016-10-05T13:45:00Z,112.9,113.08,112.85,113.06
2016-10-05T13:46:00Z,113.08,113.19,113.015,113.1784
2016-10-05T13:47:00Z,113.175,113.24,113.15,113.17
2016-10-05T13:48:00Z,113.19,113.2286,113.12,113.13
2016-10-05T13:49:00Z,113.14,113.19,113.115,113.165
2016-10-05T13:50:00Z,113.18,113.23,113.17,113.22
2016-10-05T13:51:00Z,113.2262,113.27,113.15,113.1804
2016-10-05T13:52:00Z,113.19,113.27,113.16,113.26
2016-10-05T13:53:00Z,113.2689,113.28,113.19,113.28
2016-10-05T13:54:00Z,113.28,113.3,113.22,113.25
2016-10-05T13:55:00Z,113.26,113.28,113.23,113.27
2016-10-05T13:56:00Z,113.27,113.28,113.19,113.23
2016-10-05T13:57:00Z,113.22,113.255,113.22,113.22
2016-10-05T13:58:00Z,113.22,113.27,113.19,113.26
2016-10-05T13:59:00Z,113.2501,113.33,113.24,113.29
2016-10-05T14:00:00Z,113.3,113.35,113.21,113.27
2016-10-05T14:01:00Z,113.28,113.3,113.21,113.29
2016-10-05T14:02:00Z,113.29,113.31,113.23,113.29
2016-10-05T14:03:00Z,113.2862,113.32,113.25,113.29
2016-10-05T14:04:00Z,113.28,113.4,113.28,113.365
2016-10-05T14:05:00Z,113.36,113.38,113.34,113.34
2016-10-05T14:06:00Z,113.33,113.44,113.33,113.44
2016-10-05T14:07:00Z,113.4399,113.45,113.42,113.43
2016-10-05T14:08:00Z,113.44,113.47,113.4111,113.42
2016-10-05T14:09:00Z,113.42,113.43,113.36,113.4
2016-10-05T14:10:00Z,113.405,113.4099,113.34,113.34
2016-10-05T14:11:00Z,113.34,113.4,113.33,113.35
2016-10-05T14:12:00Z,113.34,113.36,113.31,113.325
2016-10-05T14:13:00Z,113.3201,113.33,113.23,113.24
2016-10-05T14:14:00Z,113.23,113.25,113.23,113.245
2016-10-05T14:15:00Z,113.24,113.3,113.24,113.29
2016-10-05T14:16:00Z,113.29,113.2967,113.24,113.2833
2016-10-05T14:17:00Z,113.29,113.33,113.27,113.325
2016-10-05T14:18:00Z,113.32,113.3233,113.29,113.32
2016-10-05T14:19:00Z,113.32,113.321,113.2501,113.3
2016-10-05T14:20:00Z,113.3,113.31,113.11,113.211
2016-10-05T14:21:00Z,113.22,113.28,113.22,113.23
2016-10-05T14:22:00Z,113.23,113.24,113.16,113.2
2016-10-05T14:23:00Z,113.1989,113.2,113.1,113.1
2016-10-05T14:24:00Z,113.09,113.18,113.09,113.17
2016-10-05T14:25:00Z,113.168,113.225,113.16,113.17
2016-10-05T14:26:00Z,113.165,113.205,113.16,113.1701
2016-10-05T14:27:00Z,113.18,113.22,113.15,113.172
2016-10-05T14:28:00Z,113.1799,113.2,113.12,113.13
2016-10-05T14:29:00Z,113.13,113.14,113.02,113.14
2016-10-05T14:30:00Z,113.13,113.14,113.02,113.0401
2016-10-05T14:31:00Z,113.04,113.06,112.93,113.015
2016-10-05T14:32:00Z,113.015,113.015,112.96,112.99
2016-10-05T14:33:00Z,112.99,113.13,112.977,113.13
2016-10-05T14:34:00Z,113.12,113.13,113.09,113.13
2016-10-05T14:35:00Z,113.14,113.18,113.13,113.1666
2016-10-05T14:36:00Z,113.17,113.18,113.12,113.1499
2016-10-05T14:37:00Z,113.15,113.175,113.13,113.13
2016-10-05T14:38:00Z,113.13,113.156,113.1,113.147
2016-10-05T14:39:00Z,113.14,113.14,113.09,113.1046
2016-10-05T14:40:00Z,113.1049,113.14,113.09,113.14
2016-10-05T14:41:00Z,113.14,113.16,113.1,113.13
2016-10-05T14:42:00Z,113.13,113.13,113.02,113.02
2016-10-05T14:43:00Z,113.02,113.03,112.96,112.9788
2016-10-05T14:44:00Z,112.97,112.97,112.88,112.885
2016-10-05T14:45:00Z,112.885,112.93,112.87,112.87
2016-10-05T14:46:00Z,112.87,112.95,112.87,112.91
2016-10-05T14:47:00Z,112.91,112.95,112.9,112.91
2016-10-05T14:48:00Z,112.9099,112.9099,112.78,112.8
2016-10-05T14:49:00Z,112.7955,112.8,112.69,112.69
2016-10-05T14:50:00Z,112.7,112.78,112.6907,112.78
2016-10-05T14:51:00Z,112.78,112.8,112.76,112.779
2016-10-05T14:52:00Z,112.78,112.8,112.77,112.7956
2016-10-05T14:53:00Z,112.8,112.8426,112.79,112.83
2016-10-05T14:54:00Z,112.82,112.82,112.77,112.78
2016-10-05T14:55:00Z,112.78,112.85,112.78,112.8385
2016-10-05T14:56:00Z,112.835,112.915,112.83,112.9
2016-10-05T14:57:00Z,112.89,112.9,112.86,112.8866
2016-10-05T14:58:00Z,112.88,112.91,112.86,112.8652
2016-10-05T14:59:00Z,112.86,112.9389,112.8507,112.9299
2016-10-05T15:00:00Z,112.92,112.9291,112.88,112.89
2016-10-05T15:01:00Z,112.89,112.93,112.89,112.92
2016-10-05T15:02:00Z,112.93,112.99,112.92,112.98
2016-10-05T15:03:00Z,112.9793,112.98,112.93,112.941
2016-10-05T15:04:00Z,112.94,113.01,112.93,113
2016-10-05T15:05:00Z,112.995,113.01,112.97,112.9844
2016-10-05T15:06:00Z,112.983,112.995,112.95,112.995
2016-10-05T15:07:00Z,112.981,113,112.9659,112.9766
2016-10-05T15:08:00Z,112.98,112.99,112.95,112.96
2016-10-05T15:09:00Z,112.97,113.02,112.9599,113.02
2016-10-05T15:10:00Z,113.0193,113.0544,112.98,112.98
2016-10-05T15:11:00Z,112.98,112.98,112.94,112.95
2016-10-05T15:12:00Z,112.95,113,112.94,112.995
2016-10-05T15:13:00Z,112.99,113.03,112.98,113
2016-10-05T15:14:00Z,113,113.04,112.995,113.03
2016-10-05T15:15:00Z,113.03,113.05,113.02,113.022
2016-10-05T15:16:00Z,113.02,113.03,112.97,112.97
2016-10-05T15:17:00Z,112.97,113.02,112.97,113.0165
2016-10-05T15:18:00Z,113.01,113.04,113.01,113.0159
2016-10-05T15:19:00Z,113.01,113.02,112.98,112.98
2016-10-05T15:20:00Z,112.98,113.0164,112.98,112.9901
2016-10-05T15:21:00Z,112.98,113,112.97,112.99
2016-10-05T15:22:00Z,112.98,112.9969,112.94,112.9434
2016-10-05T15:23:00Z,112.94,112.98,112.92,112.97
2016-10-05T15:24:00Z,112.97,112.98,112.95,112.95
2016-10-05T15:25:00Z,112.96,112.96,112.9236,112.9536
2016-10-05T15:26:00Z,112.95,112.98,112.9341,112.97
2016-10-05T15:27:00Z,112.96,112.97,112.92,112.94
2016-10-05T15:28:00Z,112.93,112.9664,112.9295,112.9401
2016-10-05T15:29:00Z,112.95,112.9543,112.915,112.9499
2016-10-05T15:30:00Z,112.95,113,112.95,112.99
2016-10-05T15:31:00Z,112.99,113,112.98,112.9884
2016-10-05T15:32:00Z,112.9879,112.99,112.95,112.9859
2016-10-05T15:33:00Z,112.9843,113,112.98,112.98
2016-10-05T15:34:00Z,112.98,112.9938,112.95,112.97
2016-10-05T15:35:00Z,112.97,112.98,112.9526,112.9737
2016-10-05T15:36:00Z,112.98,112.98,112.96,112.9762
2016-10-05T15:37:00Z,112.98,113,112.95,112.99
2016-10-05T15:38:00Z,112.986,113.05,112.98,113.049
2016-10-05T15:39:00Z,113.04,113.1,113.04,113.0759
2016-10-05T15:40:00Z,113.07,113.0864,113.05,113.06
2016-10-05T15:41:00Z,113.05,113.06,112.98,113.01
2016-10-05T15:42:00Z,113.0135,113.04,112.9999,113.0205
2016-10-05T15:43:00Z,113.0265,113.06,113.01,113.06
2016-10-05T15:44:00Z,113.06,113.09,113.03,113.087
2016-10-05T15:45:00Z,113.08,113.11,113.0099,113.01
2016-10-05T15:46:00Z,113.01,113.05,113.01,113.05
2016-10-05T15:47:00Z,113.05,113.0628,113.0416,113.0628
2016-10-05T15:48:00Z,113.07,113.085,113.02,113.03
2016-10-05T15:49:00Z,113.03,113.08,113.021,113.08
2016-10-05T15:50:00Z,113.08,113.08,113.0502,113.07
2016-10-05T15:51:00Z,113.07,113.07,113.02,113.0301
2016-10-05T15:52:00Z,113.03,113.03,112.9899,112.9899
2016-10-05T15:53:00Z,112.99,113,112.95,112.98
2016-10-05T15:54:00Z,112.973,113.03,112.96,113.03
2016-10-05T15:55:00Z,113.04,113.055,113.03,113.035
2016-10-05T15:56:00Z,113.03,113.05,113.03,113.035
2016-10-05T15:57:00Z,113.04,113.045,113.02,113.04
2016-10-05T15:58:00Z,113.03,113.03,113,113.02
2016-10-05T15:59:00Z,113.03,113.0401,113.02,113.0401
2016-10-05T16:00:00Z,113.04,113.065,113.03,113.05
2016-10-05T16:01:00Z,113.04,113.07,113.04,113.045
2016-10-05T16:02:00Z,113.045,113.05,113.03,113.0469
2016-10-05T16:03:00Z,113.05,113.06,113.0401,113.05
2016-10-05T16:04:00Z,113.05,113.05,113.02,113.0342
2016-10-05T16:05:00Z,113.0335,113.15,113.03,113.1148
2016-10-05T16:06:00Z,113.1191,113.13,113.06,113.06
2016-10-05T16:07:00Z,113.06,113.07,113.04,113.04
2016-10-05T16:08:00Z,113.0401,113.045,113,113.0228
2016-10-05T16:09:00Z,113.0242,113.07,113.0137,113.046
2016-10-05T16:10:00Z,113.04,113.06,113.04,113.0409
2016-10-05T16:11:00Z,113.045,113.065,113.04,113.051
2016-10-05T16:12:00Z,113.05,113.06,113.03,113.0553
2016-10-05T16:13:00Z,113.05,113.055,113.03,113.04
2016-10-05T16:14:00Z,113.035,113.06,113.029,113.06
2016-10-05T16:15:00Z,113.0501,113.06,113.023,113.025
2016-10-05T16:16:00Z,113.025,113.05,113.02,113.04
2016-10-05T16:17:00Z,113.03,113.07,113.03,113.061
2016-10-05T16:18:00Z,113.06,113.082,113.05,113.082
2016-10-05T16:19:00Z,113.085,113.12,113.0812,113.11
2016-10-05T16:20:00Z,113.11,113.11,113.06,113.086
2016-10-05T16:21:00Z,113.0899,113.0899,113.07,113.0801
2016-10-05T16:22:00Z,113.08,113.08,113.04,113.06
2016-10-05T16:23:00Z,113.05,113.06,113.04,113.0401
2016-10-05T16:24:00Z,113.0491,113.07,113.04,113.06
2016-10-05T16:25:00Z,113.06,113.06,113.03,113.036
2016-10-05T16:26:00Z,113.04,113.07,113.01,113.07
2016-10-05T16:27:00Z,113.06,113.09,113.06,113.0837
2016-10-05T16:28:00Z,113.08,113.1,113.08,113.0901
2016-10-05T16:29:00Z,113.09,113.1,113.08,113.0899
2016-10-05T16:30:00Z,113.083,113.09,113.08,113.08
2016-10-05T16:31:00Z,113.08,113.1,113.08,113.1
2016-10-05T16:32:00Z,113.1,113.1,113.08,113.081
2016-10-05T16:33:00Z,113.08,113.12,113.06,113.1
2016-10-05T16:34:00Z,113.0995,113.12,113.095,113.112
2016-10-05T16:35:00Z,113.12,113.14,113.11,113.14
2016-10-05T16:36:00Z,113.14,113.1462,113.11,113.11
2016-10-05T16:37:00Z,113.11,113.12,113.07,113.1
2016-10-05T16:38:00Z,113.09,113.1,113.071,113.09
2016-10-05T16:39:00Z,113.09,113.12,113.075,113.12
2016-10-05T16:40:00Z,113.111,113.12,113.1,113.11
2016-10-05T16:41:00Z,113.1199,113.1199,113.09,113.1
2016-10-05T16:42:00Z,113.1,113.105,113.09,113.09
2016-10-05T16:43:00Z,113.1,113.1199,113.1,113.1038
2016-10-05T16:44:00Z,113.1,113.11,113.08,113.08
2016-10-05T16:45:00Z,113.08,113.1,113.075,113.095
2016-10-05T16:46:00Z,113.095,113.1,113.083,113.09
2016-10-05T16:47:00Z,113.1,113.12,113.0936,113.0937
2016-10-05T16:48:00Z,113.099,113.1,113.06,113.1
2016-10-05T16:49:00Z,113.101,113.13,113.0938,113.1237
2016-10-05T16:50:00Z,113.125,113.15,113.125,113.15
2016-10-05T16:51:00Z,113.14,113.16,113.14,113.14
2016-10-05T16:52:00Z,113.14,113.155,113.11,113.115
2016-10-05T16:53:00Z,113.12,113.155,113.1101,113.1435
2016-10-05T16:54:00Z,113.1431,113.15,113.11,113.1272
2016-10-05T16:55:00Z,113.13,113.13,113.09,113.1
2016-10-05T16:56:00Z,113.11,113.1156,113.1,113.1156
2016-10-05T16:57:00Z,113.1135,113.15,113.11,113.11
2016-10-05T16:58:00Z,113.1157,113.13,113.0825,113.09
2016-10-05T16:59:00Z,113.09,113.1,113.07,113.0944
2016-10-05T17:00:00Z,113.09,113.1,113.08,113.083
2016-10-05T17:01:00Z,113.085,113.12,113.085,113.115
2016-10-05T17:02:00Z,113.11,113.1215,113.1,113.1215
2016-10-05T17:03:00Z,113.13,113.14,113.1,113.125
2016-10-05T17:04:00Z,113.125,113.15,113.12,113.15
2016-10-05T17:05:00Z,113.14,113.18,113.122,113.1438
2016-10-05T17:06:00Z,113.15,113.19,113.14,113.1601
2016-10-05T17:07:00Z,113.17,113.18,113.15,113.15
2016-10-05T17:08:00Z,113.15,113.16,113.11,113.11
2016-10-05T17:09:00Z,113.12,113.13,113.08,113.08
2016-10-05T17:10:00Z,113.08,113.1,113.07,113.09
2016-10-05T17:11:00Z,113.09,113.1034,113.07,113.08
2016-10-05T17:12:00Z,113.08,113.08,113.05,113.05
2016-10-05T17:13:00Z,113.05,113.0541,113.02,113.03
2016-10-05T17:14:00Z,113.04,113.04,113,113.008
2016-10-05T17:15:00Z,113.01,113.04,113,113.03
2016-10-05T17:16:00Z,113.035,113.05,113.02,113.03
2016-10-05T17:17:00Z,113.0347,113.04,112.99,113.0389
2016-10-05T17:18:00Z,113.04,113.06,113,113.0001
2016-10-05T17:19:00Z,113.0059,113.03,113,113
2016-10-05T17:20:00Z,112.9953,113,112.96,112.96
2016-10-05T17:21:00Z,112.96,112.98,112.93,112.955
2016-10-05T17:22:00Z,112.96,112.96,112.94,112.96
2016-10-05T17:23:00Z,112.96,112.98,112.94,112.975
2016-10-05T17:24:00Z,112.9736,112.98,112.9623,112.97
2016-10-05T17:25:00Z,112.9711,112.99,112.97,112.981
2016-10-05T17:26:00Z,112.98,112.9834,112.95,112.9553
2016-10-05T17:27:00Z,112.95,112.96,112.92,112.955
2016-10-05T17:28:00Z,112.96,112.98,112.955,112.97
2016-10-05T17:29:00Z,112.97,112.98,112.97,112.9744
2016-10-05T17:30:00Z,112.97,113,112.97,113
2016-10-05T17:31:00Z,112.995,113,112.9814,113
2016-10-05T17:32:00Z,113,113,112.97,112.985
2016-10-05T17:33:00Z,112.98,112.98,112.9441,112.954
2016-10-05T17:34:00Z,112.95,112.95,112.9201,112.93
2016-10-05T17:35:00Z,112.94,112.96,112.88,112.905
2016-10-05T17:36:00Z,112.91,112.9344,112.9,112.9344
2016-10-05T17:37:00Z,112.931,112.97,112.931,112.9637
2016-10-05T17:38:00Z,112.9609,112.9609,112.9247,112.95
2016-10-05T17:39:00Z,112.94,112.96,112.92,112.9563
2016-10-05T17:40:00Z,112.96,113,112.96,113
2016-10-05T17:41:00Z,112.995,113,112.99,112.99
2016-10-05T17:42:00Z,112.99,113.25,112.99,113.215
2016-10-05T17:43:00Z,113.2125,113.2138,113.06,113.08
2016-10-05T17:44:00Z,113.09,113.11,113.07,113.085
2016-10-05T17:45:00Z,113.085,113.135,113.08,113.1
2016-10-05T17:46:00Z,113.1,113.11,113.08,113.1012
2016-10-05T17:47:00Z,113.11,113.11,113.065,113.065
2016-10-05T17:48:00Z,113.06,113.1,113.03,113.1
2016-10-05T17:49:00Z,113.105,113.14,113.1,113.1008
2016-10-05T17:50:00Z,113.105,113.14,113.1,113.14
2016-10-05T17:51:00Z,113.14,113.145,113.1099,113.1099
2016-10-05T17:52:00Z,113.11,113.14,113.1,113.1
2016-10-05T17:53:00Z,113.1,113.12,113.1,113.11
2016-10-05T17:54:00Z,113.1115,113.14,113.11,113.12
2016-10-05T17:55:00Z,113.12,113.14,113.11,113.136
2016-10-05T17:56:00Z,113.14,113.23,113.13,113.1805
2016-10-05T17:57:00Z,113.185,113.1945,113.15,113.17
2016-10-05T17:58:00Z,113.17,113.1701,113.14,113.17
2016-10-05T17:59:00Z,113.18,113.185,113.14,113.15
2016-10-05T18:00:00Z,113.1573,113.1599,113.11,113.121
2016-10-05T18:01:00Z,113.1238,113.14,113.1,113.13
2016-10-05T18:02:00Z,113.12,113.14,113.1,113.1111
2016-10-05T18:03:00Z,113.12,113.13,113.1,113.1
2016-10-05T18:04:00Z,113.09,113.11,113.09,113.1099
2016-10-05T18:05:00Z,113.101,113.17,113.101,113.15
2016-10-05T18:06:00Z,113.14,113.14,113.1,113.1099
2016-10-05T18:07:00Z,113.1,113.15,113.1,113.12
2016-10-05T18:08:00Z,113.12,113.12,113.09,113.105
2016-10-05T18:09:00Z,113.1059,113.11,113.06,113.0611
2016-10-05T18:10:00Z,113.06,113.09,113.05,113.0644
2016-10-05T18:11:00Z,113.07,113.1,113.07,113.1
2016-10-05T18:12:00Z,113.0934,113.11,113.08,113.1
2016-10-05T18:13:00Z,113.1023,113.12,113.09,113.12
2016-10-05T18:14:00Z,113.1275,113.15,113.1,113.105
2016-10-05T18:15:00Z,113.1,113.1,113.06,113.065
2016-10-05T18:16:00Z,113.065,113.09,113.06,113.08
2016-10-05T18:17:00Z,113.0747,113.0747,113.04,113.04
2016-10-05T18:18:00Z,113.04,113.07,113.04,113.06
2016-10-05T18:19:00Z,113.07,113.08,113.03,113.045
2016-10-05T18:20:00Z,113.0429,113.0804,113.04,113.08
2016-10-05T18:21:00Z,113.08,113.08,113.06,113.07
2016-10-05T18:22:00Z,113.07,113.08,113.06,113.06
2016-10-05T18:23:00Z,113.0601,113.07,113.06,113.06
2016-10-05T18:24:00Z,113.06,113.1,113.06,113.09
2016-10-05T18:25:00Z,113.09,113.11,113.08,113.0962
2016-10-05T18:26:00Z,113.1,113.11,113.0835,113.09
2016-10-05T18:27:00Z,113.09,113.11,113.08,113.1
2016-10-05T18:28:00Z,113.11,113.12,113.08,113.08
2016-10-05T18:29:00Z,113.084,113.084,113.04,113.08
2016-10-05T18:30:00Z,113.0737,113.14,113.07,113.1193
2016-10-05T18:31:00Z,113.1162,113.14,113.1,113.11
2016-10-05T18:32:00Z,113.11,113.12,113.09,113.1
2016-10-05T18:33:00Z,113.1,113.135,113.07,113.135
2016-10-05T18:34:00Z,113.13,113.18,113.12,113.175
2016-10-05T18:35:00Z,113.17,113.2101,113.17,113.21
2016-10-05T18:36:00Z,113.22,113.22,113.13,113.15
2016-10-05T18:37:00Z,113.15,113.18,113.14,113.15
2016-10-05T18:38:00Z,113.149,113.16,113.14,113.14
2016-10-05T18:39:00Z,113.1345,113.15,113.11,113.11
2016-10-05T18:40:00Z,113.1,113.25,113.09,113.239
2016-10-05T18:41:00Z,113.24,113.24,113.17,113.2
2016-10-05T18:42:00Z,113.2,113.22,113.19,113.19
2016-10-05T18:43:00Z,113.19,113.27,113.18,113.27
2016-10-05T18:44:00Z,113.25,113.27,113.22,113.24
2016-10-05T18:45:00Z,113.2341,113.26,113.21,113.24
2016-10-05T18:46:00Z,113.24,113.25,113.22,113.2262
2016-10-05T18:47:00Z,113.22,113.225,113.19,113.2001
2016-10-05T18:48:00Z,113.2,113.25,113.19,113.2
2016-10-05T18:49:00Z,113.209,113.225,113.2,113.2126
2016-10-05T18:50:00Z,113.22,113.26,113.2101,113.2301
2016-10-05T18:51:00Z,113.231,113.26,113.2,113.25
2016-10-05T18:52:00Z,113.25,113.27,113.23,113.27
2016-10-05T18:53:00Z,113.27,113.27,113.23,113.251
2016-10-05T18:54:00Z,113.26,113.26,113.2299,113.231
2016-10-05T18:55:00Z,113.2338,113.2338,113.2,113.21
2016-10-05T18:56:00Z,113.22,113.22,113.16,113.19
2016-10-05T18:57:00Z,113.1835,113.2,113.165,113.195
2016-10-05T18:58:00Z,113.19,113.2,113.18,113.1837
2016-10-05T18:59:00Z,113.19,113.21,113.1802,113.19
2016-10-05T19:00:00Z,113.19,113.22,113.1899,113.22
2016-10-05T19:01:00Z,113.22,113.2337,113.195,113.2101
2016-10-05T19:02:00Z,113.21,113.25,113.2,113.21
2016-10-05T19:03:00Z,113.21,113.24,113.2,113.24
2016-10-05T19:04:00Z,113.231,113.24,113.22,113.23
2016-10-05T19:05:00Z,113.23,113.23,113.21,113.21
2016-10-05T19:06:00Z,113.22,113.22,113.18,113.19
2016-10-05T19:07:00Z,113.2,113.2,113.17,113.19
2016-10-05T19:08:00Z,113.184,113.185,113.16,113.16
2016-10-05T19:09:00Z,113.16,113.17,113.15,113.1641
2016-10-05T19:10:00Z,113.17,113.19,113.16,113.19
2016-10-05T19:11:00Z,113.19,113.195,113.17,113.18
2016-10-05T19:12:00Z,113.1702,113.195,113.17,113.19
2016-10-05T19:13:00Z,113.19,113.195,113.1801,113.1885
2016-10-05T19:14:00Z,113.19,113.19,113.14,113.165
2016-10-05T19:15:00Z,113.16,113.16,113.12,113.13
2016-10-05T19:16:00Z,113.135,113.14,113.111,113.12
2016-10-05T19:17:00Z,113.11,113.115,113.05,113.09
2016-10-05T19:18:00Z,113.085,113.1,113.04,113.04
2016-10-05T19:19:00Z,113.04,113.06,113.02,113.045
2016-10-05T19:20:00Z,113.03,113.03,112.98,113.01
2016-10-05T19:21:00Z,113,113.02,112.98,113.011
2016-10-05T19:22:00Z,113.02,113.04,113.005,113.005
2016-10-05T19:23:00Z,113.0136,113.04,113,113.02
2016-10-05T19:24:00Z,113.025,113.05,113.0043,113.025
2016-10-05T19:25:00Z,113.02,113.04,113.005,113.0355
2016-10-05T19:26:00Z,113.035,113.1,113.02,113.1
2016-10-05T19:27:00Z,113.095,113.1,113.04,113.04
2016-10-05T19:28:00Z,113.04,113.04,112.96,112.96
2016-10-05T19:29:00Z,112.9638,112.99,112.96,112.9602
2016-10-05T19:30:00Z,112.96,112.99,112.9311,112.97
2016-10-05T19:31:00Z,112.97,112.97,112.915,112.9564
2016-10-05T19:32:00Z,112.955,112.98,112.94,112.945
2016-10-05T19:33:00Z,112.94,112.95,112.92,112.92
2016-10-05T19:34:00Z,112.92,112.96,112.92,112.95
2016-10-05T19:35:00Z,112.95,112.97,112.93,112.95
2016-10-05T19:36:00Z,112.952,112.99,112.95,112.97
2016-10-05T19:37:00Z,112.9759,113,112.96,112.97
2016-10-05T19:38:00Z,112.97,112.9801,112.96,112.98
2016-10-05T19:39:00Z,112.99,112.99,112.96,112.98
2016-10-05T19:40:00Z,112.99,113,112.96,112.975
2016-10-05T19:41:00Z,112.98,113.02,112.96,113.01
2016-10-05T19:42:00Z,113.015,113.05,113.01,113.04
2016-10-05T19:43:00Z,113.04,113.05,113.01,113.035
2016-10-05T19:44:00Z,113.04,113.05,113.02,113.044
2016-10-05T19:45:00Z,113.0438,113.05,112.995,113.009
2016-10-05T19:46:00Z,113,113.041,112.98,113.0128
2016-10-05T19:47:00Z,113.017,113.05,113.01,113.02
2016-10-05T19:48:00Z,113.025,113.025,113,113.005
2016-10-05T19:49:00Z,113.005,113.01,112.9702,113.01
2016-10-05T19:50:00Z,113,113.04,113,113.0328
2016-10-05T19:51:00Z,113.035,113.06,113.02,113.055
2016-10-05T19:52:00Z,113.0501,113.07,113.02,113.025
2016-10-05T19:53:00Z,113.03,113.03,112.97,113.0037
2016-10-05T19:54:00Z,113.01,113.01,112.97,112.98
2016-10-05T19:55:00Z,112.98,112.98,112.945,112.95
2016-10-05T19:56:00Z,112.95,113.01,112.94,113.005
2016-10-05T19:57:00Z,113.005,113.03,113,113.025
2016-10-05T19:58:00Z,113.03,113.04,112.99,113.01
2016-10-05T19:59:00Z,113.01,113.05,112.99,113.03
