2016-01-11T13:30:00Z,98.47,98.47,98.44,98.45
2016-01-11T13:31:00Z,98.4,98.4,98.4,98.4
2016-01-11T13:33:00Z,98.47,98.47,98.47,98.47
2016-01-11T13:34:00Z,98.45,98.47,98.45,98.45
2016-01-11T13:35:00Z,98.45,98.49,98.44,98.44
2016-01-11T13:36:00Z,98.47,98.59,98.47,98.51
2016-01-11T13:37:00Z,98.56,98.65,98.56,98.62
2016-01-11T13:38:00Z,98.62,98.62,98.56,98.61
2016-01-11T13:39:00Z,98.56,98.56,98.45,98.56
2016-01-11T13:40:00Z,98.57,98.59,98.55,98.55
2016-01-11T13:41:00Z,98.59,98.7,98.59,98.69
2016-01-11T13:42:00Z,98.67,98.68,98.62,98.62
2016-01-11T13:43:00Z,98.63,98.67,98.62,98.62
2016-01-11T13:44:00Z,98.62,98.66,98.56,98.6
2016-01-11T13:45:00Z,98.6,98.7,98.6,98.68
2016-01-11T13:46:00Z,98.64,98.7,98.61,98.61
2016-01-11T13:47:00Z,98.62,98.62,98.62,98.62
2016-01-11T13:48:00Z,98.62,98.62,98.57,98.6
2016-01-11T13:49:00Z,98.56,98.59,98.52,98.55
2016-01-11T13:50:00Z,98.52,98.6,98.52,98.6
2016-01-11T13:51:00Z,98.5501,98.5501,98.55,98.55
2016-01-11T13:52:00Z,98.55,98.55,98.53,98.55
2016-01-11T13:53:00Z,98.53,98.55,98.52,98.52
2016-01-11T13:54:00Z,98.52,98.52,98.51,98.52
2016-01-11T13:55:00Z,98.52,98.55,98.52,98.55
2016-01-11T13:56:00Z,98.55,98.6,98.55,98.59
2016-01-11T13:57:00Z,98.53,98.53,98.53,98.53
2016-01-11T13:58:00Z,98.55,98.55,98.51,98.51
2016-01-11T13:59:00Z,98.55,98.55,98.51,98.51
2016-01-11T14:00:00Z,98.51,98.6,98.5,98.6
2016-01-11T14:01:00Z,98.53,98.58,98.53,98.58
2016-01-11T14:02:00Z,98.55,98.58,98.51,98.51
2016-01-11T14:03:00Z,98.52,98.55,98.46,98.46
2016-01-11T14:04:00Z,98.46,98.5,98.45,98.48
2016-01-11T14:05:00Z,98.44,98.5,98.42,98.4999
2016-01-11T14:06:00Z,98.45,98.49,98.45,98.4501
2016-01-11T14:07:00Z,98.46,98.49,98.45,98.49
2016-01-11T14:08:00Z,98.45,98.49,98.42,98.43
2016-01-11T14:09:00Z,98.43,98.5,98.43,98.5
2016-01-11T14:10:00Z,98.5,98.5,98.43,98.43
2016-01-11T14:11:00Z,98.47,98.55,98.44,98.55
2016-01-11T14:12:00Z,98.5,98.58,98.47,98.58
2016-01-11T14:13:00Z,98.55,98.55,98.49,98.49
2016-01-11T14:14:00Z,98.51,98.51,98.47,98.47
2016-01-11T14:15:00Z,98.48,98.49,98.47,98.49
2016-01-11T14:16:00Z,98.49,98.5,98.48,98.5
2016-01-11T14:17:00Z,98.5,98.52,98.5,98.52
2016-01-11T14:18:00Z,98.46,98.54,98.46,98.53
2016-01-11T14:19:00Z,98.52,98.57,98.52,98.57
2016-01-11T14:20:00Z,98.57,98.62,98.55,98.55
2016-01-11T14:21:00Z,98.61,98.61,98.55,98.55
2016-01-11T14:22:00Z,98.58,98.62,98.58,98.62
2016-01-11T14:23:00Z,98.62,98.65,98.58,98.58
2016-01-11T14:24:00Z,98.58,98.6,98.58,98.6
2016-01-11T14:25:00Z,98.63,98.67,98.6,98.61
2016-01-11T14:26:00Z,98.64,98.64,98.6,98.6
2016-01-11T14:27:00Z,98.6,98.6,98.54,98.55
2016-01-11T14:28:00Z,98.62,98.82,98.62,98.73
2016-01-11T14:29:00Z,98.78,99.17,98.75,99.06
2016-01-11T14:30:00Z,98.97,99.06,98.31,98.4789
2016-01-11T14:31:00Z,98.48,98.639,98.17,98.38
2016-01-11T14:32:00Z,98.352,98.66,98.35,98.48
2016-01-11T14:33:00Z,98.4799,98.547,98.26,98.49
2016-01-11T14:34:00Z,98.5099,98.94,98.38,98.3901
2016-01-11T14:35:00Z,98.39,98.41,98.18,98.19
2016-01-11T14:36:00Z,98.19,98.24,97.91,97.91
2016-01-11T14:37:00Z,97.92,98,97.82,97.94
2016-01-11T14:38:00Z,97.94,98,97.82,97.85
2016-01-11T14:39:00Z,97.85,98.09,97.83,98.03
2016-01-11T14:40:00Z,98.0332,98.06,97.85,97.8984
2016-01-11T14:41:00Z,97.88,97.8861,97.4211,97.51
2016-01-11T14:42:00Z,97.5,97.77,97.34,97.73
2016-01-11T14:43:00Z,97.7101,97.8695,97.69,97.86
2016-01-11T14:44:00Z,97.85,97.859,97.621,97.71
2016-01-11T14:45:00Z,97.71,97.75,97.59,97.63
2016-01-11T14:46:00Z,97.62,97.92,97.61,97.87
2016-01-11T14:47:00Z,97.87,97.97,97.72,97.76
2016-01-11T14:48:00Z,97.757,97.78,97.65,97.7137
2016-01-11T14:49:00Z,97.72,97.73,97.51,97.5261
2016-01-11T14:50:00Z,97.53,97.64,97.51,97.57
2016-01-11T14:51:00Z,97.582,97.63,97.51,97.53
2016-01-11T14:52:00Z,97.53,97.78,97.5201,97.77
2016-01-11T14:53:00Z,97.77,98.07,97.77,98.03
2016-01-11T14:54:00Z,98.04,98.04,97.86,97.959
2016-01-11T14:55:00Z,97.966,97.966,97.8,97.92
2016-01-11T14:56:00Z,97.914,97.9499,97.83,97.9399
2016-01-11T14:57:00Z,97.95,98.05,97.88,98.0384
2016-01-11T14:58:00Z,98.05,98.05,97.922,97.96
2016-01-11T14:59:00Z,97.963,98.02,97.82,97.96
2016-01-11T15:00:00Z,97.95,97.97,97.81,97.94
2016-01-11T15:01:00Z,97.938,98.35,97.938,98.33
2016-01-11T15:02:00Z,98.33,98.37,98.1613,98.254
2016-01-11T15:03:00Z,98.25,98.25,98,98.004
2016-01-11T15:04:00Z,98.017,98.2,98,98.03
2016-01-11T15:05:00Z,98.037,98.12,97.97,98.1
2016-01-11T15:06:00Z,98.1,98.1036,97.99,98.008
2016-01-11T15:07:00Z,98,98.01,97.85,97.9
2016-01-11T15:08:00Z,97.91,97.97,97.8,97.94
2016-01-11T15:09:00Z,97.95,98.12,97.92,98.099
2016-01-11T15:10:00Z,98.0831,98.19,98.065,98.13
2016-01-11T15:11:00Z,98.13,98.17,98.07,98.15
2016-01-11T15:12:00Z,98.141,98.39,98.14,98.39
2016-01-11T15:13:00Z,98.39,98.46,98.26,98.32
2016-01-11T15:14:00Z,98.32,98.33,98.1,98.12
2016-01-11T15:15:00Z,98.12,98.14,97.995,98.02
2016-01-11T15:16:00Z,98.03,98.086,97.96,98.07
2016-01-11T15:17:00Z,98.0799,98.15,98.01,98.03
2016-01-11T15:18:00Z,98.029,98.05,97.99,98.0065
2016-01-11T15:19:00Z,98.0032,98.18,98,98.17
2016-01-11T15:20:00Z,98.17,98.25,98.1452,98.19
2016-01-11T15:21:00Z,98.18,98.24,98.14,98.215
2016-01-11T15:22:00Z,98.22,98.22,98.11,98.1798
2016-01-11T15:23:00Z,98.1753,98.234,98.11,98.213
2016-01-11T15:24:00Z,98.2153,98.29,98.1401,98.23
2016-01-11T15:25:00Z,98.2358,98.24,98.05,98.205
2016-01-11T15:26:00Z,98.19,98.27,98.13,98.14
2016-01-11T15:27:00Z,98.1406,98.23,98.08,98.18
2016-01-11T15:28:00Z,98.185,98.219,98.03,98.1
2016-01-11T15:29:00Z,98.098,98.13,98.06,98.1199
2016-01-11T15:30:00Z,98.11,98.22,98.105,98.15
2016-01-11T15:31:00Z,98.15,98.17,98.09,98.151
2016-01-11T15:32:00Z,98.16,98.16,98.08,98.13
2016-01-11T15:33:00Z,98.12,98.2,98.08,98.1631
2016-01-11T15:34:00Z,98.1695,98.39,98.15,98.335
2016-01-11T15:35:00Z,98.335,98.38,98.24,98.3
2016-01-11T15:36:00Z,98.2999,98.35,98.2,98.21
2016-01-11T15:37:00Z,98.2162,98.3,98.21,98.24
2016-01-11T15:38:00Z,98.25,98.27,98.17,98.24
2016-01-11T15:39:00Z,98.24,98.24,98.13,98.2
2016-01-11T15:40:00Z,98.19,98.24,98.17,98.1954
2016-01-11T15:41:00Z,98.2,98.273,98.14,98.205
2016-01-11T15:42:00Z,98.19,98.19,98.06,98.09
2016-01-11T15:43:00Z,98.08,98.12,98.01,98.1101
2016-01-11T15:44:00Z,98.1,98.2099,98.1,98.2099
2016-01-11T15:45:00Z,98.19,98.22,98.02,98.0602
2016-01-11T15:46:00Z,98.07,98.14,98.03,98.059
2016-01-11T15:47:00Z,98.05,98.09,97.98,98.01
2016-01-11T15:48:00Z,98,98.08,97.99,97.995
2016-01-11T15:49:00Z,98,98.02,97.85,97.99
2016-01-11T15:50:00Z,98,98.01,97.92,97.93
2016-01-11T15:51:00Z,97.9365,97.95,97.85,97.855
2016-01-11T15:52:00Z,97.86,97.93,97.77,97.78
2016-01-11T15:53:00Z,97.7865,97.84,97.68,97.72
2016-01-11T15:54:00Z,97.72,97.83,97.67,97.795
2016-01-11T15:55:00Z,97.8,97.92,97.8,97.9
2016-01-11T15:56:00Z,97.9,97.91,97.75,97.77
2016-01-11T15:57:00Z,97.7672,97.99,97.7631,97.8599
2016-01-11T15:58:00Z,97.8501,97.8901,97.77,97.83
2016-01-11T15:59:00Z,97.827,97.83,97.69,97.74
2016-01-11T16:00:00Z,97.73,97.7909,97.68,97.76
2016-01-11T16:01:00Z,97.7653,97.7653,97.71,97.741
2016-01-11T16:02:00Z,97.7415,97.78,97.71,97.75
2016-01-11T16:03:00Z,97.75,97.86,97.74,97.78
2016-01-11T16:04:00Z,97.8,97.809,97.61,97.63
2016-01-11T16:05:00Z,97.6205,97.6299,97.5,97.55
2016-01-11T16:06:00Z,97.55,97.69,97.52,97.66
2016-01-11T16:07:00Z,97.67,97.779,97.663,97.74
2016-01-11T16:08:00Z,97.74,97.78,97.665,97.76
2016-01-11T16:09:00Z,97.76,97.77,97.66,97.7399
2016-01-11T16:10:00Z,97.73,97.86,97.716,97.85
2016-01-11T16:11:00Z,97.85,97.87,97.78,97.8692
2016-01-11T16:12:00Z,97.8699,97.87,97.78,97.85
2016-01-11T16:13:00Z,97.8599,97.87,97.78,97.82
2016-01-11T16:14:00Z,97.82,97.87,97.77,97.87
2016-01-11T16:15:00Z,97.85,97.96,97.81,97.96
2016-01-11T16:16:00Z,97.97,97.97,97.89,97.92
2016-01-11T16:17:00Z,97.91,98.08,97.9,98.07
2016-01-11T16:18:00Z,98.07,98.07,97.98,97.98
2016-01-11T16:19:00Z,97.971,98.02,97.83,97.83
2016-01-11T16:20:00Z,97.851,97.89,97.72,97.74
2016-01-11T16:21:00Z,97.74,97.7899,97.69,97.73
2016-01-11T16:22:00Z,97.71,97.81,97.7,97.72
2016-01-11T16:23:00Z,97.743,97.84,97.68,97.82
2016-01-11T16:24:00Z,97.83,97.91,97.8,97.81
2016-01-11T16:25:00Z,97.81,97.81,97.76,97.7761
2016-01-11T16:26:00Z,97.77,97.88,97.75,97.8106
2016-01-11T16:27:00Z,97.8,97.86,97.78,97.78
2016-01-11T16:28:00Z,97.7853,97.87,97.77,97.87
2016-01-11T16:29:00Z,97.87,97.899,97.83,97.84
2016-01-11T16:30:00Z,97.83,97.86,97.74,97.7742
2016-01-11T16:31:00Z,97.77,97.79,97.68,97.75
2016-01-11T16:32:00Z,97.75,97.85,97.71,97.79
2016-01-11T16:33:00Z,97.8,97.9,97.8,97.85
2016-01-11T16:34:00Z,97.87,97.87,97.72,97.7299
2016-01-11T16:35:00Z,97.7399,97.84,97.7,97.84
2016-01-11T16:36:00Z,97.85,98.17,97.845,98.07
2016-01-11T16:37:00Z,98.08,98.94,97.95,98.04
2016-01-11T16:38:00Z,98.03,98.94,98.0229,98.12
2016-01-11T16:39:00Z,98.12,98.15,97.98,98.07
2016-01-11T16:40:00Z,98.08,98.17,98.04,98.11
2016-01-11T16:41:00Z,98.13,98.3,98.13,98.249
2016-01-11T16:42:00Z,98.24,98.2499,98.11,98.22
2016-01-11T16:43:00Z,98.2127,98.24,98.13,98.21
2016-01-11T16:44:00Z,98.21,98.22,98.1,98.178
2016-01-11T16:45:00Z,98.165,98.25,98.16,98.25
2016-01-11T16:46:00Z,98.24,98.29,98.22,98.2458
2016-01-11T16:47:00Z,98.25,98.33,98.2,98.3299
2016-01-11T16:48:00Z,98.317,98.4,98.317,98.38
2016-01-11T16:49:00Z,98.389,98.4,98.269,98.3889
2016-01-11T16:50:00Z,98.38,98.38,98.25,98.36
2016-01-11T16:51:00Z,98.36,98.42,98.36,98.4099
2016-01-11T16:52:00Z,98.41,98.42,98.32,98.3406
2016-01-11T16:53:00Z,98.339,98.46,98.339,98.3915
2016-01-11T16:54:00Z,98.38,98.4,98.35,98.3635
2016-01-11T16:55:00Z,98.36,98.44,98.34,98.362
2016-01-11T16:56:00Z,98.364,98.45,98.33,98.45
2016-01-11T16:57:00Z,98.4453,98.46,98.28,98.29
2016-01-11T16:58:00Z,98.27,98.3025,98.21,98.26
2016-01-11T16:59:00Z,98.2599,98.32,98.25,98.2714
2016-01-11T17:00:00Z,98.28,98.36,98.2753,98.31
2016-01-11T17:01:00Z,98.3,98.3137,98.25,98.2953
2016-01-11T17:02:00Z,98.2978,98.3,98.251,98.28
2016-01-11T17:03:00Z,98.29,98.36,98.26,98.3342
2016-01-11T17:04:00Z,98.3365,98.3499,98.24,98.26
2016-01-11T17:05:00Z,98.26,98.28,98.14,98.22
2016-01-11T17:06:00Z,98.23,98.28,98.21,98.27
2016-01-11T17:07:00Z,98.26,98.36,98.26,98.31
2016-01-11T17:08:00Z,98.31,98.35,98.26,98.27
2016-01-11T17:09:00Z,98.28,98.32,98.26,98.29
2016-01-11T17:10:00Z,98.29,98.34,98.26,98.34
2016-01-11T17:11:00Z,98.34,98.38,98.33,98.37
2016-01-11T17:12:00Z,98.37,98.4001,98.34,98.395
2016-01-11T17:13:00Z,98.395,98.45,98.2799,98.28
2016-01-11T17:14:00Z,98.29,98.33,98.18,98.21
2016-01-11T17:15:00Z,98.21,98.3,98.19,98.3
2016-01-11T17:16:00Z,98.29,98.29,98.22,98.24
2016-01-11T17:17:00Z,98.23,98.2515,98.07,98.09
2016-01-11T17:18:00Z,98.0896,98.13,98.0399,98.05
2016-01-11T17:19:00Z,98.05,98.11,98,98.07
2016-01-11T17:20:00Z,98.0702,98.11,98.0358,98.0358
2016-01-11T17:21:00Z,98.0396,98.04,97.9691,98.0044
2016-01-11T17:22:00Z,97.99,97.99,97.88,97.97
2016-01-11T17:23:00Z,97.96,97.995,97.86,97.9899
2016-01-11T17:24:00Z,97.98,98.0298,97.95,97.96
2016-01-11T17:25:00Z,97.95,97.9753,97.91,97.927
2016-01-11T17:26:00Z,97.92,97.92,97.84,97.86
2016-01-11T17:27:00Z,97.88,97.92,97.83,97.8376
2016-01-11T17:28:00Z,97.84,97.9,97.8,97.8799
2016-01-11T17:29:00Z,97.897,97.9299,97.7805,97.86
2016-01-11T17:30:00Z,97.85,97.96,97.8201,97.9391
2016-01-11T17:31:00Z,97.93,97.99,97.915,97.9465
2016-01-11T17:32:00Z,97.94,98,97.895,97.9
2016-01-11T17:33:00Z,97.9,97.98,97.9,97.97
2016-01-11T17:34:00Z,97.962,98.03,97.962,97.9899
2016-01-11T17:35:00Z,97.98,98.09,97.94,98.075
2016-01-11T17:36:00Z,98.07,98.075,97.98,98.009
2016-01-11T17:37:00Z,98,98.039,97.921,97.94
2016-01-11T17:38:00Z,97.95,98,97.9,97.95
2016-01-11T17:39:00Z,97.95,97.97,97.89,97.915
2016-01-11T17:40:00Z,97.91,97.91,97.8,97.8265
2016-01-11T17:41:00Z,97.82,97.8554,97.76,97.8038
2016-01-11T17:42:00Z,97.8,97.94,97.8,97.895
2016-01-11T17:43:00Z,97.895,97.895,97.7995,97.822
2016-01-11T17:44:00Z,97.83,98,97.819,97.94
2016-01-11T17:45:00Z,97.93,98.03,97.93,98
2016-01-11T17:46:00Z,98,98.0699,97.99,98.04
2016-01-11T17:47:00Z,98.03,98.09,97.94,97.94
2016-01-11T17:48:00Z,97.95,97.99,97.91,97.99
2016-01-11T17:49:00Z,97.992,98.06,97.99,98.02
2016-01-11T17:50:00Z,98.0299,98.06,97.99,98.04
2016-01-11T17:51:00Z,98.04,98.048,97.91,97.98
2016-01-11T17:52:00Z,97.97,98.0015,97.9302,97.99
2016-01-11T17:53:00Z,97.98,98.0346,97.92,97.93
2016-01-11T17:54:00Z,97.93,97.94,97.83,97.85
2016-01-11T17:55:00Z,97.84,97.9199,97.82,97.89
2016-01-11T17:56:00Z,97.89,97.95,97.875,97.9
2016-01-11T17:57:00Z,97.905,98,97.89,98
2016-01-11T17:58:00Z,97.9965,98.06,97.93,97.93
2016-01-11T17:59:00Z,97.93,98.03,97.9096,98.02
2016-01-11T18:00:00Z,98.015,98.065,98.01,98.045
2016-01-11T18:01:00Z,98.04,98.0424,97.86,97.866
2016-01-11T18:02:00Z,97.86,97.9199,97.82,97.8909
2016-01-11T18:03:00Z,97.899,97.97,97.86,97.9642
2016-01-11T18:04:00Z,97.96,98.09,97.93,98.07
2016-01-11T18:05:00Z,98.07,98.09,98.01,98.0501
2016-01-11T18:06:00Z,98.05,98.05,97.91,97.91
2016-01-11T18:07:00Z,97.92,98.023,97.91,97.98
2016-01-11T18:08:00Z,97.99,98,97.9,97.92
2016-01-11T18:09:00Z,97.93,97.96,97.88,97.92
2016-01-11T18:10:00Z,97.92,97.945,97.9,97.91
2016-01-11T18:11:00Z,97.9,97.98,97.9,97.9
2016-01-11T18:12:00Z,97.9,97.905,97.8,97.83
2016-01-11T18:13:00Z,97.8352,97.8352,97.7,97.7275
2016-01-11T18:14:00Z,97.73,97.79,97.7,97.7599
2016-01-11T18:15:00Z,97.76,97.86,97.76,97.82
2016-01-11T18:16:00Z,97.83,97.86,97.81,97.8458
2016-01-11T18:17:00Z,97.84,97.85,97.78,97.841
2016-01-11T18:18:00Z,97.85,98,97.84,97.9787
2016-01-11T18:19:00Z,97.97,98,97.92,97.99
2016-01-11T18:20:00Z,98,98.08,97.98,98.007
2016-01-11T18:21:00Z,98.006,98.07,97.98,98.05
2016-01-11T18:22:00Z,98.063,98.0699,97.975,98.037
2016-01-11T18:23:00Z,98.035,98.19,98.02,98.18
2016-01-11T18:24:00Z,98.19,98.225,98.129,98.13
2016-01-11T18:25:00Z,98.135,98.19,98.07,98.15
2016-01-11T18:26:00Z,98.16,98.16,98.04,98.14
2016-01-11T18:27:00Z,98.15,98.16,98.0105,98.02
2016-01-11T18:28:00Z,98.02,98.07,98.01,98.035
2016-01-11T18:29:00Z,98.04,98.076,97.89,97.9001
2016-01-11T18:30:00Z,97.91,97.98,97.9,97.957
2016-01-11T18:31:00Z,97.9538,98,97.909,98
2016-01-11T18:32:00Z,97.9999,98.02,97.88,97.914
2016-01-11T18:33:00Z,97.9162,97.98,97.91,97.96
2016-01-11T18:34:00Z,97.97,97.984,97.9,97.93
2016-01-11T18:35:00Z,97.921,98,97.86,97.86
2016-01-11T18:36:00Z,97.8599,97.89,97.81,97.8799
2016-01-11T18:37:00Z,97.86,97.87,97.81,97.815
2016-01-11T18:38:00Z,97.82,97.86,97.8,97.8399
2016-01-11T18:39:00Z,97.81,97.95,97.81,97.93
2016-01-11T18:40:00Z,97.9215,97.95,97.9,97.93
2016-01-11T18:41:00Z,97.94,97.94,97.805,97.84
2016-01-11T18:42:00Z,97.84,97.845,97.75,97.751
2016-01-11T18:43:00Z,97.75,97.84,97.75,97.8175
2016-01-11T18:44:00Z,97.82,97.82,97.747,97.8
2016-01-11T18:45:00Z,97.8,97.81,97.7269,97.74
2016-01-11T18:46:00Z,97.7431,97.76,97.7,97.73
2016-01-11T18:47:00Z,97.7358,97.7358,97.67,97.7
2016-01-11T18:48:00Z,97.7,97.72,97.61,97.67
2016-01-11T18:49:00Z,97.66,97.69,97.6,97.64
2016-01-11T18:50:00Z,97.6399,97.7,97.62,97.68
2016-01-11T18:51:00Z,97.68,97.72,97.58,97.719
2016-01-11T18:52:00Z,97.72,97.77,97.68,97.7185
2016-01-11T18:53:00Z,97.7179,97.7656,97.62,97.74
2016-01-11T18:54:00Z,97.73,97.8,97.73,97.7858
2016-01-11T18:55:00Z,97.79,97.84,97.76,97.77
2016-01-11T18:56:00Z,97.76,97.79,97.7,97.77
2016-01-11T18:57:00Z,97.77,97.78,97.72,97.73
2016-01-11T18:58:00Z,97.7301,97.76,97.73,97.745
2016-01-11T18:59:00Z,97.7499,97.789,97.68,97.694
2016-01-11T19:00:00Z,97.6925,97.79,97.69,97.74
2016-01-11T19:01:00Z,97.75,97.79,97.66,97.7002
2016-01-11T19:02:00Z,97.7035,97.7559,97.65,97.66
2016-01-11T19:03:00Z,97.66,97.8,97.64,97.766
2016-01-11T19:04:00Z,97.751,97.96,97.751,97.91
2016-01-11T19:05:00Z,97.91,98,97.88,97.99
2016-01-11T19:06:00Z,97.99,98.035,97.95,97.98
2016-01-11T19:07:00Z,97.97,97.98,97.89,97.9099
2016-01-11T19:08:00Z,97.9,97.91,97.8099,97.8799
2016-01-11T19:09:00Z,97.88,97.98,97.88,97.94
2016-01-11T19:10:00Z,97.93,98.03,97.93,97.96
2016-01-11T19:11:00Z,97.96,98.15,97.94,98.08
2016-01-11T19:12:00Z,98.08,98.12,97.98,98.0336
2016-01-11T19:13:00Z,98.03,98.03,97.87,97.88
2016-01-11T19:14:00Z,97.875,97.96,97.85,97.895
2016-01-11T19:15:00Z,97.89,98,97.89,97.95
2016-01-11T19:16:00Z,97.95,98.06,97.95,98.06
2016-01-11T19:17:00Z,98.06,98.11,98.052,98.06
2016-01-11T19:18:00Z,98.06,98.2,98,98.15
2016-01-11T19:19:00Z,98.15,98.18,98.07,98.12
2016-01-11T19:20:00Z,98.13,98.14,97.97,98
2016-01-11T19:21:00Z,98,98,97.93,97.98
2016-01-11T19:22:00Z,97.971,98.1,97.971,98.02
2016-01-11T19:23:00Z,98.02,98.1801,98.0015,98.1801
2016-01-11T19:24:00Z,98.19,98.21,98.13,98.18
2016-01-11T19:25:00Z,98.19,98.25,98.17,98.25
2016-01-11T19:26:00Z,98.25,98.25,98.19,98.2353
2016-01-11T19:27:00Z,98.231,98.4,98.23,98.391
2016-01-11T19:28:00Z,98.37,98.5,98.37,98.465
2016-01-11T19:29:00Z,98.45,98.46,98.3,98.35
2016-01-11T19:30:00Z,98.36,98.48,98.36,98.47
2016-01-11T19:31:00Z,98.46,98.47,98.4,98.41
2016-01-11T19:32:00Z,98.41,98.46,98.35,98.4199
2016-01-11T19:33:00Z,98.4,98.4723,98.4,98.449
2016-01-11T19:34:00Z,98.4425,98.59,98.4425,98.53
2016-01-11T19:35:00Z,98.53,98.56,98.45,98.53
2016-01-11T19:36:00Z,98.53,98.539,98.35,98.37
2016-01-11T19:37:00Z,98.37,98.4599,98.35,98.4
2016-01-11T19:38:00Z,98.4,98.41,98.3,98.321
2016-01-11T19:39:00Z,98.3219,98.54,98.3219,98.539
2016-01-11T19:40:00Z,98.53,98.54,98.43,98.44
2016-01-11T19:41:00Z,98.43,98.57,98.42,98.5
2016-01-11T19:42:00Z,98.505,98.508,98.38,98.44
2016-01-11T19:43:00Z,98.44,98.49,98.4,98.48
2016-01-11T19:44:00Z,98.485,98.55,98.45,98.475
2016-01-11T19:45:00Z,98.47,98.54,98.41,98.45
2016-01-11T19:46:00Z,98.4401,98.444,98.36,98.414
2016-01-11T19:47:00Z,98.41,98.44,98.3664,98.42
2016-01-11T19:48:00Z,98.415,98.4411,98.3401,98.3401
2016-01-11T19:49:00Z,98.35,98.3553,98.22,98.26
2016-01-11T19:50:00Z,98.26,98.26,98.18,98.201
2016-01-11T19:51:00Z,98.2,98.25,98.1,98.13
2016-01-11T19:52:00Z,98.12,98.2389,98.1,98.1899
2016-01-11T19:53:00Z,98.19,98.195,98.06,98.13
2016-01-11T19:54:00Z,98.12,98.15,98.0699,98.11
2016-01-11T19:55:00Z,98.106,98.1599,98.09,98.12
2016-01-11T19:56:00Z,98.12,98.18,98.08,98.085
2016-01-11T19:57:00Z,98.09,98.0951,97.93,97.9501
2016-01-11T19:58:00Z,97.96,98.06,97.93,97.9996
2016-01-11T19:59:00Z,97.98,98.09,97.98,98.07
