2021-06-04T13:30:00Z,124.07,124.1,123.85,124.03
2021-06-04T13:31:00Z,124.045,124.27,124.04,124.23
2021-06-04T13:32:00Z,124.22,124.31,124.05,124.07
2021-06-04T13:33:00Z,124.05,124.195,124.04,124.1
2021-06-04T13:34:00Z,124.1,124.21,124.09,124.125
2021-06-04T13:35:00Z,124.1201,124.37,124.1201,124.328
2021-06-04T13:36:00Z,124.31,124.4099,124.29,124.3588
2021-06-04T13:37:00Z,124.355,124.455,124.35,124.3684
2021-06-04T13:38:00Z,124.37,124.44,124.35,124.405
2021-06-04T13:39:00Z,124.41,124.45,124.36,124.385
2021-06-04T13:40:00Z,124.385,124.57,124.38,124.49
2021-06-04T13:41:00Z,124.48,124.57,124.42,124.51
2021-06-04T13:42:00Z,124.5,124.545,124.44,124.48
2021-06-04T13:43:00Z,124.475,124.545,124.01,124.503
2021-06-04T13:44:00Z,124.5,124.62,124.49,124.59
2021-06-04T13:45:00Z,124.59,124.8,124.59,124.7499
2021-06-04T13:46:00Z,124.745,124.82,124.6801,124.795
2021-06-04T13:47:00Z,124.795,124.85,124.74,124.76
2021-06-04T13:48:00Z,124.77,124.825,124.76,124.8001
2021-06-04T13:49:00Z,124.805,124.84,124.75,124.82
2021-06-04T13:50:00Z,124.82,124.9001,124.81,124.87
2021-06-04T13:51:00Z,124.88,124.9673,124.8309,124.8575
2021-06-04T13:52:00Z,124.855,124.9,124.7101,124.73
2021-06-04T13:53:00Z,124.735,124.85,124.7322,124.7901
2021-06-04T13:54:00Z,124.8,124.87,124.7473,124.76
2021-06-04T13:55:00Z,124.7589,124.87,124.7589,124.86
2021-06-04T13:56:00Z,124.86,124.93,124.86,124.9
2021-06-04T13:57:00Z,124.9,124.9199,124.85,124.897
2021-06-04T13:58:00Z,124.8901,125,124.8901,124.95
2021-06-04T13:59:00Z,124.9599,124.9599,124.86,124.925
2021-06-04T14:00:00Z,124.9244,125.05,124.9244,125.01
2021-06-04T14:01:00Z,125.0052,125.13,125.005,125.12
2021-06-04T14:02:00Z,125.1182,125.35,125.1182,125.3488
2021-06-04T14:03:00Z,125.3401,125.36,125.21,125.3
2021-06-04T14:04:00Z,125.31,125.34,125.2,125.25
2021-06-04T14:05:00Z,125.25,125.265,125.16,125.195
2021-06-04T14:06:00Z,125.2,125.2707,125.18,125.19
2021-06-04T14:07:00Z,125.19,125.24,125.11,125.1375
2021-06-04T14:08:00Z,125.14,125.19,125.109,125.18
2021-06-04T14:09:00Z,125.18,125.19,125.07,125.09
2021-06-04T14:10:00Z,125.1,125.19,125.09,125.1499
2021-06-04T14:11:00Z,125.15,125.17,125.1122,125.13
2021-06-04T14:12:00Z,125.13,125.19,125.1066,125.161
2021-06-04T14:13:00Z,125.17,125.2,125.15,125.19
2021-06-04T14:14:00Z,125.184,125.21,125.045,125.08
2021-06-04T14:15:00Z,125.09,125.13,125.01,125.0499
2021-06-04T14:16:00Z,125.05,125.14,125.04,125.06
2021-06-04T14:17:00Z,125.06,125.105,125.025,125.0366
2021-06-04T14:18:00Z,125.04,125.05,124.93,124.935
2021-06-04T14:19:00Z,124.94,124.96,124.88,124.911
2021-06-04T14:20:00Z,124.92,124.948,124.86,124.8829
2021-06-04T14:21:00Z,124.8839,124.94,124.87,124.915
2021-06-04T14:22:00Z,124.9199,124.95,124.8825,124.92
2021-06-04T14:23:00Z,124.92,124.99,124.91,124.975
2021-06-04T14:24:00Z,124.975,124.9885,124.94,124.9656
2021-06-04T14:25:00Z,124.96,124.99,124.9,124.905
2021-06-04T14:26:00Z,124.91,124.935,124.82,124.845
2021-06-04T14:27:00Z,124.85,124.9099,124.85,124.86
2021-06-04T14:28:00Z,124.865,124.92,124.84,124.875
2021-06-04T14:29:00Z,124.88,124.9079,124.77,124.83
2021-06-04T14:30:00Z,124.835,124.88,124.79,124.8
2021-06-04T14:31:00Z,124.8,124.83,124.78,124.8131
2021-06-04T14:32:00Z,124.82,124.88,124.81,124.835
2021-06-04T14:33:00Z,124.84,124.9,124.78,124.8999
2021-06-04T14:34:00Z,124.9,124.91,124.83,124.83
2021-06-04T14:35:00Z,124.84,124.9099,124.791,124.89
2021-06-04T14:36:00Z,124.8885,124.94,124.88,124.89
2021-06-04T14:37:00Z,124.895,124.91,124.8592,124.8899
2021-06-04T14:38:00Z,124.885,124.95,124.85,124.94
2021-06-04T14:39:00Z,124.94,124.96,124.89,124.92
2021-06-04T14:40:00Z,124.93,124.95,124.9,124.935
2021-06-04T14:41:00Z,124.955,125.05,124.955,125.015
2021-06-04T14:42:00Z,125.02,125.05,124.955,124.9699
2021-06-04T14:43:00Z,124.96,125.05,124.957,125.025
2021-06-04T14:44:00Z,125.02,125.04,124.92,124.925
2021-06-04T14:45:00Z,124.9206,124.96,124.89,124.91
2021-06-04T14:46:00Z,124.91,124.95,124.863,124.93
2021-06-04T14:47:00Z,124.9299,125.08,124.9299,125.0457
2021-06-04T14:48:00Z,125.05,125.08,125.02,125.07
2021-06-04T14:49:00Z,125.08,125.11,125.06,125.065
2021-06-04T14:50:00Z,125.06,125.1,125.0401,125.085
2021-06-04T14:51:00Z,125.0899,125.09,125.04,125.065
2021-06-04T14:52:00Z,125.075,125.09,125.063,125.08
2021-06-04T14:53:00Z,125.07,125.105,125.06,125.0769
2021-06-04T14:54:00Z,125.0799,125.14,125.07,125.14
2021-06-04T14:55:00Z,125.13,125.18,125.11,125.175
2021-06-04T14:56:00Z,125.175,125.175,125.12,125.12
2021-06-04T14:57:00Z,125.1201,125.13,125.01,125.0176
2021-06-04T14:58:00Z,125.015,125.03,124.945,124.983
2021-06-04T14:59:00Z,124.985,125.03,124.96,124.9699
2021-06-04T15:00:00Z,124.965,125.01,124.87,124.88
2021-06-04T15:01:00Z,124.89,124.965,124.89,124.93
2021-06-04T15:02:00Z,124.92,124.9493,124.91,124.91
2021-06-04T15:03:00Z,124.91,124.94,124.88,124.939
2021-06-04T15:04:00Z,124.94,124.97,124.94,124.96
2021-06-04T15:05:00Z,124.96,125.03,124.96,125.0115
2021-06-04T15:06:00Z,125.015,125.02,124.96,124.965
2021-06-04T15:07:00Z,124.9699,124.995,124.95,124.985
2021-06-04T15:08:00Z,124.985,124.99,124.91,124.92
2021-06-04T15:09:00Z,124.9199,125,124.89,125
2021-06-04T15:10:00Z,125,125.03,124.95,125.0221
2021-06-04T15:11:00Z,125.0246,125.04,125,125.03
2021-06-04T15:12:00Z,125.03,125.04,125.01,125.035
2021-06-04T15:13:00Z,125.04,125.115,125.04,125.11
2021-06-04T15:14:00Z,125.11,125.13,125.09,125.1043
2021-06-04T15:15:00Z,125.11,125.18,125.11,125.125
2021-06-04T15:16:00Z,125.125,125.2,125.12,125.175
2021-06-04T15:17:00Z,125.17,125.22,125.15,125.21
2021-06-04T15:18:00Z,125.2182,125.23,125.2,125.21
2021-06-04T15:19:00Z,125.215,125.24,125.21,125.2399
2021-06-04T15:20:00Z,125.2301,125.29,125.23,125.285
2021-06-04T15:21:00Z,125.285,125.3,125.27,125.28
2021-06-04T15:22:00Z,125.2801,125.295,125.23,125.265
2021-06-04T15:23:00Z,125.27,125.3,125.25,125.3
2021-06-04T15:24:00Z,125.295,125.345,125.2909,125.3344
2021-06-04T15:25:00Z,125.3342,125.35,125.32,125.32
2021-06-04T15:26:00Z,125.3278,125.35,125.32,125.34
2021-06-04T15:27:00Z,125.34,125.36,125.31,125.32
2021-06-04T15:28:00Z,125.325,125.325,125.27,125.295
2021-06-04T15:29:00Z,125.295,125.375,125.265,125.37
2021-06-04T15:30:00Z,125.37,125.385,125.3,125.33
2021-06-04T15:31:00Z,125.33,125.335,125.27,125.28
2021-06-04T15:32:00Z,125.27,125.28,125.21,125.225
2021-06-04T15:33:00Z,125.2229,125.23,125.2,125.2103
2021-06-04T15:34:00Z,125.2164,125.22,125.14,125.1533
2021-06-04T15:35:00Z,125.16,125.2,125.11,125.14
2021-06-04T15:36:00Z,125.135,125.18,125.13,125.17
2021-06-04T15:37:00Z,125.18,125.19,125.1,125.13
2021-06-04T15:38:00Z,125.13,125.135,125.08,125.115
2021-06-04T15:39:00Z,125.12,125.1577,125.11,125.115
2021-06-04T15:40:00Z,125.1199,125.1487,125.095,125.115
2021-06-04T15:41:00Z,125.12,125.16,125.1,125.12
2021-06-04T15:42:00Z,125.1182,125.13,125.0556,125.0583
2021-06-04T15:43:00Z,125.06,125.075,125.02,125.065
2021-06-04T15:44:00Z,125.065,125.15,125.065,125.135
2021-06-04T15:45:00Z,125.1339,125.15,125.09,125.1301
2021-06-04T15:46:00Z,125.14,125.1699,125.1191,125.157
2021-06-04T15:47:00Z,125.1514,125.17,125.115,125.115
2021-06-04T15:48:00Z,125.12,125.14,125.11,125.135
2021-06-04T15:49:00Z,125.135,125.145,125.1001,125.115
2021-06-04T15:50:00Z,125.12,125.14,125.105,125.115
2021-06-04T15:51:00Z,125.115,125.13,125.1,125.101
2021-06-04T15:52:00Z,125.1,125.1381,125.1,125.13
2021-06-04T15:53:00Z,125.135,125.14,125.09,125.1
2021-06-04T15:54:00Z,125.1001,125.1001,125.05,125.07
2021-06-04T15:55:00Z,125.0745,125.11,125.06,125.075
2021-06-04T15:56:00Z,125.0766,125.09,125.06,125.06
2021-06-04T15:57:00Z,125.0629,125.1,125.06,125.0878
2021-06-04T15:58:00Z,125.0859,125.11,125.06,125.095
2021-06-04T15:59:00Z,125.0999,125.1082,125.07,125.1
2021-06-04T16:00:00Z,125.11,125.13,124.98,125
2021-06-04T16:01:00Z,125,125.07,124.995,125.0431
2021-06-04T16:02:00Z,125.04,125.06,125.03,125.035
2021-06-04T16:03:00Z,125.037,125.05,125.01,125.025
2021-06-04T16:04:00Z,125.02,125.03,125,125.025
2021-06-04T16:05:00Z,125.02,125.05,125.01,125.0499
2021-06-04T16:06:00Z,125.045,125.08,125.045,125.07
2021-06-04T16:07:00Z,125.075,125.11,125.0716,125.0916
2021-06-04T16:08:00Z,125.0972,125.15,125.09,125.15
2021-06-04T16:09:00Z,125.1456,125.16,125.13,125.155
2021-06-04T16:10:00Z,125.16,125.22,125.1595,125.215
2021-06-04T16:11:00Z,125.22,125.25,125.21,125.2421
2021-06-04T16:12:00Z,125.245,125.29,125.24,125.28
2021-06-04T16:13:00Z,125.28,125.31,125.25,125.308
2021-06-04T16:14:00Z,125.305,125.34,125.28,125.32
2021-06-04T16:15:00Z,125.3201,125.3275,125.271,125.28
2021-06-04T16:16:00Z,125.29,125.29,125.24,125.27
2021-06-04T16:17:00Z,125.265,125.28,125.25,125.26
2021-06-04T16:18:00Z,125.2601,125.37,125.2601,125.37
2021-06-04T16:19:00Z,125.37,125.41,125.35,125.405
2021-06-04T16:20:00Z,125.41,125.48,125.4,125.4687
2021-06-04T16:21:00Z,125.465,125.6,125.4614,125.5699
2021-06-04T16:22:00Z,125.5698,125.67,125.5698,125.645
2021-06-04T16:23:00Z,125.6499,125.67,125.61,125.6599
2021-06-04T16:24:00Z,125.66,125.74,125.66,125.685
2021-06-04T16:25:00Z,125.6845,125.73,125.66,125.705
2021-06-04T16:26:00Z,125.7,125.745,125.6986,125.735
2021-06-04T16:27:00Z,125.7365,125.865,125.73,125.84
2021-06-04T16:28:00Z,125.83,125.85,125.79,125.825
2021-06-04T16:29:00Z,125.825,125.84,125.79,125.8
2021-06-04T16:30:00Z,125.795,125.84,125.79,125.83
2021-06-04T16:31:00Z,125.8286,125.875,125.81,125.87
2021-06-04T16:32:00Z,125.87,125.9,125.83,125.8627
2021-06-04T16:33:00Z,125.87,125.95,125.87,125.949
2021-06-04T16:34:00Z,125.9419,125.95,125.91,125.915
2021-06-04T16:35:00Z,125.915,125.93,125.86,125.8782
2021-06-04T16:36:00Z,125.875,125.9193,125.865,125.8827
2021-06-04T16:37:00Z,125.8826,125.93,125.88,125.9001
2021-06-04T16:38:00Z,125.91,125.9172,125.84,125.855
2021-06-04T16:39:00Z,125.86,125.91,125.84,125.885
2021-06-04T16:40:00Z,125.88,125.9077,125.86,125.8896
2021-06-04T16:41:00Z,125.886,125.9,125.83,125.8399
2021-06-04T16:42:00Z,125.8352,125.85,125.805,125.8163
2021-06-04T16:43:00Z,125.81,125.82,125.7775,125.79
2021-06-04T16:44:00Z,125.7987,125.82,125.75,125.778
2021-06-04T16:45:00Z,125.779,125.79,125.74,125.7683
2021-06-04T16:46:00Z,125.77,125.79,125.75,125.765
2021-06-04T16:47:00Z,125.77,125.83,125.765,125.815
2021-06-04T16:48:00Z,125.815,125.83,125.8,125.815
2021-06-04T16:49:00Z,125.8131,125.86,125.8,125.86
2021-06-04T16:50:00Z,125.8599,125.91,125.85,125.89
2021-06-04T16:51:00Z,125.8857,125.8876,125.75,125.7668
2021-06-04T16:52:00Z,125.76,125.77,125.71,125.7189
2021-06-04T16:53:00Z,125.715,125.76,125.7,125.705
2021-06-04T16:54:00Z,125.7014,125.71,125.62,125.625
2021-06-04T16:55:00Z,125.62,125.67,125.605,125.63
2021-06-04T16:56:00Z,125.6339,125.6499,125.6,125.605
2021-06-04T16:57:00Z,125.61,125.63,125.6,125.62
2021-06-04T16:58:00Z,125.63,125.67,125.63,125.64
2021-06-04T16:59:00Z,125.64,125.67,125.62,125.6499
2021-06-04T17:00:00Z,125.65,125.665,125.6119,125.65
2021-06-04T17:01:00Z,125.6553,125.669,125.62,125.65
2021-06-04T17:02:00Z,125.6512,125.66,125.6201,125.625
2021-06-04T17:03:00Z,125.625,125.64,125.61,125.635
2021-06-04T17:04:00Z,125.6383,125.6383,125.6,125.6279
2021-06-04T17:05:00Z,125.625,125.66,125.61,125.63
2021-06-04T17:06:00Z,125.62,125.6217,125.56,125.6
2021-06-04T17:07:00Z,125.605,125.61,125.52,125.5312
2021-06-04T17:08:00Z,125.535,125.55,125.5,125.515
2021-06-04T17:09:00Z,125.5101,125.54,125.5,125.52
2021-06-04T17:10:00Z,125.525,125.56,125.5,125.545
2021-06-04T17:11:00Z,125.54,125.5899,125.53,125.585
2021-06-04T17:12:00Z,125.587,125.62,125.58,125.5877
2021-06-04T17:13:00Z,125.5884,125.59,125.57,125.5701
2021-06-04T17:14:00Z,125.575,125.63,125.575,125.6131
2021-06-04T17:15:00Z,125.61,125.62,125.58,125.58
2021-06-04T17:16:00Z,125.59,125.595,125.55,125.585
2021-06-04T17:17:00Z,125.5883,125.63,125.5836,125.6201
2021-06-04T17:18:00Z,125.6222,125.6499,125.62,125.6352
2021-06-04T17:19:00Z,125.6381,125.6388,125.595,125.605
2021-06-04T17:20:00Z,125.6017,125.61,125.54,125.546
2021-06-04T17:21:00Z,125.548,125.57,125.525,125.565
2021-06-04T17:22:00Z,125.57,125.59,125.515,125.5194
2021-06-04T17:23:00Z,125.515,125.53,125.5,125.5223
2021-06-04T17:24:00Z,125.5201,125.56,125.5201,125.5345
2021-06-04T17:25:00Z,125.5348,125.565,125.5301,125.55
2021-06-04T17:26:00Z,125.55,125.55,125.53,125.5319
2021-06-04T17:27:00Z,125.535,125.5479,125.5,125.525
2021-06-04T17:28:00Z,125.5275,125.5299,125.48,125.4966
2021-06-04T17:29:00Z,125.495,125.509,125.48,125.5
2021-06-04T17:30:00Z,125.5,125.54,125.5,125.5334
2021-06-04T17:31:00Z,125.54,125.58,125.54,125.5699
2021-06-04T17:32:00Z,125.565,125.605,125.54,125.605
2021-06-04T17:33:00Z,125.6,125.685,125.6,125.685
2021-06-04T17:34:00Z,125.6882,125.715,125.65,125.6723
2021-06-04T17:35:00Z,125.673,125.69,125.65,125.6748
2021-06-04T17:36:00Z,125.675,125.7,125.652,125.6801
2021-06-04T17:37:00Z,125.685,125.71,125.68,125.695
2021-06-04T17:38:00Z,125.693,125.7,125.62,125.6292
2021-06-04T17:39:00Z,125.63,125.65,125.62,125.63
2021-06-04T17:40:00Z,125.64,125.7,125.64,125.7
2021-06-04T17:41:00Z,125.6947,125.7,125.66,125.695
2021-06-04T17:42:00Z,125.699,125.77,125.685,125.7027
2021-06-04T17:43:00Z,125.705,125.7169,125.68,125.69
2021-06-04T17:44:00Z,125.7,125.7299,125.67,125.7109
2021-06-04T17:45:00Z,125.715,125.7151,125.67,125.6809
2021-06-04T17:46:00Z,125.689,125.72,125.68,125.7156
2021-06-04T17:47:00Z,125.715,125.725,125.7,125.715
2021-06-04T17:48:00Z,125.713,125.75,125.71,125.7474
2021-06-04T17:49:00Z,125.7487,125.78,125.74,125.7799
2021-06-04T17:50:00Z,125.7783,125.79,125.75,125.76
2021-06-04T17:51:00Z,125.765,125.775,125.715,125.7299
2021-06-04T17:52:00Z,125.725,125.73,125.64,125.725
2021-06-04T17:53:00Z,125.7251,125.74,125.69,125.699
2021-06-04T17:54:00Z,125.695,125.695,125.67,125.6799
2021-06-04T17:55:00Z,125.67,125.685,125.66,125.6801
2021-06-04T17:56:00Z,125.685,125.72,125.67,125.6781
2021-06-04T17:57:00Z,125.6701,125.7,125.67,125.68
2021-06-04T17:58:00Z,125.67,125.67,125.65,125.6579
2021-06-04T17:59:00Z,125.6541,125.69,125.6501,125.68
2021-06-04T18:00:00Z,125.6825,125.74,125.67,125.74
2021-06-04T18:01:00Z,125.738,125.74,125.7,125.735
2021-06-04T18:02:00Z,125.7376,125.74,125.685,125.74
2021-06-04T18:03:00Z,125.745,125.75,125.65,125.655
2021-06-04T18:04:00Z,125.655,125.67,125.65,125.65
2021-06-04T18:05:00Z,125.6571,125.7199,125.65,125.7
2021-06-04T18:06:00Z,125.71,125.76,125.705,125.75
2021-06-04T18:07:00Z,125.745,125.77,125.745,125.76
2021-06-04T18:08:00Z,125.7616,125.77,125.74,125.765
2021-06-04T18:09:00Z,125.7603,125.765,125.74,125.765
2021-06-04T18:10:00Z,125.765,125.78,125.74,125.74
2021-06-04T18:11:00Z,125.75,125.76,125.7,125.705
2021-06-04T18:12:00Z,125.705,125.71,125.68,125.685
2021-06-04T18:13:00Z,125.69,125.7075,125.64,125.65
2021-06-04T18:14:00Z,125.655,125.67,125.62,125.66
2021-06-04T18:15:00Z,125.67,125.74,125.66,125.73
2021-06-04T18:16:00Z,125.735,125.75,125.71,125.725
2021-06-04T18:17:00Z,125.725,125.75,125.7215,125.735
2021-06-04T18:18:00Z,125.74,125.74,125.7,125.7305
2021-06-04T18:19:00Z,125.74,125.77,125.73,125.765
2021-06-04T18:20:00Z,125.7671,125.775,125.75,125.7515
2021-06-04T18:21:00Z,125.76,125.765,125.745,125.7599
2021-06-04T18:22:00Z,125.755,125.77,125.75,125.765
2021-06-04T18:23:00Z,125.77,125.78,125.7355,125.77
2021-06-04T18:24:00Z,125.77,125.78,125.74,125.745
2021-06-04T18:25:00Z,125.745,125.775,125.7401,125.77
2021-06-04T18:26:00Z,125.775,125.795,125.77,125.775
2021-06-04T18:27:00Z,125.78,125.81,125.775,125.805
2021-06-04T18:28:00Z,125.8017,125.8099,125.77,125.78
2021-06-04T18:29:00Z,125.78,125.785,125.76,125.76
2021-06-04T18:30:00Z,125.77,125.8,125.76,125.79
2021-06-04T18:31:00Z,125.8,125.8699,125.7928,125.8627
2021-06-04T18:32:00Z,125.865,125.87,125.84,125.85
2021-06-04T18:33:00Z,125.85,125.9,125.85,125.9
2021-06-04T18:34:00Z,125.9,125.9,125.8481,125.877
2021-06-04T18:35:00Z,125.875,125.88,125.8624,125.8749
2021-06-04T18:36:00Z,125.875,125.89,125.86,125.875
2021-06-04T18:37:00Z,125.875,125.89,125.87,125.88
2021-06-04T18:38:00Z,125.88,125.9,125.87,125.89
2021-06-04T18:39:00Z,125.89,125.9,125.8848,125.8924
2021-06-04T18:40:00Z,125.8922,125.9,125.8855,125.89
2021-06-04T18:41:00Z,125.89,125.8965,125.87,125.87
2021-06-04T18:42:00Z,125.8778,125.9,125.87,125.89
2021-06-04T18:43:00Z,125.885,125.89,125.86,125.89
2021-06-04T18:44:00Z,125.885,125.96,125.88,125.955
2021-06-04T18:45:00Z,125.955,126,125.95,125.9901
2021-06-04T18:46:00Z,125.99,126,125.96,125.993
2021-06-04T18:47:00Z,125.995,126.05,125.98,126.045
2021-06-04T18:48:00Z,126.045,126.1199,126.03,126.11
2021-06-04T18:49:00Z,126.115,126.1599,126.115,126.135
2021-06-04T18:50:00Z,126.1399,126.1399,126.07,126.095
2021-06-04T18:51:00Z,126.0983,126.1,126.05,126.1
2021-06-04T18:52:00Z,126.0942,126.11,126.08,126.0974
2021-06-04T18:53:00Z,126.0901,126.14,126.09,126.1201
2021-06-04T18:54:00Z,126.13,126.13,126.09,126.1117
2021-06-04T18:55:00Z,126.11,126.16,126.11,126.145
2021-06-04T18:56:00Z,126.145,126.15,126.13,126.14
2021-06-04T18:57:00Z,126.15,126.15,126.12,126.14
2021-06-04T18:58:00Z,126.135,126.14,126.08,126.09
2021-06-04T18:59:00Z,126.09,126.1,126.0401,126.0547
2021-06-04T19:00:00Z,126.06,126.06,126.01,126.0399
2021-06-04T19:01:00Z,126.03,126.05,126.01,126.0199
2021-06-04T19:02:00Z,126.01,126.03,125.97,126.005
2021-06-04T19:03:00Z,126.005,126.01,125.955,125.97
2021-06-04T19:04:00Z,125.979,125.9799,125.94,125.97
2021-06-04T19:05:00Z,125.965,126.01,125.9629,126.0028
2021-06-04T19:06:00Z,126.0065,126.01,125.98,125.9899
2021-06-04T19:07:00Z,125.9899,126,125.97,125.9966
2021-06-04T19:08:00Z,125.998,126.02,125.9901,126.02
2021-06-04T19:09:00Z,126.02,126.02,125.98,125.981
2021-06-04T19:10:00Z,125.985,125.99,125.97,125.97
2021-06-04T19:11:00Z,125.9676,125.975,125.89,125.89
2021-06-04T19:12:00Z,125.8991,125.91,125.88,125.885
2021-06-04T19:13:00Z,125.885,125.9,125.85,125.86
2021-06-04T19:14:00Z,125.85,125.87,125.82,125.825
2021-06-04T19:15:00Z,125.825,125.825,125.8,125.81
2021-06-04T19:16:00Z,125.815,125.86,125.81,125.8367
2021-06-04T19:17:00Z,125.84,125.84,125.81,125.813
2021-06-04T19:18:00Z,125.8199,125.83,125.81,125.8101
2021-06-04T19:19:00Z,125.8199,125.83,125.81,125.825
2021-06-04T19:20:00Z,125.8299,125.83,125.81,125.8101
2021-06-04T19:21:00Z,125.815,125.82,125.79,125.79
2021-06-04T19:22:00Z,125.785,125.785,125.72,125.7267
2021-06-04T19:23:00Z,125.725,125.76,125.72,125.735
2021-06-04T19:24:00Z,125.73,125.757,125.71,125.757
2021-06-04T19:25:00Z,125.75,125.77,125.75,125.755
2021-06-04T19:26:00Z,125.7513,125.76,125.72,125.73
2021-06-04T19:27:00Z,125.73,125.73,125.66,125.665
2021-06-04T19:28:00Z,125.66,125.68,125.635,125.675
2021-06-04T19:29:00Z,125.675,125.685,125.63,125.63
2021-06-04T19:30:00Z,125.63,125.65,125.6,125.6
2021-06-04T19:31:00Z,125.6017,125.61,125.54,125.5605
2021-06-04T19:32:00Z,125.565,125.58,125.52,125.5299
2021-06-04T19:33:00Z,125.525,125.57,125.51,125.56
2021-06-04T19:34:00Z,125.565,125.57,125.54,125.55
2021-06-04T19:35:00Z,125.54,125.58,125.5201,125.565
2021-06-04T19:36:00Z,125.56,125.58,125.53,125.5616
2021-06-04T19:37:00Z,125.565,125.57,125.54,125.57
2021-06-04T19:38:00Z,125.565,125.63,125.56,125.6
2021-06-04T19:39:00Z,125.595,125.6,125.55,125.55
2021-06-04T19:40:00Z,125.5599,125.575,125.53,125.565
2021-06-04T19:41:00Z,125.5622,125.565,125.51,125.535
2021-06-04T19:42:00Z,125.535,125.54,125.495,125.5101
2021-06-04T19:43:00Z,125.51,125.57,125.5,125.565
2021-06-04T19:44:00Z,125.565,125.72,125.5646,125.715
2021-06-04T19:45:00Z,125.7199,125.78,125.67,125.77
2021-06-04T19:46:00Z,125.765,125.77,125.73,125.7598
2021-06-04T19:47:00Z,125.75,125.8,125.74,125.795
2021-06-04T19:48:00Z,125.795,125.8,125.76,125.7865
2021-06-04T19:49:00Z,125.785,125.82,125.78,125.82
2021-06-04T19:50:00Z,125.82,125.94,125.81,125.92
2021-06-04T19:51:00Z,125.92,125.925,125.88,125.897
2021-06-04T19:52:00Z,125.892,125.97,125.875,125.96
2021-06-04T19:53:00Z,125.97,126,125.965,125.9822
2021-06-04T19:54:00Z,125.9823,126.05,125.9,125.915
2021-06-04T19:55:00Z,125.92,125.98,125.915,125.945
2021-06-04T19:56:00Z,125.945,125.95,125.85,125.855
2021-06-04T19:57:00Z,125.855,125.905,125.85,125.865
2021-06-04T19:58:00Z,125.865,125.87,125.8101,125.865
2021-06-04T19:59:00Z,125.87,125.9,125.82,125.88
