2020-10-20T13:30:00Z,116.23,116.33,115.99,116.221
2020-10-20T13:31:00Z,116.207,116.55,116,116.4499
2020-10-20T13:32:00Z,116.44,116.75,116.17,116.58
2020-10-20T13:33:00Z,116.6,116.71,116.42,116.42
2020-10-20T13:34:00Z,116.43,116.6096,116.25,116.36
2020-10-20T13:35:00Z,116.39,116.46,116.17,116.355
2020-10-20T13:36:00Z,116.3521,116.355,115.76,115.89
2020-10-20T13:37:00Z,115.88,116.055,115.6304,115.93
2020-10-20T13:38:00Z,115.93,116.1318,115.85,115.9
2020-10-20T13:39:00Z,115.89,116.01,115.69,115.8415
2020-10-20T13:40:00Z,115.86,116.09,115.63,115.9841
2020-10-20T13:41:00Z,115.97,116.35,115.96,116.293
2020-10-20T13:42:00Z,116.2931,116.3198,116.04,116.08
2020-10-20T13:43:00Z,116.09,116.18,116.0315,116.12
2020-10-20T13:44:00Z,116.1,116.24,116.04,116.22
2020-10-20T13:45:00Z,116.24,116.6,116.22,116.37
2020-10-20T13:46:00Z,116.37,116.5688,116.23,116.5688
2020-10-20T13:47:00Z,116.555,116.69,116.4601,116.6332
2020-10-20T13:48:00Z,116.65,116.82,116.53,116.76
2020-10-20T13:49:00Z,116.75,116.7685,116.53,116.55
2020-10-20T13:50:00Z,116.55,116.59,116.33,116.58
2020-10-20T13:51:00Z,116.5899,116.59,116.28,116.34
2020-10-20T13:52:00Z,116.35,116.35,116.11,116.295
2020-10-20T13:53:00Z,116.295,116.44,116.25,116.3199
2020-10-20T13:54:00Z,116.32,116.47,116.21,116.21
2020-10-20T13:55:00Z,116.22,116.54,116.2,116.525
2020-10-20T13:56:00Z,116.5314,116.78,116.44,116.71
2020-10-20T13:57:00Z,116.7363,116.99,116.71,116.91
2020-10-20T13:58:00Z,116.92,117.03,116.82,116.96
2020-10-20T13:59:00Z,116.96,117.07,116.8915,117.05
2020-10-20T14:00:00Z,117.0299,117.0399,116.8477,116.98
2020-10-20T14:01:00Z,116.98,117.1,116.93,116.965
2020-10-20T14:02:00Z,116.97,117.1,116.83,116.8699
2020-10-20T14:03:00Z,116.85,117.04,116.85,116.9458
2020-10-20T14:04:00Z,116.9449,117.2207,116.9449,117.2207
2020-10-20T14:05:00Z,117.23,117.47,117.1101,117.4302
2020-10-20T14:06:00Z,117.455,117.57,117.34,117.5337
2020-10-20T14:07:00Z,117.54,117.62,117.5,117.51
2020-10-20T14:08:00Z,117.5067,117.61,117.49,117.54
2020-10-20T14:09:00Z,117.5383,117.57,117.37,117.43
2020-10-20T14:10:00Z,117.421,117.56,117.42,117.51
2020-10-20T14:11:00Z,117.5,117.6,117.3,117.3648
2020-10-20T14:12:00Z,117.365,117.4399,117.26,117.4075
2020-10-20T14:13:00Z,117.405,117.475,117.35,117.37
2020-10-20T14:14:00Z,117.385,117.4135,117.22,117.2301
2020-10-20T14:15:00Z,117.26,117.35,117.13,117.235
2020-10-20T14:16:00Z,117.23,117.25,117.1301,117.1981
2020-10-20T14:17:00Z,117.2,117.37,117.2,117.35
2020-10-20T14:18:00Z,117.3573,117.49,117.26,117.36
2020-10-20T14:19:00Z,117.35,117.35,117.11,117.2
2020-10-20T14:20:00Z,117.2059,117.26,117.12,117.1312
2020-10-20T14:21:00Z,117.136,117.33,117.1326,117.22
2020-10-20T14:22:00Z,117.22,117.29,117.0901,117.13
2020-10-20T14:23:00Z,117.135,117.312,117.12,117.29
2020-10-20T14:24:00Z,117.28,117.4,117.17,117.1907
2020-10-20T14:25:00Z,117.1801,117.2399,117.0901,117.1556
2020-10-20T14:26:00Z,117.16,117.22,116.95,116.95
2020-10-20T14:27:00Z,116.95,117.04,116.85,116.9785
2020-10-20T14:28:00Z,116.98,117.05,116.77,116.92
2020-10-20T14:29:00Z,116.911,117,116.83,116.875
2020-10-20T14:30:00Z,116.8808,117.06,116.84,117.01
2020-10-20T14:31:00Z,117.01,117.165,116.9,117.08
2020-10-20T14:32:00Z,117.09,117.16,117.05,117.1499
2020-10-20T14:33:00Z,117.1471,117.2235,117.06,117.175
2020-10-20T14:34:00Z,117.17,117.2798,117.04,117.096
2020-10-20T14:35:00Z,117.093,117.18,116.95,117.1393
2020-10-20T14:36:00Z,117.13,117.17,116.94,116.99
2020-10-20T14:37:00Z,116.995,117,116.75,116.7634
2020-10-20T14:38:00Z,116.76,116.89,116.76,116.8441
2020-10-20T14:39:00Z,116.86,116.93,116.85,116.89
2020-10-20T14:40:00Z,116.9,116.95,116.72,116.8014
2020-10-20T14:41:00Z,116.83,116.83,116.66,116.755
2020-10-20T14:42:00Z,116.755,116.8085,116.52,116.5899
2020-10-20T14:43:00Z,116.5828,116.71,116.51,116.69
2020-10-20T14:44:00Z,116.68,116.8293,116.67,116.785
2020-10-20T14:45:00Z,116.7801,116.89,116.77,116.775
2020-10-20T14:46:00Z,116.777,116.78,116.54,116.55
2020-10-20T14:47:00Z,116.5561,116.56,116.3202,116.4619
2020-10-20T14:48:00Z,116.4564,116.49,116.32,116.4599
2020-10-20T14:49:00Z,116.45,116.46,116.31,116.37
2020-10-20T14:50:00Z,116.3675,116.49,116.27,116.485
2020-10-20T14:51:00Z,116.48,116.56,116.39,116.56
2020-10-20T14:52:00Z,116.56,116.56,116.38,116.4901
2020-10-20T14:53:00Z,116.48,116.54,116.4224,116.5101
2020-10-20T14:54:00Z,116.5198,116.5399,116.31,116.43
2020-10-20T14:55:00Z,116.417,116.54,116.27,116.29
2020-10-20T14:56:00Z,116.31,116.37,116.26,116.305
2020-10-20T14:57:00Z,116.31,116.3299,116.21,116.29
2020-10-20T14:58:00Z,116.295,116.4442,116.27,116.42
2020-10-20T14:59:00Z,116.43,116.52,116.4,116.41
2020-10-20T15:00:00Z,116.41,116.43,116.1,116.13
2020-10-20T15:01:00Z,116.1201,116.15,115.97,116.06
2020-10-20T15:02:00Z,116.0693,116.09,115.93,116.0898
2020-10-20T15:03:00Z,116.0871,116.15,116.03,116.13
2020-10-20T15:04:00Z,116.14,116.1999,116.03,116.18
2020-10-20T15:05:00Z,116.17,116.23,116.0524,116.1648
2020-10-20T15:06:00Z,116.17,116.2393,116.14,116.205
2020-10-20T15:07:00Z,116.21,116.36,116.17,116.3599
2020-10-20T15:08:00Z,116.36,116.3899,116.26,116.31
2020-10-20T15:09:00Z,116.31,116.5182,116.28,116.4866
2020-10-20T15:10:00Z,116.48,116.57,116.35,116.55
2020-10-20T15:11:00Z,116.5593,116.72,116.45,116.705
2020-10-20T15:12:00Z,116.71,116.77,116.63,116.675
2020-10-20T15:13:00Z,116.67,116.69,116.58,116.605
2020-10-20T15:14:00Z,116.61,116.68,116.58,116.6
2020-10-20T15:15:00Z,116.58,116.79,116.54,116.75
2020-10-20T15:16:00Z,116.74,116.78,116.67,116.736
2020-10-20T15:17:00Z,116.7301,116.775,116.57,116.6016
2020-10-20T15:18:00Z,116.61,116.69,116.6059,116.6607
2020-10-20T15:19:00Z,116.6699,116.86,116.6501,116.814
2020-10-20T15:20:00Z,116.815,116.86,116.57,116.625
2020-10-20T15:21:00Z,116.625,116.74,116.625,116.66
2020-10-20T15:22:00Z,116.68,116.81,116.64,116.78
2020-10-20T15:23:00Z,116.7907,117.02,116.7901,116.969
2020-10-20T15:24:00Z,116.96,117.02,116.87,116.88
2020-10-20T15:25:00Z,116.8823,116.95,116.87,116.9268
2020-10-20T15:26:00Z,116.94,116.9994,116.91,116.94
2020-10-20T15:27:00Z,116.95,116.975,116.8635,116.8865
2020-10-20T15:28:00Z,116.8842,116.89,116.7381,116.8
2020-10-20T15:29:00Z,116.8,116.8494,116.69,116.72
2020-10-20T15:30:00Z,116.7299,116.8,116.72,116.775
2020-10-20T15:31:00Z,116.7781,116.805,116.69,116.735
2020-10-20T15:32:00Z,116.735,116.75,116.58,116.67
2020-10-20T15:33:00Z,116.67,116.7593,116.66,116.7
2020-10-20T15:34:00Z,116.71,116.7983,116.4666,116.4666
2020-10-20T15:35:00Z,116.47,116.58,116.44,116.52
2020-10-20T15:36:00Z,116.5234,116.54,116.405,116.495
2020-10-20T15:37:00Z,116.4918,116.6,116.4793,116.6
2020-10-20T15:38:00Z,116.58,116.6,116.5201,116.535
2020-10-20T15:39:00Z,116.53,116.69,116.4811,116.6687
2020-10-20T15:40:00Z,116.66,116.75,116.6008,116.61
2020-10-20T15:41:00Z,116.6,116.63,116.5201,116.57
2020-10-20T15:42:00Z,116.545,116.58,116.44,116.535
2020-10-20T15:43:00Z,116.54,116.65,116.48,116.635
2020-10-20T15:44:00Z,116.635,116.8385,116.61,116.75
2020-10-20T15:45:00Z,116.76,116.9199,116.73,116.8701
2020-10-20T15:46:00Z,116.86,116.8891,116.81,116.86
2020-10-20T15:47:00Z,116.88,116.99,116.86,116.93
2020-10-20T15:48:00Z,116.94,116.99,116.9,116.9279
2020-10-20T15:49:00Z,116.9288,116.93,116.87,116.91
2020-10-20T15:50:00Z,116.9,116.98,116.895,116.935
2020-10-20T15:51:00Z,116.93,117.12,116.87,117.0712
2020-10-20T15:52:00Z,117.08,117.16,117.078,117.0939
2020-10-20T15:53:00Z,117.1055,117.15,117.06,117.13
2020-10-20T15:54:00Z,117.14,117.18,117.03,117.04
2020-10-20T15:55:00Z,117.038,117.06,116.95,117.005
2020-10-20T15:56:00Z,117.0001,117.055,116.97,117.02
2020-10-20T15:57:00Z,117.0211,117.08,116.98,117.0483
2020-10-20T15:58:00Z,117.03,117.05,116.96,116.985
2020-10-20T15:59:00Z,116.99,117.19,116.99,117.17
2020-10-20T16:00:00Z,117.16,117.18,117.1,117.1
2020-10-20T16:01:00Z,117.1,117.1409,117.07,117.13
2020-10-20T16:02:00Z,117.135,117.24,117.09,117.2239
2020-10-20T16:03:00Z,117.225,117.28,117.17,117.19
2020-10-20T16:04:00Z,117.19,117.2,117.12,117.1785
2020-10-20T16:05:00Z,117.18,117.22,117.0701,117.11
2020-10-20T16:06:00Z,117.11,117.1239,117.04,117.079
2020-10-20T16:07:00Z,117.075,117.085,117.01,117.04
2020-10-20T16:08:00Z,117.03,117.09,117,117.0114
2020-10-20T16:09:00Z,117.015,117.0899,117,117.06
2020-10-20T16:10:00Z,117.07,117.12,117.0416,117.0593
2020-10-20T16:11:00Z,117.0418,117.13,117.04,117.11
2020-10-20T16:12:00Z,117.12,117.177,117.12,117.14
2020-10-20T16:13:00Z,117.15,117.28,117.15,117.26
2020-10-20T16:14:00Z,117.24,117.26,117.16,117.2
2020-10-20T16:15:00Z,117.2097,117.36,117.205,117.3114
2020-10-20T16:16:00Z,117.32,117.3472,117.285,117.3
2020-10-20T16:17:00Z,117.3,117.41,117.295,117.3581
2020-10-20T16:18:00Z,117.36,117.4,117.29,117.36
2020-10-20T16:19:00Z,117.35,117.37,117.27,117.303
2020-10-20T16:20:00Z,117.31,117.42,117.2993,117.38
2020-10-20T16:21:00Z,117.39,117.44,117.35,117.37
2020-10-20T16:22:00Z,117.36,117.36,117.26,117.355
2020-10-20T16:23:00Z,117.351,117.4799,117.35,117.46
2020-10-20T16:24:00Z,117.46,117.49,117.4093,117.427
2020-10-20T16:25:00Z,117.4202,117.54,117.4,117.5292
2020-10-20T16:26:00Z,117.52,117.55,117.47,117.47
2020-10-20T16:27:00Z,117.47,117.48,117.36,117.41
2020-10-20T16:28:00Z,117.4164,117.4767,117.375,117.4208
2020-10-20T16:29:00Z,117.43,117.4359,117.34,117.38
2020-10-20T16:30:00Z,117.38,117.465,117.34,117.4644
2020-10-20T16:31:00Z,117.46,117.575,117.36,117.375
2020-10-20T16:32:00Z,117.38,117.41,117.24,117.346
2020-10-20T16:33:00Z,117.36,117.8,117.36,117.7605
2020-10-20T16:34:00Z,117.765,118.22,117.7638,118.125
2020-10-20T16:35:00Z,118.125,118.2093,117.915,117.99
2020-10-20T16:36:00Z,118,118.055,117.87,118.0493
2020-10-20T16:37:00Z,118.0493,118.19,117.9747,118.145
2020-10-20T16:38:00Z,118.15,118.16,117.92,117.9703
2020-10-20T16:39:00Z,117.9792,118.065,117.9,118.05
2020-10-20T16:40:00Z,118.05,118.15,118.04,118.135
2020-10-20T16:41:00Z,118.1439,118.25,118.09,118.2499
2020-10-20T16:42:00Z,118.2385,118.37,118.2272,118.36
2020-10-20T16:43:00Z,118.3652,118.38,118.27,118.3469
2020-10-20T16:44:00Z,118.35,118.5,118.34,118.5
2020-10-20T16:45:00Z,118.5,118.51,118.34,118.39
2020-10-20T16:46:00Z,118.395,118.4399,118.28,118.4
2020-10-20T16:47:00Z,118.39,118.51,118.27,118.27
2020-10-20T16:48:00Z,118.27,118.34,118.22,118.29
2020-10-20T16:49:00Z,118.28,118.29,118.1501,118.24
2020-10-20T16:50:00Z,118.24,118.25,118.11,118.13
2020-10-20T16:51:00Z,118.1252,118.235,118.1115,118.23
2020-10-20T16:52:00Z,118.24,118.27,118.15,118.18
2020-10-20T16:53:00Z,118.16,118.21,117.98,118.0207
2020-10-20T16:54:00Z,118.03,118.05,117.95,117.9648
2020-10-20T16:55:00Z,117.97,118.02,117.83,117.8901
2020-10-20T16:56:00Z,117.9,117.96,117.88,117.91
2020-10-20T16:57:00Z,117.9096,118.0685,117.9096,118.02
2020-10-20T16:58:00Z,118.03,118.09,118.0101,118.085
2020-10-20T16:59:00Z,118.08,118.19,118,118.175
2020-10-20T17:00:00Z,118.1727,118.22,118.1,118.1855
2020-10-20T17:01:00Z,118.1796,118.19,118.11,118.17
2020-10-20T17:02:00Z,118.17,118.335,118.16,118.3276
2020-10-20T17:03:00Z,118.325,118.33,118.2,118.2239
2020-10-20T17:04:00Z,118.225,118.34,118.22,118.28
2020-10-20T17:05:00Z,118.2793,118.44,118.24,118.38
2020-10-20T17:06:00Z,118.375,118.4193,118.34,118.4085
2020-10-20T17:07:00Z,118.3915,118.44,118.37,118.386
2020-10-20T17:08:00Z,118.38,118.47,118.2964,118.3
2020-10-20T17:09:00Z,118.295,118.3699,118.28,118.3101
2020-10-20T17:10:00Z,118.3059,118.36,118.22,118.24
2020-10-20T17:11:00Z,118.2363,118.3,118.18,118.29
2020-10-20T17:12:00Z,118.29,118.48,118.28,118.47
2020-10-20T17:13:00Z,118.4701,118.6,118.43,118.5699
2020-10-20T17:14:00Z,118.5648,118.66,118.55,118.5744
2020-10-20T17:15:00Z,118.57,118.7,118.57,118.66
2020-10-20T17:16:00Z,118.6693,118.67,118.57,118.62
2020-10-20T17:17:00Z,118.625,118.7,118.54,118.5401
2020-10-20T17:18:00Z,118.5308,118.57,118.48,118.5301
2020-10-20T17:19:00Z,118.5349,118.62,118.52,118.55
2020-10-20T17:20:00Z,118.54,118.55,118.4205,118.48
2020-10-20T17:21:00Z,118.48,118.56,118.475,118.5101
2020-10-20T17:22:00Z,118.51,118.555,118.485,118.5201
2020-10-20T17:23:00Z,118.525,118.6,118.49,118.56
2020-10-20T17:24:00Z,118.56,118.59,118.5308,118.575
2020-10-20T17:25:00Z,118.57,118.625,118.46,118.5
2020-10-20T17:26:00Z,118.5052,118.55,118.44,118.4561
2020-10-20T17:27:00Z,118.46,118.5,118.45,118.4848
2020-10-20T17:28:00Z,118.4801,118.58,118.4801,118.52
2020-10-20T17:29:00Z,118.5159,118.58,118.4877,118.53
2020-10-20T17:30:00Z,118.524,118.57,118.47,118.4916
2020-10-20T17:31:00Z,118.4896,118.645,118.48,118.63
2020-10-20T17:32:00Z,118.63,118.7,118.62,118.64
2020-10-20T17:33:00Z,118.6485,118.65,118.61,118.6401
2020-10-20T17:34:00Z,118.645,118.7,118.58,118.6593
2020-10-20T17:35:00Z,118.65,118.78,118.63,118.78
2020-10-20T17:36:00Z,118.7677,118.84,118.7401,118.82
2020-10-20T17:37:00Z,118.8285,118.92,118.795,118.91
2020-10-20T17:38:00Z,118.9173,118.98,118.87,118.8959
2020-10-20T17:39:00Z,118.8999,118.96,118.8815,118.92
2020-10-20T17:40:00Z,118.91,118.93,118.81,118.8517
2020-10-20T17:41:00Z,118.85,118.97,118.84,118.9602
2020-10-20T17:42:00Z,118.9601,118.98,118.81,118.8294
2020-10-20T17:43:00Z,118.825,118.8399,118.76,118.77
2020-10-20T17:44:00Z,118.76,118.8139,118.68,118.7
2020-10-20T17:45:00Z,118.7199,118.72,118.6,118.6399
2020-10-20T17:46:00Z,118.6394,118.78,118.62,118.7664
2020-10-20T17:47:00Z,118.775,118.86,118.76,118.84
2020-10-20T17:48:00Z,118.84,118.92,118.78,118.905
2020-10-20T17:49:00Z,118.92,118.98,118.87,118.925
2020-10-20T17:50:00Z,118.925,118.9284,118.79,118.815
2020-10-20T17:51:00Z,118.8161,118.87,118.7701,118.8
2020-10-20T17:52:00Z,118.8,118.82,118.73,118.75
2020-10-20T17:53:00Z,118.77,118.865,118.7502,118.8472
2020-10-20T17:54:00Z,118.845,118.85,118.74,118.74
2020-10-20T17:55:00Z,118.735,118.7982,118.65,118.67
2020-10-20T17:56:00Z,118.67,118.68,118.4,118.4
2020-10-20T17:57:00Z,118.4035,118.455,118.2201,118.2794
2020-10-20T17:58:00Z,118.28,118.3,118.13,118.2557
2020-10-20T17:59:00Z,118.2648,118.33,118.26,118.31
2020-10-20T18:00:00Z,118.305,118.39,118.29,118.385
2020-10-20T18:01:00Z,118.383,118.44,118.35,118.42
2020-10-20T18:02:00Z,118.42,118.48,118.388,118.425
2020-10-20T18:03:00Z,118.425,118.49,118.39,118.46
2020-10-20T18:04:00Z,118.47,118.4868,118.22,118.2393
2020-10-20T18:05:00Z,118.23,118.3,118.01,118.03
2020-10-20T18:06:00Z,118.04,118.07,117.75,117.9109
2020-10-20T18:07:00Z,117.9,118.09,117.89,118.03
2020-10-20T18:08:00Z,118.03,118.1099,117.98,118.0693
2020-10-20T18:09:00Z,118.06,118.1,117.98,118.065
2020-10-20T18:10:00Z,118.05,118.13,118.02,118.095
2020-10-20T18:11:00Z,118.0901,118.34,118.0901,118.32
2020-10-20T18:12:00Z,118.325,118.3491,118.235,118.3
2020-10-20T18:13:00Z,118.3,118.3402,118.25,118.27
2020-10-20T18:14:00Z,118.26,118.34,118.22,118.33
2020-10-20T18:15:00Z,118.335,118.54,118.29,118.495
2020-10-20T18:16:00Z,118.495,118.5099,118.31,118.38
2020-10-20T18:17:00Z,118.37,118.43,118.31,118.425
2020-10-20T18:18:00Z,118.43,118.49,118.355,118.39
2020-10-20T18:19:00Z,118.395,118.42,118.235,118.34
2020-10-20T18:20:00Z,118.33,118.363,117.99,118.13
2020-10-20T18:21:00Z,118.13,118.18,118.09,118.095
2020-10-20T18:22:00Z,118.095,118.1381,117.96,118.01
2020-10-20T18:23:00Z,118.01,118.085,117.96,118.08
2020-10-20T18:24:00Z,118.08,118.13,118.0215,118.1
2020-10-20T18:25:00Z,118.0993,118.22,118.0376,118.1799
2020-10-20T18:26:00Z,118.173,118.25,118.1192,118.199
2020-10-20T18:27:00Z,118.19,118.3,118.11,118.2424
2020-10-20T18:28:00Z,118.24,118.26,118.15,118.185
2020-10-20T18:29:00Z,118.181,118.185,118.02,118.06
2020-10-20T18:30:00Z,118.06,118.19,118.06,118.1438
2020-10-20T18:31:00Z,118.15,118.155,118.0924,118.11
2020-10-20T18:32:00Z,118.12,118.1682,118.065,118.1374
2020-10-20T18:33:00Z,118.13,118.16,118.1,118.1599
2020-10-20T18:34:00Z,118.155,118.2,118.12,118.16
2020-10-20T18:35:00Z,118.15,118.17,117.92,118.0363
2020-10-20T18:36:00Z,118.0339,118.05,117.96,118.0049
2020-10-20T18:37:00Z,118,118.15,117.99,118.1
2020-10-20T18:38:00Z,118.1,118.1799,118.09,118.135
2020-10-20T18:39:00Z,118.13,118.15,118.03,118.135
2020-10-20T18:40:00Z,118.1325,118.34,118.055,118.32
2020-10-20T18:41:00Z,118.3298,118.33,118.21,118.24
2020-10-20T18:42:00Z,118.24,118.2463,118.08,118.17
2020-10-20T18:43:00Z,118.18,118.28,118.1416,118.265
2020-10-20T18:44:00Z,118.27,118.28,118.21,118.24
2020-10-20T18:45:00Z,118.2493,118.2493,118.1545,118.1545
2020-10-20T18:46:00Z,118.16,118.2,118.08,118.11
2020-10-20T18:47:00Z,118.1116,118.16,117.95,117.9901
2020-10-20T18:48:00Z,117.994,118.02,117.82,117.94
2020-10-20T18:49:00Z,117.9462,118.03,117.8524,117.995
2020-10-20T18:50:00Z,117.995,117.995,117.73,117.7893
2020-10-20T18:51:00Z,117.78,117.96,117.7515,117.935
2020-10-20T18:52:00Z,117.93,118.01,117.85,117.875
2020-10-20T18:53:00Z,117.875,117.94,117.86,117.92
2020-10-20T18:54:00Z,117.94,117.95,117.85,117.9043
2020-10-20T18:55:00Z,117.9008,118.05,117.9,118.0408
2020-10-20T18:56:00Z,118.0488,118.13,118,118.1
2020-10-20T18:57:00Z,118.1,118.1,118.01,118.05
2020-10-20T18:58:00Z,118.0399,118.0402,117.92,117.9393
2020-10-20T18:59:00Z,117.935,118.0317,117.93,117.98
2020-10-20T19:00:00Z,117.99,118.06,117.93,118.03
2020-10-20T19:01:00Z,118.02,118.2298,117.98,118.21
2020-10-20T19:02:00Z,118.2,118.2799,118.11,118.27
2020-10-20T19:03:00Z,118.279,118.4,118.225,118.3847
2020-10-20T19:04:00Z,118.3899,118.42,118.265,118.33
2020-10-20T19:05:00Z,118.3366,118.37,118.12,118.1284
2020-10-20T19:06:00Z,118.12,118.16,117.52,117.605
2020-10-20T19:07:00Z,117.61,117.7797,117.53,117.77
2020-10-20T19:08:00Z,117.765,117.8,117.65,117.6902
2020-10-20T19:09:00Z,117.7,117.72,117.32,117.355
2020-10-20T19:10:00Z,117.36,117.44,116.97,117.2101
2020-10-20T19:11:00Z,117.24,117.4,117.1,117.2358
2020-10-20T19:12:00Z,117.24,117.4028,117.1212,117.36
2020-10-20T19:13:00Z,117.37,117.38,117.19,117.2524
2020-10-20T19:14:00Z,117.2639,117.475,117.22,117.23
2020-10-20T19:15:00Z,117.22,117.4,116.97,117.3548
2020-10-20T19:16:00Z,117.36,117.5,117.3,117.34
2020-10-20T19:17:00Z,117.35,117.37,116.94,117.2544
2020-10-20T19:18:00Z,117.2688,117.43,117.22,117.36
2020-10-20T19:19:00Z,117.355,117.5399,117.29,117.4399
2020-10-20T19:20:00Z,117.4399,117.49,117.3415,117.4
2020-10-20T19:21:00Z,117.4045,117.51,117.29,117.3599
2020-10-20T19:22:00Z,117.34,117.43,117.3,117.3501
2020-10-20T19:23:00Z,117.38,117.6,117.365,117.5542
2020-10-20T19:24:00Z,117.5533,117.77,117.5533,117.66
2020-10-20T19:25:00Z,117.65,117.67,117.4936,117.62
2020-10-20T19:26:00Z,117.6299,117.67,117.5,117.65
2020-10-20T19:27:00Z,117.64,117.65,117.51,117.53
2020-10-20T19:28:00Z,117.53,117.64,117.46,117.595
2020-10-20T19:29:00Z,117.595,117.69,117.51,117.61
2020-10-20T19:30:00Z,117.62,117.64,117.5,117.59
2020-10-20T19:31:00Z,117.58,117.68,117.47,117.6751
2020-10-20T19:32:00Z,117.67,117.67,117.56,117.575
2020-10-20T19:33:00Z,117.57,117.6,117.35,117.4301
2020-10-20T19:34:00Z,117.44,117.57,117.44,117.5101
2020-10-20T19:35:00Z,117.515,117.5699,117.16,117.24
2020-10-20T19:36:00Z,117.2585,117.33,117.17,117.2578
2020-10-20T19:37:00Z,117.27,117.38,117.24,117.35
2020-10-20T19:38:00Z,117.35,117.405,117.29,117.36
2020-10-20T19:39:00Z,117.3569,117.55,117.32,117.505
2020-10-20T19:40:00Z,117.5064,117.94,117.5,117.8901
2020-10-20T19:41:00Z,117.89,118.06,117.83,117.941
2020-10-20T19:42:00Z,117.941,118.02,117.86,118.0001
2020-10-20T19:43:00Z,118,118.19,117.99,118.02
2020-10-20T19:44:00Z,118.03,118.1199,117.97,118.03
2020-10-20T19:45:00Z,118.035,118.035,117.72,117.83
2020-10-20T19:46:00Z,117.84,117.95,117.8,117.86
2020-10-20T19:47:00Z,117.86,117.86,117.69,117.8293
2020-10-20T19:48:00Z,117.82,117.855,117.68,117.72
2020-10-20T19:49:00Z,117.72,117.79,117.63,117.64
2020-10-20T19:50:00Z,117.64,117.73,117.47,117.52
2020-10-20T19:51:00Z,117.51,117.63,117.47,117.52
2020-10-20T19:52:00Z,117.52,117.58,117.42,117.56
2020-10-20T19:53:00Z,117.56,117.84,117.5,117.83
2020-10-20T19:54:00Z,117.82,117.98,117.8,117.8076
2020-10-20T19:55:00Z,117.803,117.88,117.61,117.63
2020-10-20T19:56:00Z,117.63,117.7,117.6,117.69
2020-10-20T19:57:00Z,117.695,117.77,117.645,117.7
2020-10-20T19:58:00Z,117.7,117.73,117.56,117.6693
2020-10-20T19:59:00Z,117.66,117.77,117.42,117.5
