2017-10-06T13:30:00Z,154.97,155.1,154.83,155.07
2017-10-06T13:31:00Z,155.0755,155.2,155.01,155.19
2017-10-06T13:32:00Z,155.16,155.49,155.16,155.391
2017-10-06T13:33:00Z,155.4,155.44,155.22,155.25
2017-10-06T13:34:00Z,155.22,155.4,155.15,155.24
2017-10-06T13:35:00Z,155.23,155.25,155.11,155.17
2017-10-06T13:36:00Z,155.16,155.19,155.0873,155.13
2017-10-06T13:37:00Z,155.14,155.16,154.9787,155.09
2017-10-06T13:38:00Z,155.1,155.1,154.9911,155.06
2017-10-06T13:39:00Z,155.07,155.1958,155.066,155.16
2017-10-06T13:40:00Z,155.1699,155.1699,155.05,155.1
2017-10-06T13:41:00Z,155.1,155.11,155.03,155.03
2017-10-06T13:42:00Z,155.03,155.03,154.87,154.9707
2017-10-06T13:43:00Z,154.9738,155,154.88,154.89
2017-10-06T13:44:00Z,154.9,154.92,154.84,154.8955
2017-10-06T13:45:00Z,154.89,154.9492,154.85,154.9
2017-10-06T13:46:00Z,154.9,154.91,154.77,154.78
2017-10-06T13:47:00Z,154.7908,154.7908,154.56,154.64
2017-10-06T13:48:00Z,154.6402,154.85,154.64,154.85
2017-10-06T13:49:00Z,154.855,154.92,154.82,154.85
2017-10-06T13:50:00Z,154.86,154.99,154.86,154.9
2017-10-06T13:51:00Z,154.91,154.98,154.87,154.88
2017-10-06T13:52:00Z,154.88,154.89,154.7,154.75
2017-10-06T13:53:00Z,154.77,154.83,154.73,154.8
2017-10-06T13:54:00Z,154.8,154.9,154.78,154.785
2017-10-06T13:55:00Z,154.785,154.86,154.745,154.75
2017-10-06T13:56:00Z,154.77,154.8731,154.77,154.84
2017-10-06T13:57:00Z,154.855,154.88,154.77,154.86
2017-10-06T13:58:00Z,154.88,154.89,154.81,154.81
2017-10-06T13:59:00Z,154.81,154.83,154.73,154.74
2017-10-06T14:00:00Z,154.73,154.88,154.73,154.88
2017-10-06T14:01:00Z,154.88,154.92,154.81,154.83
2017-10-06T14:02:00Z,154.8342,154.9,154.8,154.9
2017-10-06T14:03:00Z,154.89,154.97,154.89,154.9572
2017-10-06T14:04:00Z,154.97,154.97,154.895,154.9411
2017-10-06T14:05:00Z,154.94,154.9466,154.85,154.911
2017-10-06T14:06:00Z,154.92,155.02,154.9,154.95
2017-10-06T14:07:00Z,154.96,154.97,154.915,154.92
2017-10-06T14:08:00Z,154.9133,155.05,154.9038,155.0379
2017-10-06T14:09:00Z,155.0286,155.0286,154.9684,155.01
2017-10-06T14:10:00Z,155.003,155.0534,154.95,154.9753
2017-10-06T14:11:00Z,154.9717,155.05,154.9717,155.04
2017-10-06T14:12:00Z,155.04,155.04,154.96,155.0099
2017-10-06T14:13:00Z,155.01,155.019,154.9901,155
2017-10-06T14:14:00Z,155.01,155.01,154.98,154.99
2017-10-06T14:15:00Z,154.986,154.987,154.815,154.84
2017-10-06T14:16:00Z,154.83,154.87,154.83,154.85
2017-10-06T14:17:00Z,154.86,154.87,154.8,154.815
2017-10-06T14:18:00Z,154.82,154.85,154.79,154.84
2017-10-06T14:19:00Z,154.83,154.86,154.7625,154.82
2017-10-06T14:20:00Z,154.8246,154.85,154.78,154.82
2017-10-06T14:21:00Z,154.825,154.9,154.82,154.9
2017-10-06T14:22:00Z,154.891,154.9,154.86,154.885
2017-10-06T14:23:00Z,154.8801,154.97,154.8801,154.97
2017-10-06T14:24:00Z,154.97,154.9925,154.96,154.99
2017-10-06T14:25:00Z,154.99,155.0205,154.98,155.001
2017-10-06T14:26:00Z,155.01,155.03,154.99,154.99
2017-10-06T14:27:00Z,154.99,155.0599,154.99,155.0498
2017-10-06T14:28:00Z,155.0567,155.12,155.042,155.1086
2017-10-06T14:29:00Z,155.095,155.16,155.0801,155.09
2017-10-06T14:30:00Z,155.08,155.1,155.04,155.05
2017-10-06T14:31:00Z,155.04,155.0403,154.98,154.9808
2017-10-06T14:32:00Z,154.97,154.995,154.94,154.94
2017-10-06T14:33:00Z,154.949,155,154.94,154.98
2017-10-06T14:34:00Z,154.975,155,154.95,154.982
2017-10-06T14:35:00Z,155,155.01,154.91,154.92
2017-10-06T14:36:00Z,154.93,154.93,154.88,154.92
2017-10-06T14:37:00Z,154.91,154.92,154.79,154.86
2017-10-06T14:38:00Z,154.87,154.87,154.76,154.8
2017-10-06T14:39:00Z,154.805,154.8516,154.8,154.8499
2017-10-06T14:40:00Z,154.84,154.88,154.8,154.8
2017-10-06T14:41:00Z,154.81,154.84,154.76,154.83
2017-10-06T14:42:00Z,154.82,154.89,154.82,154.89
2017-10-06T14:43:00Z,154.89,154.91,154.87,154.9
2017-10-06T14:44:00Z,154.9,154.95,154.9,154.92
2017-10-06T14:45:00Z,154.93,154.96,154.9,154.92
2017-10-06T14:46:00Z,154.9267,154.93,154.8647,154.89
2017-10-06T14:47:00Z,154.89,154.9075,154.86,154.9075
2017-10-06T14:48:00Z,154.9,154.9,154.86,154.88
2017-10-06T14:49:00Z,154.89,154.93,154.85,154.86
2017-10-06T14:50:00Z,154.85,154.92,154.83,154.89
2017-10-06T14:51:00Z,154.88,154.91,154.84,154.8502
2017-10-06T14:52:00Z,154.86,154.875,154.72,154.77
2017-10-06T14:53:00Z,154.76,154.8,154.73,154.74
2017-10-06T14:54:00Z,154.7405,154.79,154.72,154.78
2017-10-06T14:55:00Z,154.78,154.78,154.6464,154.6583
2017-10-06T14:56:00Z,154.655,154.72,154.63,154.7183
2017-10-06T14:57:00Z,154.72,154.7499,154.67,154.67
2017-10-06T14:58:00Z,154.68,154.77,154.67,154.77
2017-10-06T14:59:00Z,154.771,154.78,154.75,154.7699
2017-10-06T15:00:00Z,154.77,154.83,154.7635,154.83
2017-10-06T15:01:00Z,154.84,154.8899,154.83,154.87
2017-10-06T15:02:00Z,154.8674,154.88,154.82,154.86
2017-10-06T15:03:00Z,154.86,154.8764,154.85,154.86
2017-10-06T15:04:00Z,154.86,154.89,154.85,154.87
2017-10-06T15:05:00Z,154.88,154.94,154.88,154.9299
2017-10-06T15:06:00Z,154.92,154.945,154.9,154.94
2017-10-06T15:07:00Z,154.94,154.98,154.93,154.95
2017-10-06T15:08:00Z,154.9533,154.9533,154.91,154.92
2017-10-06T15:09:00Z,154.93,154.945,154.91,154.945
2017-10-06T15:10:00Z,154.95,154.97,154.94,154.95
2017-10-06T15:11:00Z,154.95,154.9564,154.93,154.94
2017-10-06T15:12:00Z,154.94,154.9531,154.9139,154.9433
2017-10-06T15:13:00Z,154.945,154.95,154.9299,154.93
2017-10-06T15:14:00Z,154.935,154.96,154.93,154.96
2017-10-06T15:15:00Z,154.96,155.01,154.96,154.98
2017-10-06T15:16:00Z,154.98,155.14,154.98,155.13
2017-10-06T15:17:00Z,155.13,155.175,155.1052,155.15
2017-10-06T15:18:00Z,155.14,155.1591,155.1104,155.12
2017-10-06T15:19:00Z,155.12,155.13,155.09,155.12
2017-10-06T15:20:00Z,155.115,155.14,155.06,155.065
2017-10-06T15:21:00Z,155.06,155.095,155.05,155.06
2017-10-06T15:22:00Z,155.057,155.1,155.0554,155.1
2017-10-06T15:23:00Z,155.1,155.17,155.065,155.07
2017-10-06T15:24:00Z,155.07,155.09,155.055,155.07
2017-10-06T15:25:00Z,155.07,155.07,155.01,155.025
2017-10-06T15:26:00Z,155.0202,155.03,155,155.0146
2017-10-06T15:27:00Z,155.01,155.0411,155.002,155.03
2017-10-06T15:28:00Z,155.04,155.04,155.001,155.02
2017-10-06T15:29:00Z,155.0177,155.04,155.0177,155.04
2017-10-06T15:30:00Z,155.04,155.04,154.95,154.95
2017-10-06T15:31:00Z,154.95,154.98,154.92,154.96
2017-10-06T15:32:00Z,154.96,154.98,154.96,154.97
2017-10-06T15:33:00Z,154.97,154.97,154.91,154.93
2017-10-06T15:34:00Z,154.93,154.94,154.91,154.92
2017-10-06T15:35:00Z,154.925,154.925,154.89,154.89
2017-10-06T15:36:00Z,154.8908,154.9,154.87,154.885
2017-10-06T15:37:00Z,154.885,154.92,154.88,154.9
2017-10-06T15:38:00Z,154.9019,154.91,154.84,154.905
2017-10-06T15:39:00Z,154.9,154.91,154.89,154.9056
2017-10-06T15:40:00Z,154.91,154.91,154.88,154.88
2017-10-06T15:41:00Z,154.87,154.91,154.86,154.9
2017-10-06T15:42:00Z,154.9,154.9,154.82,154.8399
2017-10-06T15:43:00Z,154.8323,154.8674,154.73,154.77
2017-10-06T15:44:00Z,154.7716,154.83,154.7716,154.82
2017-10-06T15:45:00Z,154.83,154.87,154.83,154.83
2017-10-06T15:46:00Z,154.84,154.88,154.83,154.88
2017-10-06T15:47:00Z,154.88,154.9,154.86,154.895
2017-10-06T15:48:00Z,154.9,154.909,154.83,154.8546
2017-10-06T15:49:00Z,154.8542,154.8744,154.84,154.84
2017-10-06T15:50:00Z,154.85,154.88,154.8454,154.8592
2017-10-06T15:51:00Z,154.86,154.8722,154.85,154.85
2017-10-06T15:52:00Z,154.85,154.85,154.78,154.82
2017-10-06T15:53:00Z,154.8246,154.83,154.7767,154.815
2017-10-06T15:54:00Z,154.8119,154.815,154.79,154.805
2017-10-06T15:55:00Z,154.8,154.815,154.79,154.81
2017-10-06T15:56:00Z,154.81,154.81,154.77,154.785
2017-10-06T15:57:00Z,154.78,154.79,154.77,154.775
2017-10-06T15:58:00Z,154.78,154.785,154.76,154.77
2017-10-06T15:59:00Z,154.7725,154.7774,154.75,154.755
2017-10-06T16:00:00Z,154.755,154.76,154.68,154.7
2017-10-06T16:01:00Z,154.695,154.7,154.67,154.685
2017-10-06T16:02:00Z,154.6836,154.71,154.61,154.6168
2017-10-06T16:03:00Z,154.62,154.68,154.61,154.68
2017-10-06T16:04:00Z,154.675,154.6792,154.64,154.67
2017-10-06T16:05:00Z,154.66,154.719,154.63,154.7137
2017-10-06T16:06:00Z,154.71,154.78,154.71,154.78
2017-10-06T16:07:00Z,154.77,154.83,154.77,154.82
2017-10-06T16:08:00Z,154.82,154.8337,154.8134,154.82
2017-10-06T16:09:00Z,154.8232,154.86,154.81,154.84
2017-10-06T16:10:00Z,154.84,154.85,154.77,154.7859
2017-10-06T16:11:00Z,154.78,154.7899,154.7,154.72
2017-10-06T16:12:00Z,154.72,154.7557,154.7,154.73
2017-10-06T16:13:00Z,154.75,154.78,154.7445,154.78
2017-10-06T16:14:00Z,154.78,154.79,154.77,154.79
2017-10-06T16:15:00Z,154.79,154.88,154.78,154.86
2017-10-06T16:16:00Z,154.86,154.8801,154.855,154.8601
2017-10-06T16:17:00Z,154.865,154.865,154.819,154.819
2017-10-06T16:18:00Z,154.82,154.85,154.82,154.84
2017-10-06T16:19:00Z,154.8449,154.87,154.82,154.8603
2017-10-06T16:20:00Z,154.865,154.88,154.85,154.88
2017-10-06T16:21:00Z,154.875,154.91,154.87,154.9
2017-10-06T16:22:00Z,154.9,154.9,154.851,154.865
2017-10-06T16:23:00Z,154.86,154.88,154.82,154.8546
2017-10-06T16:24:00Z,154.8599,155.0043,154.8599,155
2017-10-06T16:25:00Z,155,155.04,154.98,155
2017-10-06T16:26:00Z,154.99,155.05,154.99,155.035
2017-10-06T16:27:00Z,155.02,155.03,154.96,154.96
2017-10-06T16:28:00Z,154.96,155.017,154.921,155
2017-10-06T16:29:00Z,155,155.0522,155,155.03
2017-10-06T16:30:00Z,155.04,155.06,155.0191,155.03
2017-10-06T16:31:00Z,155.0245,155.06,155.0245,155.05
2017-10-06T16:32:00Z,155.05,155.06,155.02,155.0302
2017-10-06T16:33:00Z,155.05,155.11,155.0399,155.09
2017-10-06T16:34:00Z,155.09,155.09,155.0633,155.08
2017-10-06T16:35:00Z,155.0822,155.1,155.06,155.09
2017-10-06T16:36:00Z,155.081,155.1,155.0644,155.08
2017-10-06T16:37:00Z,155.07,155.1,155.07,155.1
2017-10-06T16:38:00Z,155.105,155.105,155.06,155.0846
2017-10-06T16:39:00Z,155.085,155.11,155.0832,155.11
2017-10-06T16:40:00Z,155.105,155.11,155.03,155.03
2017-10-06T16:41:00Z,155.0401,155.06,155.022,155.03
2017-10-06T16:42:00Z,155.03,155.0469,155.022,155.03
2017-10-06T16:43:00Z,155.02,155.05,155.02,155.04
2017-10-06T16:44:00Z,155.05,155.1099,155.05,155.09
2017-10-06T16:45:00Z,155.1,155.1,155.056,155.0628
2017-10-06T16:46:00Z,155.065,155.07,155.03,155.03
2017-10-06T16:47:00Z,155.02,155.02,155,155.01
2017-10-06T16:48:00Z,155.01,155.01,154.94,154.94
2017-10-06T16:49:00Z,154.94,154.96,154.93,154.95
2017-10-06T16:50:00Z,154.95,154.96,154.93,154.955
2017-10-06T16:51:00Z,154.96,154.99,154.95,154.98
2017-10-06T16:52:00Z,154.98,154.989,154.9,154.92
2017-10-06T16:53:00Z,154.92,154.94,154.92,154.9201
2017-10-06T16:54:00Z,154.93,154.95,154.916,154.935
2017-10-06T16:55:00Z,154.935,155.0199,154.93,154.99
2017-10-06T16:56:00Z,154.985,155.07,154.98,155.07
2017-10-06T16:57:00Z,155.0701,155.08,155.0399,155.0399
2017-10-06T16:58:00Z,155.0332,155.05,154.9992,155.01
2017-10-06T16:59:00Z,155.01,155.04,155,155.04
2017-10-06T17:00:00Z,155.03,155.07,155.02,155.06
2017-10-06T17:01:00Z,155.06,155.11,155.01,155.045
2017-10-06T17:02:00Z,155.04,155.11,155.04,155.065
2017-10-06T17:03:00Z,155.062,155.0692,155.04,155.04
2017-10-06T17:04:00Z,155.045,155.05,154.99,154.99
2017-10-06T17:05:00Z,154.98,155.12,154.98,155.11
2017-10-06T17:06:00Z,155.11,155.16,155.11,155.1546
2017-10-06T17:07:00Z,155.15,155.22,155.14,155.2165
2017-10-06T17:08:00Z,155.21,155.22,155.2,155.205
2017-10-06T17:09:00Z,155.2034,155.215,155.1401,155.16
2017-10-06T17:10:00Z,155.1601,155.1601,155.12,155.14
2017-10-06T17:11:00Z,155.14,155.2,155.12,155.19
2017-10-06T17:12:00Z,155.189,155.22,155.18,155.185
2017-10-06T17:13:00Z,155.19,155.22,155.19,155.22
2017-10-06T17:14:00Z,155.22,155.24,155.21,155.23
2017-10-06T17:15:00Z,155.2255,155.25,155.22,155.22
2017-10-06T17:16:00Z,155.2264,155.24,155.22,155.23
2017-10-06T17:17:00Z,155.23,155.23,155.19,155.19
2017-10-06T17:18:00Z,155.19,155.1957,155.18,155.19
2017-10-06T17:19:00Z,155.19,155.2,155.13,155.14
2017-10-06T17:20:00Z,155.135,155.14,155.0501,155.06
2017-10-06T17:21:00Z,155.065,155.0799,155.06,155.07
2017-10-06T17:22:00Z,155.065,155.09,155.065,155.08
2017-10-06T17:23:00Z,155.08,155.09,155.0336,155.0336
2017-10-06T17:24:00Z,155.03,155.05,155.01,155.0454
2017-10-06T17:25:00Z,155.05,155.08,155.04,155.076
2017-10-06T17:26:00Z,155.07,155.08,155.04,155.05
2017-10-06T17:27:00Z,155.0554,155.07,155.03,155.03
2017-10-06T17:28:00Z,155.035,155.05,155,155
2017-10-06T17:29:00Z,155.005,155.02,154.98,155.0145
2017-10-06T17:30:00Z,155.01,155.02,154.96,155.02
2017-10-06T17:31:00Z,155.03,155.0488,154.98,154.98
2017-10-06T17:32:00Z,154.98,154.9958,154.96,154.98
2017-10-06T17:33:00Z,154.98,155.01,154.955,154.965
2017-10-06T17:34:00Z,154.97,154.9801,154.91,154.95
2017-10-06T17:35:00Z,154.95,155,154.941,154.999
2017-10-06T17:36:00Z,154.99,154.99,154.98,154.98
2017-10-06T17:37:00Z,154.975,154.98,154.95,154.95
2017-10-06T17:38:00Z,154.96,154.99,154.96,154.98
2017-10-06T17:39:00Z,154.98,155.0477,154.98,155.042
2017-10-06T17:40:00Z,155.0401,155.06,155.025,155.04
2017-10-06T17:41:00Z,155.04,155.0573,155.03,155.05
2017-10-06T17:42:00Z,155.0401,155.07,155.01,155.041
2017-10-06T17:43:00Z,155.04,155.07,155.03,155.07
2017-10-06T17:44:00Z,155.06,155.1,155.06,155.07
2017-10-06T17:45:00Z,155.07,155.09,155.06,155.07
2017-10-06T17:46:00Z,155.07,155.07,155.045,155.06
2017-10-06T17:47:00Z,155.06,155.09,155.0501,155.08
2017-10-06T17:48:00Z,155.08,155.08,155.03,155.03
2017-10-06T17:49:00Z,155.03,155.05,155.03,155.045
2017-10-06T17:50:00Z,155.045,155.05,154.99,155.015
2017-10-06T17:51:00Z,155.02,155.07,155.01,155.06
2017-10-06T17:52:00Z,155.06,155.1064,155.0455,155.09
2017-10-06T17:53:00Z,155.085,155.1057,155.08,155.09
2017-10-06T17:54:00Z,155.08,155.15,155.08,155.14
2017-10-06T17:55:00Z,155.1401,155.15,155.1101,155.13
2017-10-06T17:56:00Z,155.135,155.1362,155.09,155.09
2017-10-06T17:57:00Z,155.095,155.13,155.0801,155.13
2017-10-06T17:58:00Z,155.1236,155.13,155.12,155.13
2017-10-06T17:59:00Z,155.13,155.14,155.119,155.119
2017-10-06T18:00:00Z,155.11,155.13,155.08,155.09
2017-10-06T18:01:00Z,155.09,155.095,155.07,155.0899
2017-10-06T18:02:00Z,155.08,155.09,155.06,155.07
2017-10-06T18:03:00Z,155.0784,155.09,155.07,155.0799
2017-10-06T18:04:00Z,155.07,155.0899,155.07,155.08
2017-10-06T18:05:00Z,155.075,155.14,155.074,155.11
2017-10-06T18:06:00Z,155.1234,155.15,155.11,155.11
2017-10-06T18:07:00Z,155.12,155.2,155.12,155.17
2017-10-06T18:08:00Z,155.18,155.19,155.16,155.1701
2017-10-06T18:09:00Z,155.16,155.1755,155.16,155.165
2017-10-06T18:10:00Z,155.16,155.175,155.14,155.15
2017-10-06T18:11:00Z,155.15,155.15,155.13,155.14
2017-10-06T18:12:00Z,155.14,155.19,155.14,155.18
2017-10-06T18:13:00Z,155.1801,155.2,155.16,155.17
2017-10-06T18:14:00Z,155.1701,155.18,155.1534,155.1534
2017-10-06T18:15:00Z,155.16,155.1664,155.15,155.15
2017-10-06T18:16:00Z,155.14,155.14,155.1001,155.13
2017-10-06T18:17:00Z,155.13,155.17,155.13,155.15
2017-10-06T18:18:00Z,155.14,155.15,155.13,155.14
2017-10-06T18:19:00Z,155.14,155.18,155.1323,155.161
2017-10-06T18:20:00Z,155.16,155.1793,155.16,155.17
2017-10-06T18:21:00Z,155.165,155.17,155.152,155.17
2017-10-06T18:22:00Z,155.165,155.165,155.08,155.1
2017-10-06T18:23:00Z,155.0915,155.11,155.08,155.09
2017-10-06T18:24:00Z,155.09,155.0984,154.98,155.021
2017-10-06T18:25:00Z,155.025,155.0499,155.005,155.03
2017-10-06T18:26:00Z,155.03,155.07,155.025,155.07
2017-10-06T18:27:00Z,155.0643,155.07,155.02,155.02
2017-10-06T18:28:00Z,155.0132,155.0132,154.95,154.9973
2017-10-06T18:29:00Z,154.9945,155.04,154.9945,155.0245
2017-10-06T18:30:00Z,155.025,155.03,154.98,154.98
2017-10-06T18:31:00Z,154.9801,155.005,154.9801,155.005
2017-10-06T18:32:00Z,155.0025,155.005,154.995,155.005
2017-10-06T18:33:00Z,155.0067,155.03,155,155.02
2017-10-06T18:34:00Z,155.0212,155.04,155.02,155.025
2017-10-06T18:35:00Z,155.02,155.02,154.97,154.9946
2017-10-06T18:36:00Z,155,155.06,154.995,155.055
2017-10-06T18:37:00Z,155.06,155.06,155.0023,155.02
2017-10-06T18:38:00Z,155.02,155.02,154.9925,155.0043
2017-10-06T18:39:00Z,155.02,155.03,155.004,155.03
2017-10-06T18:40:00Z,155.023,155.04,155.01,155.0357
2017-10-06T18:41:00Z,155.04,155.08,155.04,155.06
2017-10-06T18:42:00Z,155.06,155.07,155.0402,155.069
2017-10-06T18:43:00Z,155.06,155.0654,155.06,155.06
2017-10-06T18:44:00Z,155.06,155.06,155.02,155.03
2017-10-06T18:45:00Z,155.033,155.07,155.033,155.0599
2017-10-06T18:46:00Z,155.05,155.105,155.05,155.105
2017-10-06T18:47:00Z,155.1,155.12,155.08,155.11
2017-10-06T18:48:00Z,155.11,155.11,155.07,155.07
2017-10-06T18:49:00Z,155.0699,155.07,155.0201,155.021
2017-10-06T18:50:00Z,155.02,155.0798,155.01,155.07
2017-10-06T18:51:00Z,155.07,155.09,155.04,155.05
2017-10-06T18:52:00Z,155.06,155.06,155.02,155.04
2017-10-06T18:53:00Z,155.04,155.0556,155.025,155.04
2017-10-06T18:54:00Z,155.0346,155.09,155.03,155.07
2017-10-06T18:55:00Z,155.0731,155.0731,155.0401,155.07
2017-10-06T18:56:00Z,155.08,155.0999,155.0746,155.094
2017-10-06T18:57:00Z,155.09,155.0901,155.06,155.09
2017-10-06T18:58:00Z,155.0801,155.0938,155.0738,155.0938
2017-10-06T18:59:00Z,155.09,155.1,155.08,155.09
2017-10-06T19:00:00Z,155.09,155.09,155.05,155.0842
2017-10-06T19:01:00Z,155.0842,155.0842,155.05,155.07
2017-10-06T19:02:00Z,155.07,155.071,155.04,155.0667
2017-10-06T19:03:00Z,155.06,155.076,155.06,155.06
2017-10-06T19:04:00Z,155.05,155.05,155.02,155.0332
2017-10-06T19:05:00Z,155.03,155.032,155,155.02
2017-10-06T19:06:00Z,155.015,155.04,155.015,155.03
2017-10-06T19:07:00Z,155.04,155.045,155.01,155.02
2017-10-06T19:08:00Z,155.02,155.025,155,155.01
2017-10-06T19:09:00Z,155.015,155.04,155.01,155.0254
2017-10-06T19:10:00Z,155.025,155.04,155.02,155.02
2017-10-06T19:11:00Z,155.02,155.0262,155.01,155.01
2017-10-06T19:12:00Z,155.015,155.07,155.01,155.045
2017-10-06T19:13:00Z,155.045,155.06,155.03,155.05
2017-10-06T19:14:00Z,155.0536,155.1,155.05,155.0944
2017-10-06T19:15:00Z,155.09,155.14,155.07,155.12
2017-10-06T19:16:00Z,155.12,155.15,155.1,155.13
2017-10-06T19:17:00Z,155.1336,155.15,155.12,155.15
2017-10-06T19:18:00Z,155.145,155.145,155.115,155.14
2017-10-06T19:19:00Z,155.14,155.15,155.135,155.14
2017-10-06T19:20:00Z,155.14,155.14,155.11,155.12
2017-10-06T19:21:00Z,155.1292,155.16,155.12,155.1246
2017-10-06T19:22:00Z,155.1299,155.15,155.12,155.14
2017-10-06T19:23:00Z,155.145,155.18,155.13,155.1754
2017-10-06T19:24:00Z,155.175,155.23,155.16,155.2
2017-10-06T19:25:00Z,155.19,155.21,155.15,155.16
2017-10-06T19:26:00Z,155.16,155.16,155.08,155.085
2017-10-06T19:27:00Z,155.09,155.13,155.09,155.11
2017-10-06T19:28:00Z,155.12,155.14,155.09,155.09
2017-10-06T19:29:00Z,155.09,155.1,155.06,155.08
2017-10-06T19:30:00Z,155.09,155.1,155.06,155.09
2017-10-06T19:31:00Z,155.1,155.1,155.08,155.08
2017-10-06T19:32:00Z,155.09,155.1,155.06,155.07
2017-10-06T19:33:00Z,155.07,155.0784,155.03,155.05
2017-10-06T19:34:00Z,155.05,155.06,155.03,155.04
2017-10-06T19:35:00Z,155.04,155.08,155.03,155.08
2017-10-06T19:36:00Z,155.07,155.07,155.02,155.065
2017-10-06T19:37:00Z,155.06,155.1,155.05,155.085
2017-10-06T19:38:00Z,155.08,155.1,155.08,155.09
2017-10-06T19:39:00Z,155.09,155.1,155.07,155.095
2017-10-06T19:40:00Z,155.095,155.1,155.08,155.08
2017-10-06T19:41:00Z,155.1,155.14,155.09,155.13
2017-10-06T19:42:00Z,155.14,155.15,155.13,155.14
2017-10-06T19:43:00Z,155.13,155.15,155.12,155.14
2017-10-06T19:44:00Z,155.139,155.15,155.12,155.13
2017-10-06T19:45:00Z,155.12,155.17,155.1,155.13
2017-10-06T19:46:00Z,155.1267,155.13,155.06,155.08
2017-10-06T19:47:00Z,155.0742,155.105,155.06,155.1
2017-10-06T19:48:00Z,155.11,155.12,155.07,155.08
2017-10-06T19:49:00Z,155.08,155.08,154.99,155.01
2017-10-06T19:50:00Z,155.005,155.34,155.005,155.21
2017-10-06T19:51:00Z,155.21,155.24,155.14,155.16
2017-10-06T19:52:00Z,155.16,155.19,155.14,155.16
2017-10-06T19:53:00Z,155.16,155.17,155.15,155.16
2017-10-06T19:54:00Z,155.155,155.21,155.155,155.2043
2017-10-06T19:55:00Z,155.2099,155.235,155.1747,155.2
2017-10-06T19:56:00Z,155.2,155.25,155.2,155.21
2017-10-06T19:57:00Z,155.22,155.27,155.19,155.23
2017-10-06T19:58:00Z,155.2303,155.3,155.22,155.24
2017-10-06T19:59:00Z,155.24,155.3,155.21,155.29
