2020-08-11T13:30:00Z,447.7,449.575,447.67,449.1729
2020-08-11T13:31:00Z,449.075,449.6999,448.33,448.815
2020-08-11T13:32:00Z,448.4927,448.6,447.01,447.22
2020-08-11T13:33:00Z,447.15,447.4228,445,445.22
2020-08-11T13:34:00Z,445.155,446.5,444.81,445.4813
2020-08-11T13:35:00Z,445.61,446.81,445.13,446.385
2020-08-11T13:36:00Z,446.32,447.89,445.8,447.78
2020-08-11T13:37:00Z,447.85,448.7164,447.66,448.175
2020-08-11T13:38:00Z,448.11,449.93,447.755,448.6937
2020-08-11T13:39:00Z,448.675,449.7,448.63,449.3221
2020-08-11T13:40:00Z,449.33,449.3751,447.43,448.51
2020-08-11T13:41:00Z,448.545,448.9099,447.8,448.8319
2020-08-11T13:42:00Z,448.83,449.3,448.4301,448.4301
2020-08-11T13:43:00Z,448.5199,448.5917,447.82,448.2513
2020-08-11T13:44:00Z,448.31,448.83,448.02,448.075
2020-08-11T13:45:00Z,448.13,449.17,448,448.85
2020-08-11T13:46:00Z,448.85,449.85,448.57,449.5255
2020-08-11T13:47:00Z,449.58,449.85,449.24,449.32
2020-08-11T13:48:00Z,449.34,449.74,449.13,449.374
2020-08-11T13:49:00Z,449.3322,449.73,448.75,448.9102
2020-08-11T13:50:00Z,448.98,449.2562,448.33,448.36
2020-08-11T13:51:00Z,448.44,448.6303,447.6,447.9215
2020-08-11T13:52:00Z,447.92,448.79,447.53,448.7899
2020-08-11T13:53:00Z,448.73,449.14,448.58,448.735
2020-08-11T13:54:00Z,448.67,448.99,448.38,448.77
2020-08-11T13:55:00Z,448.78,448.97,448,448.11
2020-08-11T13:56:00Z,448.1508,448.22,447.3514,447.41
2020-08-11T13:57:00Z,447.3302,448.15,446.86,448.04
2020-08-11T13:58:00Z,448.0685,448.8,447.92,448.05
2020-08-11T13:59:00Z,448.07,448.26,447.23,447.485
2020-08-11T14:00:00Z,447.49,447.77,447.29,447.595
2020-08-11T14:01:00Z,447.6399,447.8493,447.05,447.225
2020-08-11T14:02:00Z,447.19,447.31,446.82,446.95
2020-08-11T14:03:00Z,446.96,447.53,446.5,446.5788
2020-08-11T14:04:00Z,446.5913,446.9,445.8,445.85
2020-08-11T14:05:00Z,445.94,446.5599,445.846,446.0102
2020-08-11T14:06:00Z,446.01,446.24,445.54,445.955
2020-08-11T14:07:00Z,445.91,446.015,445.05,445.06
2020-08-11T14:08:00Z,445.06,445.24,444.5,444.75
2020-08-11T14:09:00Z,444.72,444.84,444.28,444.7
2020-08-11T14:10:00Z,444.73,445.64,444.5629,445.52
2020-08-11T14:11:00Z,445.46,446.31,445.26,445.8025
2020-08-11T14:12:00Z,445.8,445.89,445.3,445.56
2020-08-11T14:13:00Z,445.56,445.68,445.11,445.679
2020-08-11T14:14:00Z,445.6725,445.7399,444.84,445.48
2020-08-11T14:15:00Z,445.46,445.69,445.22,445.47
2020-08-11T14:16:00Z,445.44,445.65,445.38,445.424
2020-08-11T14:17:00Z,445.4033,445.87,445.04,445.74
2020-08-11T14:18:00Z,445.715,446.39,445.68,446.23
2020-08-11T14:19:00Z,446.26,446.61,446.05,446.3795
2020-08-11T14:20:00Z,446.36,446.55,445.52,445.52
2020-08-11T14:21:00Z,445.52,446.04,445.4,445.52
2020-08-11T14:22:00Z,445.56,445.7963,445.29,445.54
2020-08-11T14:23:00Z,445.62,445.95,445.4201,445.6271
2020-08-11T14:24:00Z,445.6699,446,445.66,445.804
2020-08-11T14:25:00Z,445.8,446.4493,445.7791,446.345
2020-08-11T14:26:00Z,446.35,446.8668,446.28,446.49
2020-08-11T14:27:00Z,446.4742,446.6,446.21,446.59
2020-08-11T14:28:00Z,446.6,446.67,446.28,446.35
2020-08-11T14:29:00Z,446.3998,446.3998,445.91,446.01
2020-08-11T14:30:00Z,445.99,445.99,445.5172,445.5172
2020-08-11T14:31:00Z,445.5362,445.82,445.293,445.57
2020-08-11T14:32:00Z,445.49,445.75,445.25,445.42
2020-08-11T14:33:00Z,445.431,445.52,444.93,445.01
2020-08-11T14:34:00Z,445,445.19,444.87,445.015
2020-08-11T14:35:00Z,445.05,445.5,444.93,445.4439
2020-08-11T14:36:00Z,445.45,445.57,445.12,445.329
2020-08-11T14:37:00Z,445.2584,445.51,445.2,445.47
2020-08-11T14:38:00Z,445.5,446.28,445.5,446.24
2020-08-11T14:39:00Z,446.25,446.85,446.2249,446.85
2020-08-11T14:40:00Z,446.8149,446.84,446.27,446.405
2020-08-11T14:41:00Z,446.435,446.535,446.14,446.22
2020-08-11T14:42:00Z,446.25,446.38,446.01,446.0355
2020-08-11T14:43:00Z,446.02,446.165,445.81,445.99
2020-08-11T14:44:00Z,446.005,446.5068,445.945,446.2284
2020-08-11T14:45:00Z,446.29,446.46,445.71,445.71
2020-08-11T14:46:00Z,445.67,446.0899,445.63,445.86
2020-08-11T14:47:00Z,445.8651,446.01,445.4,445.8
2020-08-11T14:48:00Z,445.81,446.28,445.7,445.7
2020-08-11T14:49:00Z,445.65,445.65,445.16,445.52
2020-08-11T14:50:00Z,445.5401,445.8894,445.53,445.6
2020-08-11T14:51:00Z,445.55,445.6499,445.14,445.42
2020-08-11T14:52:00Z,445.435,445.8399,445.41,445.6364
2020-08-11T14:53:00Z,445.645,446.04,445.6385,445.99
2020-08-11T14:54:00Z,446,446.3,445.9,446.1589
2020-08-11T14:55:00Z,446.13,446.17,445.56,445.72
2020-08-11T14:56:00Z,445.6,445.72,445.1101,445.4029
2020-08-11T14:57:00Z,445.44,445.73,445.25,445.53
2020-08-11T14:58:00Z,445.545,445.79,445.5,445.565
2020-08-11T14:59:00Z,445.54,445.6699,445.1916,445.44
2020-08-11T15:00:00Z,445.45,445.7,445.45,445.58
2020-08-11T15:01:00Z,445.5762,446.27,445.419,446.185
2020-08-11T15:02:00Z,446.16,446.56,446.1301,446.35
2020-08-11T15:03:00Z,446.35,446.704,446.25,446.66
2020-08-11T15:04:00Z,446.65,446.6833,446.42,446.64
2020-08-11T15:05:00Z,446.645,447.29,446.63,447.2194
2020-08-11T15:06:00Z,447.202,447.5,447.15,447.3484
2020-08-11T15:07:00Z,447.3435,447.75,447.11,447.49
2020-08-11T15:08:00Z,447.5,447.7899,447.5,447.69
2020-08-11T15:09:00Z,447.69,448.08,447.63,448.0002
2020-08-11T15:10:00Z,448.039,448.41,447.74,448.15
2020-08-11T15:11:00Z,448.13,448.2282,447.59,447.835
2020-08-11T15:12:00Z,447.8201,447.965,447.69,447.76
2020-08-11T15:13:00Z,447.7997,448.19,447.78,448.1
2020-08-11T15:14:00Z,448.102,448.73,448.0967,448.645
2020-08-11T15:15:00Z,448.63,448.73,448.3,448.5483
2020-08-11T15:16:00Z,448.53,448.56,448.0801,448.345
2020-08-11T15:17:00Z,448.33,448.33,447.97,448.165
2020-08-11T15:18:00Z,448.14,448.14,447.76,447.86
2020-08-11T15:19:00Z,447.82,447.98,447.57,447.9698
2020-08-11T15:20:00Z,447.96,448.49,447.9248,448.3101
2020-08-11T15:21:00Z,448.34,448.51,448.09,448.26
2020-08-11T15:22:00Z,448.25,448.4,448.06,448.227
2020-08-11T15:23:00Z,448.2,448.3682,448.1693,448.325
2020-08-11T15:24:00Z,448.315,448.315,447.8,448.2
2020-08-11T15:25:00Z,448.22,448.43,448.02,448.0635
2020-08-11T15:26:00Z,448.055,448.28,447.86,448.2299
2020-08-11T15:27:00Z,448.205,448.49,448.17,448.235
2020-08-11T15:28:00Z,448.22,448.29,447.78,447.83
2020-08-11T15:29:00Z,447.84,447.86,447.3801,447.52
2020-08-11T15:30:00Z,447.56,447.65,447.26,447.337
2020-08-11T15:31:00Z,447.365,447.375,446.8,446.875
2020-08-11T15:32:00Z,446.8803,447.125,446.66,447.005
2020-08-11T15:33:00Z,447.005,447.005,446.47,446.63
2020-08-11T15:34:00Z,446.66,446.723,446.1205,446.58
2020-08-11T15:35:00Z,446.64,446.98,446.57,446.8556
2020-08-11T15:36:00Z,446.8686,447.09,446.77,447.08
2020-08-11T15:37:00Z,447.0486,447.07,446.5818,446.7
2020-08-11T15:38:00Z,446.66,446.7498,446.38,446.49
2020-08-11T15:39:00Z,446.525,446.64,446.2601,446.39
2020-08-11T15:40:00Z,446.35,446.53,446.26,446.28
2020-08-11T15:41:00Z,446.28,446.36,446,446.195
2020-08-11T15:42:00Z,446.17,446.17,445.8,445.92
2020-08-11T15:43:00Z,445.89,446.1569,445.3,445.4632
2020-08-11T15:44:00Z,445.51,445.5599,445.19,445.475
2020-08-11T15:45:00Z,445.48,445.56,445,445.06
2020-08-11T15:46:00Z,445.0858,445.45,445.0858,445.4024
2020-08-11T15:47:00Z,445.43,445.486,445.21,445.41
2020-08-11T15:48:00Z,445.3967,445.46,445.1504,445.3
2020-08-11T15:49:00Z,445.31,445.57,445.28,445.47
2020-08-11T15:50:00Z,445.5,445.54,445.28,445.315
2020-08-11T15:51:00Z,445.3,445.36,444.38,444.46
2020-08-11T15:52:00Z,444.44,444.99,444.38,444.94
2020-08-11T15:53:00Z,444.94,445.1406,444.76,445.03
2020-08-11T15:54:00Z,445.01,445.05,444.7,444.75
2020-08-11T15:55:00Z,444.7302,445.2009,444.7,445.145
2020-08-11T15:56:00Z,445.1027,445.45,445.05,445.26
2020-08-11T15:57:00Z,445.26,445.5,445.25,445.47
2020-08-11T15:58:00Z,445.4655,445.49,445.26,445.4615
2020-08-11T15:59:00Z,445.45,445.6,445.32,445.5348
2020-08-11T16:00:00Z,445.57,446,445.42,445.9
2020-08-11T16:01:00Z,445.9,446.36,445.83,446.28
2020-08-11T16:02:00Z,446.28,446.5,445.63,446.005
2020-08-11T16:03:00Z,445.99,446.18,445.67,445.685
2020-08-11T16:04:00Z,445.714,445.9299,445.12,445.18
2020-08-11T16:05:00Z,445.17,445.85,444.93,445.802
2020-08-11T16:06:00Z,445.81,446.1,445.79,446.024
2020-08-11T16:07:00Z,446.035,446.25,446.0063,446.1429
2020-08-11T16:08:00Z,446.16,446.4396,446.1,446.4
2020-08-11T16:09:00Z,446.4,446.55,446.22,446.55
2020-08-11T16:10:00Z,446.535,446.535,446.13,446.3296
2020-08-11T16:11:00Z,446.355,446.51,446.3001,446.455
2020-08-11T16:12:00Z,446.48,446.54,446.16,446.35
2020-08-11T16:13:00Z,446.33,446.75,446.2561,446.61
2020-08-11T16:14:00Z,446.6099,446.85,446.31,446.75
2020-08-11T16:15:00Z,446.73,446.95,446.56,446.58
2020-08-11T16:16:00Z,446.58,446.72,446.2182,446.6401
2020-08-11T16:17:00Z,446.66,446.99,446.64,446.87
2020-08-11T16:18:00Z,446.8684,447,446.58,446.6413
2020-08-11T16:19:00Z,446.625,446.86,446.53,446.55
2020-08-11T16:20:00Z,446.5435,446.5595,445.9351,446.04
2020-08-11T16:21:00Z,446.08,446.4319,446,446.3601
2020-08-11T16:22:00Z,446.41,446.739,446.395,446.725
2020-08-11T16:23:00Z,446.725,446.92,446.725,446.82
2020-08-11T16:24:00Z,446.82,447.01,446.725,447.0061
2020-08-11T16:25:00Z,446.99,447.015,446.72,446.8487
2020-08-11T16:26:00Z,446.85,446.96,446.8206,446.91
2020-08-11T16:27:00Z,446.85,446.88,446.65,446.71
2020-08-11T16:28:00Z,446.76,447.2,446.76,447.025
2020-08-11T16:29:00Z,447,447.08,446.79,446.81
2020-08-11T16:30:00Z,446.83,446.936,446.5611,446.675
2020-08-11T16:31:00Z,446.67,446.73,446.16,446.24
2020-08-11T16:32:00Z,446.23,446.5,446.17,446.4869
2020-08-11T16:33:00Z,446.465,446.53,446.26,446.3615
2020-08-11T16:34:00Z,446.34,446.4,446.22,446.3
2020-08-11T16:35:00Z,446.361,446.7,446.12,446.25
2020-08-11T16:36:00Z,446.29,446.83,446.29,446.7779
2020-08-11T16:37:00Z,446.7952,447,446.7601,446.835
2020-08-11T16:38:00Z,446.86,446.91,446.7,446.845
2020-08-11T16:39:00Z,446.87,447.03,446.86,447.0299
2020-08-11T16:40:00Z,447.02,447.0755,446.785,446.936
2020-08-11T16:41:00Z,446.93,447.1,446.83,446.92
2020-08-11T16:42:00Z,446.91,447.1799,446.68,446.94
2020-08-11T16:43:00Z,446.94,447.19,446.93,447.085
2020-08-11T16:44:00Z,447.084,447.2,447.01,447.12
2020-08-11T16:45:00Z,447.15,447.48,447.07,447.355
2020-08-11T16:46:00Z,447.33,447.419,447.06,447.2
2020-08-11T16:47:00Z,447.195,447.27,447,447.0647
2020-08-11T16:48:00Z,447.0493,447.23,446.688,446.7
2020-08-11T16:49:00Z,446.69,446.82,446.4801,446.5
2020-08-11T16:50:00Z,446.511,446.65,446.11,446.15
2020-08-11T16:51:00Z,446.155,446.3599,445.9601,446.07
2020-08-11T16:52:00Z,446.04,446.2877,445.92,446.175
2020-08-11T16:53:00Z,446.175,446.26,446.05,446.07
2020-08-11T16:54:00Z,446.0978,446.1,445.75,445.9654
2020-08-11T16:55:00Z,445.94,446.14,445.82,445.96
2020-08-11T16:56:00Z,445.945,446.16,445.77,446.15
2020-08-11T16:57:00Z,446.16,446.24,445.935,446.07
2020-08-11T16:58:00Z,446.07,446.23,446,446.025
2020-08-11T16:59:00Z,446.04,446.22,445.8997,445.91
2020-08-11T17:00:00Z,445.92,445.9353,445.545,445.57
2020-08-11T17:01:00Z,445.585,445.85,445.555,445.8049
2020-08-11T17:02:00Z,445.81,446.438,445.8,446.35
2020-08-11T17:03:00Z,446.376,446.376,446.09,446.28
2020-08-11T17:04:00Z,446.29,446.29,445.99,446.22
2020-08-11T17:05:00Z,446.273,446.42,446.0901,446.245
2020-08-11T17:06:00Z,446.245,446.57,446.05,446.51
2020-08-11T17:07:00Z,446.5,446.62,446.44,446.54
2020-08-11T17:08:00Z,446.53,446.5599,446.24,446.49
2020-08-11T17:09:00Z,446.52,446.65,446.38,446.5
2020-08-11T17:10:00Z,446.52,446.68,446.2101,446.54
2020-08-11T17:11:00Z,446.52,446.54,446.32,446.41
2020-08-11T17:12:00Z,446.39,446.65,446.3622,446.625
2020-08-11T17:13:00Z,446.65,446.6554,446.34,446.34
2020-08-11T17:14:00Z,446.29,446.2962,445.94,446.02
2020-08-11T17:15:00Z,446.0277,446.35,445.99,446.26
2020-08-11T17:16:00Z,446.3,446.37,446.08,446.15
2020-08-11T17:17:00Z,446.19,446.34,445.92,446.18
2020-08-11T17:18:00Z,446.16,446.28,446.09,446.19
2020-08-11T17:19:00Z,446.236,446.4,446.15,446.25
2020-08-11T17:20:00Z,446.2652,446.29,445.9002,445.9008
2020-08-11T17:21:00Z,445.9001,446.3142,445.73,446.25
2020-08-11T17:22:00Z,446.205,446.62,445.7538,446.58
2020-08-11T17:23:00Z,446.5584,446.8973,446.25,446.79
2020-08-11T17:24:00Z,446.781,447,446.6981,446.94
2020-08-11T17:25:00Z,446.885,446.885,446.5801,446.745
2020-08-11T17:26:00Z,446.72,446.81,446.52,446.631
2020-08-11T17:27:00Z,446.62,446.69,446.55,446.66
2020-08-11T17:28:00Z,446.68,446.94,446.63,446.7724
2020-08-11T17:29:00Z,446.747,446.81,446.6,446.69
2020-08-11T17:30:00Z,446.7382,446.84,446.46,446.49
2020-08-11T17:31:00Z,446.55,446.58,446.05,446.09
2020-08-11T17:32:00Z,446.085,446.315,446.01,446.05
2020-08-11T17:33:00Z,446.11,446.21,445.97,446.07
2020-08-11T17:34:00Z,446.065,446.2525,446.065,446.1848
2020-08-11T17:35:00Z,446.2,446.2799,446.0401,446.1801
2020-08-11T17:36:00Z,446.16,446.24,446.07,446.115
2020-08-11T17:37:00Z,446.09,446.4,446.025,446.22
2020-08-11T17:38:00Z,446.225,446.435,446.2,446.2703
2020-08-11T17:39:00Z,446.281,446.281,446.02,446.04
2020-08-11T17:40:00Z,446.05,446.21,445.81,445.9753
2020-08-11T17:41:00Z,445.985,446.0016,445.85,445.9233
2020-08-11T17:42:00Z,445.92,446.24,445.82,446.1501
2020-08-11T17:43:00Z,446.18,446.3492,446,446.0121
2020-08-11T17:44:00Z,446.01,446.03,445.76,445.95
2020-08-11T17:45:00Z,445.93,446.1582,445.87,446.0881
2020-08-11T17:46:00Z,446.0896,446.1011,445.91,445.98
2020-08-11T17:47:00Z,445.95,446.1,445.79,445.82
2020-08-11T17:48:00Z,445.825,445.84,445.34,445.5059
2020-08-11T17:49:00Z,445.49,445.5694,445.3401,445.365
2020-08-11T17:50:00Z,445.365,445.6,445.19,445.55
2020-08-11T17:51:00Z,445.575,445.67,445.45,445.49
2020-08-11T17:52:00Z,445.4902,445.75,445.4,445.651
2020-08-11T17:53:00Z,445.675,445.88,445.62,445.81
2020-08-11T17:54:00Z,445.8101,445.915,445.75,445.79
2020-08-11T17:55:00Z,445.78,445.8003,445.5,445.605
2020-08-11T17:56:00Z,445.6,445.8,445.55,445.8
2020-08-11T17:57:00Z,445.819,446.1834,445.77,446.1401
2020-08-11T17:58:00Z,446.145,446.27,446.0507,446.1601
2020-08-11T17:59:00Z,446.14,446.16,446.03,446.04
2020-08-11T18:00:00Z,446.06,446.14,445.94,446.08
2020-08-11T18:01:00Z,446.0957,446.11,445.86,445.9823
2020-08-11T18:02:00Z,445.9434,446.08,445.822,446.0201
2020-08-11T18:03:00Z,446.04,446.0598,445.7107,445.77
2020-08-11T18:04:00Z,445.8,445.8,445.5012,445.71
2020-08-11T18:05:00Z,445.6914,445.8818,445.57,445.6
2020-08-11T18:06:00Z,445.6201,445.99,445.6,445.975
2020-08-11T18:07:00Z,446,446.17,445.97,446.1525
2020-08-11T18:08:00Z,446.11,446.22,445.665,445.82
2020-08-11T18:09:00Z,445.83,445.94,445.66,445.9
2020-08-11T18:10:00Z,445.92,446.07,445.67,445.8314
2020-08-11T18:11:00Z,445.85,445.8923,445.66,445.7136
2020-08-11T18:12:00Z,445.7,445.79,445.12,445.13
2020-08-11T18:13:00Z,445.1,445.35,444.41,444.44
2020-08-11T18:14:00Z,444.42,444.5,443.5,443.53
2020-08-11T18:15:00Z,443.53,444.18,443.14,443.175
2020-08-11T18:16:00Z,443.155,443.79,442.88,443.6517
2020-08-11T18:17:00Z,443.625,444.36,443.3701,444.02
2020-08-11T18:18:00Z,444.06,444.75,444.04,444.53
2020-08-11T18:19:00Z,444.55,444.73,443.99,444.24
2020-08-11T18:20:00Z,444.2799,444.2799,443.63,443.96
2020-08-11T18:21:00Z,443.97,444.14,443.71,444.115
2020-08-11T18:22:00Z,444.115,444.31,443.84,444.05
2020-08-11T18:23:00Z,444.09,444.15,443.56,443.845
2020-08-11T18:24:00Z,443.835,444,443.22,443.4087
2020-08-11T18:25:00Z,443.37,443.6799,443.26,443.27
2020-08-11T18:26:00Z,443.25,443.64,443.01,443.6
2020-08-11T18:27:00Z,443.54,443.94,443.46,443.5218
2020-08-11T18:28:00Z,443.5923,443.67,443.0201,443.269
2020-08-11T18:29:00Z,443.21,443.6,443.19,443.3402
2020-08-11T18:30:00Z,443.37,443.46,442.74,442.81
2020-08-11T18:31:00Z,442.77,443,442.45,442.935
2020-08-11T18:32:00Z,442.9378,443.3199,442.85,443.225
2020-08-11T18:33:00Z,443.24,443.49,443.13,443.49
2020-08-11T18:34:00Z,443.5,443.87,443.5,443.605
2020-08-11T18:35:00Z,443.5701,443.99,443.25,443.795
2020-08-11T18:36:00Z,443.795,443.8,442.97,443.13
2020-08-11T18:37:00Z,443.09,443.09,442.64,443.035
2020-08-11T18:38:00Z,443.1,443.1,442.6,442.67
2020-08-11T18:39:00Z,442.67,442.999,442.44,442.46
2020-08-11T18:40:00Z,442.455,443.27,442.37,443.205
2020-08-11T18:41:00Z,443.22,443.66,443.2109,443.44
2020-08-11T18:42:00Z,443.48,443.71,442.97,443.37
2020-08-11T18:43:00Z,443.3952,443.8099,443.365,443.755
2020-08-11T18:44:00Z,443.78,443.8,443.392,443.41
2020-08-11T18:45:00Z,443.515,443.54,443.05,443.185
2020-08-11T18:46:00Z,443.22,443.56,443.1008,443.4
2020-08-11T18:47:00Z,443.4,443.6,443.16,443.2
2020-08-11T18:48:00Z,443.1916,443.34,442.82,443.08
2020-08-11T18:49:00Z,443.08,443.3388,442.94,442.995
2020-08-11T18:50:00Z,442.99,443.3175,442.81,442.865
2020-08-11T18:51:00Z,442.84,442.86,442.55,442.61
2020-08-11T18:52:00Z,442.61,442.78,442.31,442.34
2020-08-11T18:53:00Z,442.33,442.7699,442.31,442.69
2020-08-11T18:54:00Z,442.685,443.32,442.685,443.115
2020-08-11T18:55:00Z,443.105,443.2025,442.82,443.145
2020-08-11T18:56:00Z,443.1346,443.1346,442.87,442.8828
2020-08-11T18:57:00Z,442.9,443,442.85,443
2020-08-11T18:58:00Z,442.985,443.06,442.9,442.9
2020-08-11T18:59:00Z,442.9,443.48,442.7503,443.3692
2020-08-11T19:00:00Z,443.41,443.68,443.01,443.6499
2020-08-11T19:01:00Z,443.615,443.72,443.23,443.52
2020-08-11T19:02:00Z,443.55,443.57,443,443.235
2020-08-11T19:03:00Z,443.28,443.47,442.83,443.32
2020-08-11T19:04:00Z,443.28,443.2843,442.02,442.0207
2020-08-11T19:05:00Z,442.05,442.3,441.5572,442.05
2020-08-11T19:06:00Z,442.0506,442.64,441.97,442.31
2020-08-11T19:07:00Z,442.28,442.43,442.11,442.17
2020-08-11T19:08:00Z,442.1773,442.26,441.67,441.82
2020-08-11T19:09:00Z,441.7789,441.91,441.4715,441.5221
2020-08-11T19:10:00Z,441.551,441.87,441.26,441.77
2020-08-11T19:11:00Z,441.78,442.31,441.78,442.125
2020-08-11T19:12:00Z,442.08,442.48,441.8965,442.46
2020-08-11T19:13:00Z,442.45,442.75,442.37,442.545
2020-08-11T19:14:00Z,442.5201,442.5999,441.6601,441.72
2020-08-11T19:15:00Z,441.65,441.95,441.36,441.405
2020-08-11T19:16:00Z,441.3939,441.67,440.52,440.565
2020-08-11T19:17:00Z,440.5768,440.9,440.3,440.42
2020-08-11T19:18:00Z,440.41,440.58,440,440.0682
2020-08-11T19:19:00Z,440.05,440.18,439,439.62
2020-08-11T19:20:00Z,439.6451,440.4399,439.27,440.27
2020-08-11T19:21:00Z,440.17,440.62,440.1,440.335
2020-08-11T19:22:00Z,440.3403,440.49,439.811,439.89
2020-08-11T19:23:00Z,439.83,440,439.6301,439.73
2020-08-11T19:24:00Z,439.73,439.73,439.25,439.32
2020-08-11T19:25:00Z,439.44,440.33,439.33,440.17
2020-08-11T19:26:00Z,440.19,440.55,439.82,440.55
2020-08-11T19:27:00Z,440.585,440.86,440.4,440.7222
2020-08-11T19:28:00Z,440.7582,441.32,440.62,441.32
2020-08-11T19:29:00Z,441.33,441.54,441.18,441.28
2020-08-11T19:30:00Z,441.3025,441.3025,440.631,440.7
2020-08-11T19:31:00Z,440.6829,440.98,440.19,440.31
2020-08-11T19:32:00Z,440.32,440.4,439.9,439.97
2020-08-11T19:33:00Z,439.955,440.05,439.23,439.26
2020-08-11T19:34:00Z,439.27,439.55,439.18,439.2016
2020-08-11T19:35:00Z,439.215,439.9,439.195,439.38
2020-08-11T19:36:00Z,439.384,440.03,439.26,439.99
2020-08-11T19:37:00Z,439.975,440.15,439.45,439.545
2020-08-11T19:38:00Z,439.56,439.71,438.58,438.615
2020-08-11T19:39:00Z,438.69,439.47,438,439.365
2020-08-11T19:40:00Z,439.36,439.82,438.52,438.795
2020-08-11T19:41:00Z,438.75,438.8894,437.81,438.45
2020-08-11T19:42:00Z,438.4102,438.7407,437.7945,438.3022
2020-08-11T19:43:00Z,438.285,438.375,437.3469,437.4489
2020-08-11T19:44:00Z,437.425,438,437.3,437.94
2020-08-11T19:45:00Z,437.9,438.25,437.63,437.91
2020-08-11T19:46:00Z,437.925,438.14,437.69,437.76
2020-08-11T19:47:00Z,437.72,437.87,437.2101,437.34
2020-08-11T19:48:00Z,437.35,438.02,437.18,437.93
2020-08-11T19:49:00Z,437.92,438.55,437.87,438.23
2020-08-11T19:50:00Z,438.22,438.28,436.81,437.1917
2020-08-11T19:51:00Z,437.18,438.06,437.18,437.78
2020-08-11T19:52:00Z,437.78,437.93,437.05,437.1181
2020-08-11T19:53:00Z,437.13,437.2,436.4267,436.78
2020-08-11T19:54:00Z,436.8,437.2,436.5,436.61
2020-08-11T19:55:00Z,436.64,437.45,436.5,437.13
2020-08-11T19:56:00Z,437.14,437.48,436.64,437.1941
2020-08-11T19:57:00Z,437.16,437.58,437.1,437.51
2020-08-11T19:58:00Z,437.5,437.68,437.12,437.579
2020-08-11T19:59:00Z,437.53,437.92,437.14,437.51
