2019-01-29T13:30:00Z,156.64,156.64,156.64,156.64
2019-01-29T13:31:00Z,156.68,156.7,156.6,156.65
2019-01-29T13:32:00Z,156.62,156.62,156.55,156.55
2019-01-29T13:33:00Z,156.5,156.5,156.5,156.5
2019-01-29T13:34:00Z,156.6,156.6,156.58,156.59
2019-01-29T13:35:00Z,156.59,156.59,156.5,156.5
2019-01-29T13:36:00Z,156.55,156.55,156.5,156.5
2019-01-29T13:37:00Z,156.58,156.58,156.58,156.58
2019-01-29T13:38:00Z,156.51,156.51,156.5,156.5
2019-01-29T13:39:00Z,156.57,156.58,156.57,156.58
2019-01-29T13:40:00Z,156.58,156.59,156.57,156.57
2019-01-29T13:41:00Z,156.53,156.58,156.5,156.51
2019-01-29T13:42:00Z,156.59,156.59,156.53,156.53
2019-01-29T13:43:00Z,156.57,156.57,156.5,156.5
2019-01-29T13:44:00Z,156.55,156.59,156.55,156.59
2019-01-29T13:45:00Z,156.59,156.59,156.58,156.58
2019-01-29T13:47:00Z,156.58,156.58,156.55,156.58
2019-01-29T13:48:00Z,156.55,156.55,156.52,156.55
2019-01-29T13:49:00Z,156.57,156.7,156.57,156.7
2019-01-29T13:50:00Z,156.6,156.6,156.6,156.6
2019-01-29T13:51:00Z,156.6,156.6,156.56,156.56
2019-01-29T13:52:00Z,156.6,156.65,156.59,156.65
2019-01-29T13:53:00Z,156.63,156.65,156.6,156.6
2019-01-29T13:54:00Z,156.57,156.57,156.57,156.57
2019-01-29T13:55:00Z,156.55,156.55,156.45,156.45
2019-01-29T13:56:00Z,156.5,156.64,156.5,156.51
2019-01-29T13:57:00Z,156.58,156.58,156.5,156.5
2019-01-29T13:58:00Z,156.51,156.51,156.5,156.5
2019-01-29T13:59:00Z,156.51,156.51,156.5,156.51
2019-01-29T14:00:00Z,156.5,156.51,156.5,156.5
2019-01-29T14:01:00Z,156.55,156.61,156.5191,156.61
2019-01-29T14:02:00Z,156.61,156.64,156.61,156.64
2019-01-29T14:03:00Z,156.55,156.55,156.55,156.55
2019-01-29T14:04:00Z,156.51,156.51,156.5,156.5
2019-01-29T14:05:00Z,156.5,156.5,156.42,156.42
2019-01-29T14:06:00Z,156.42,156.6,156.42,156.45
2019-01-29T14:07:00Z,156.5496,156.5496,156.45,156.5077
2019-01-29T14:08:00Z,156.45,156.45,156.3612,156.3612
2019-01-29T14:09:00Z,156.45,156.45,156.45,156.45
2019-01-29T14:11:00Z,156.36,156.45,156.36,156.45
2019-01-29T14:12:00Z,156.49,156.49,156.45,156.45
2019-01-29T14:13:00Z,156.49,156.49,156.45,156.46
2019-01-29T14:14:00Z,156.5,156.5,156.5,156.5
2019-01-29T14:15:00Z,156.53,156.53,156.53,156.53
2019-01-29T14:16:00Z,156.55,156.55,156.5,156.5
2019-01-29T14:17:00Z,156.5,156.5,156.5,156.5
2019-01-29T14:18:00Z,156.5,156.5,156.5,156.5
2019-01-29T14:19:00Z,156.47,156.48,156.45,156.48
2019-01-29T14:21:00Z,156.46,156.46,156.39,156.4
2019-01-29T14:22:00Z,156.36,156.36,156.3,156.3
2019-01-29T14:23:00Z,156.32,156.4,156.31,156.35
2019-01-29T14:24:00Z,156.4,156.4,156.4,156.4
2019-01-29T14:25:00Z,156.35,156.439,156.25,156.439
2019-01-29T14:26:00Z,156.4,156.4,156.38,156.38
2019-01-29T14:27:00Z,156.38,156.38,156.38,156.38
2019-01-29T14:29:00Z,156.25,156.25,156.22,156.22
2019-01-29T14:30:00Z,156.25,156.45,156.09,156.205
2019-01-29T14:31:00Z,156.2,156.3,155.9,156.0698
2019-01-29T14:32:00Z,156.05,156.54,156,156.51
2019-01-29T14:33:00Z,156.51,156.6392,156.39,156.565
2019-01-29T14:34:00Z,156.565,157,156.5,156.871
2019-01-29T14:35:00Z,156.89,157.03,156.745,156.78
2019-01-29T14:36:00Z,156.77,156.935,156.71,156.88
2019-01-29T14:37:00Z,156.92,157,156.88,156.89
2019-01-29T14:38:00Z,156.87,156.88,156.66,156.8137
2019-01-29T14:39:00Z,156.83,156.87,156.64,156.6907
2019-01-29T14:40:00Z,156.6988,156.73,156.56,156.73
2019-01-29T14:41:00Z,156.71,156.8775,156.6997,156.73
2019-01-29T14:42:00Z,156.7202,157.0277,156.7,157.02
2019-01-29T14:43:00Z,157.03,157.12,156.95,157.08
2019-01-29T14:44:00Z,157.08,157.15,157.03,157.04
2019-01-29T14:45:00Z,157.05,157.2,156.91,157.19
2019-01-29T14:46:00Z,157.19,157.47,157.17,157.4621
2019-01-29T14:47:00Z,157.48,157.78,157.4512,157.78
2019-01-29T14:48:00Z,157.78,158.06,157.75,157.91
2019-01-29T14:49:00Z,157.91,158.13,157.88,158.0448
2019-01-29T14:50:00Z,158.0341,158.0597,157.8996,157.95
2019-01-29T14:51:00Z,157.95,157.98,157.76,157.76
2019-01-29T14:52:00Z,157.7515,157.79,157.54,157.6592
2019-01-29T14:53:00Z,157.66,157.68,157.51,157.55
2019-01-29T14:54:00Z,157.55,157.55,157.34,157.41
2019-01-29T14:55:00Z,157.41,157.55,157.3885,157.5
2019-01-29T14:56:00Z,157.5,157.67,157.5,157.6501
2019-01-29T14:57:00Z,157.6532,157.6532,157.25,157.3529
2019-01-29T14:58:00Z,157.37,157.47,157.37,157.41
2019-01-29T14:59:00Z,157.4,157.415,157.24,157.3247
2019-01-29T15:00:00Z,157.33,157.7,157.3246,157.67
2019-01-29T15:01:00Z,157.675,157.87,157.6065,157.86
2019-01-29T15:02:00Z,157.85,157.94,157.85,157.915
2019-01-29T15:03:00Z,157.9136,157.98,157.69,157.71
2019-01-29T15:04:00Z,157.71,157.87,157.67,157.8598
2019-01-29T15:05:00Z,157.85,157.98,157.75,157.8039
2019-01-29T15:06:00Z,157.8,157.8,157.31,157.36
2019-01-29T15:07:00Z,157.361,157.361,156.87,157.05
2019-01-29T15:08:00Z,157.06,157.3,157.034,157.16
2019-01-29T15:09:00Z,157.16,157.25,157.07,157.17
2019-01-29T15:10:00Z,157.17,157.21,157.03,157.1
2019-01-29T15:11:00Z,157.1031,157.2,157.09,157.2
2019-01-29T15:12:00Z,157.19,157.2599,157.06,157.07
2019-01-29T15:13:00Z,157.069,157.19,156.95,157
2019-01-29T15:14:00Z,157,157.05,156.83,156.92
2019-01-29T15:15:00Z,156.92,156.9399,156.78,156.84
2019-01-29T15:16:00Z,156.87,156.984,156.84,156.86
2019-01-29T15:17:00Z,156.8539,156.92,156.76,156.896
2019-01-29T15:18:00Z,156.9,157.01,156.896,156.9284
2019-01-29T15:19:00Z,156.925,157.05,156.921,157.0497
2019-01-29T15:20:00Z,157.02,157.04,156.87,156.871
2019-01-29T15:21:00Z,156.8898,156.89,156.65,156.73
2019-01-29T15:22:00Z,156.73,156.73,156.6,156.66
2019-01-29T15:23:00Z,156.66,156.85,156.65,156.6882
2019-01-29T15:24:00Z,156.68,156.74,156.53,156.72
2019-01-29T15:25:00Z,156.725,156.89,156.71,156.796
2019-01-29T15:26:00Z,156.8,156.89,156.76,156.87
2019-01-29T15:27:00Z,156.87,156.87,156.7,156.7102
2019-01-29T15:28:00Z,156.72,156.84,156.68,156.82
2019-01-29T15:29:00Z,156.8362,157.02,156.8,157.02
2019-01-29T15:30:00Z,157.05,157.1,156.9,156.91
2019-01-29T15:31:00Z,156.92,156.95,156.88,156.8896
2019-01-29T15:32:00Z,156.88,156.88,156.73,156.75
2019-01-29T15:33:00Z,156.74,156.75,156.575,156.6275
2019-01-29T15:34:00Z,156.63,156.635,156.5,156.54
2019-01-29T15:35:00Z,156.5402,156.6,156.4503,156.4531
2019-01-29T15:36:00Z,156.4666,156.51,156.35,156.44
2019-01-29T15:37:00Z,156.44,156.47,156.3765,156.4572
2019-01-29T15:38:00Z,156.4501,156.56,156.3601,156.3802
2019-01-29T15:39:00Z,156.4,156.46,156.3,156.375
2019-01-29T15:40:00Z,156.38,156.48,156.3,156.33
2019-01-29T15:41:00Z,156.35,156.5,156.3402,156.3402
2019-01-29T15:42:00Z,156.34,156.4,156.04,156.0492
2019-01-29T15:43:00Z,156.06,156.36,156.04,156.31
2019-01-29T15:44:00Z,156.32,156.365,156.19,156.34
2019-01-29T15:45:00Z,156.3594,156.5195,156.35,156.4214
2019-01-29T15:46:00Z,156.4201,156.5,156.35,156.38
2019-01-29T15:47:00Z,156.38,156.39,156.23,156.291
2019-01-29T15:48:00Z,156.29,156.2968,156.11,156.2588
2019-01-29T15:49:00Z,156.25,156.31,156.17,156.28
2019-01-29T15:50:00Z,156.2851,156.3,155.97,156.111
2019-01-29T15:51:00Z,156.11,156.2,156.01,156.02
2019-01-29T15:52:00Z,156.01,156.0628,155.86,155.88
2019-01-29T15:53:00Z,155.8832,155.8987,155.77,155.85
2019-01-29T15:54:00Z,155.82,156.0296,155.82,155.9
2019-01-29T15:55:00Z,155.89,155.9,155.75,155.9
2019-01-29T15:56:00Z,155.89,155.9,155.66,155.73
2019-01-29T15:57:00Z,155.73,155.73,155.55,155.6
2019-01-29T15:58:00Z,155.59,155.8,155.52,155.73
2019-01-29T15:59:00Z,155.72,155.87,155.6789,155.76
2019-01-29T16:00:00Z,155.75,155.75,155.56,155.7
2019-01-29T16:01:00Z,155.6903,155.84,155.545,155.84
2019-01-29T16:02:00Z,155.82,155.82,155.5933,155.65
2019-01-29T16:03:00Z,155.65,155.67,155.55,155.6
2019-01-29T16:04:00Z,155.6,155.6,155.45,155.525
2019-01-29T16:05:00Z,155.52,155.58,155.34,155.44
2019-01-29T16:06:00Z,155.4625,155.72,155.455,155.6849
2019-01-29T16:07:00Z,155.66,155.7602,155.63,155.76
2019-01-29T16:08:00Z,155.74,155.83,155.73,155.75
2019-01-29T16:09:00Z,155.76,155.78,155.69,155.71
2019-01-29T16:10:00Z,155.72,155.7999,155.72,155.7602
2019-01-29T16:11:00Z,155.77,155.795,155.69,155.71
2019-01-29T16:12:00Z,155.71,155.81,155.695,155.7597
2019-01-29T16:13:00Z,155.76,155.78,155.64,155.6437
2019-01-29T16:14:00Z,155.645,155.79,155.6431,155.76
2019-01-29T16:15:00Z,155.77,155.81,155.75,155.765
2019-01-29T16:16:00Z,155.77,155.81,155.73,155.75
2019-01-29T16:17:00Z,155.77,155.81,155.72,155.75
2019-01-29T16:18:00Z,155.76,155.79,155.5714,155.58
2019-01-29T16:19:00Z,155.58,155.59,155.42,155.45
2019-01-29T16:20:00Z,155.45,155.4975,155.365,155.365
2019-01-29T16:21:00Z,155.36,155.4099,155.245,155.3832
2019-01-29T16:22:00Z,155.39,155.52,155.38,155.515
2019-01-29T16:23:00Z,155.52,155.57,155.5,155.54
2019-01-29T16:24:00Z,155.55,155.66,155.5473,155.64
2019-01-29T16:25:00Z,155.62,155.62,155.48,155.535
2019-01-29T16:26:00Z,155.535,155.7,155.5302,155.64
2019-01-29T16:27:00Z,155.64,155.74,155.5874,155.73
2019-01-29T16:28:00Z,155.73,155.7969,155.69,155.7577
2019-01-29T16:29:00Z,155.75,155.75,155.651,155.7259
2019-01-29T16:30:00Z,155.74,155.83,155.66,155.68
2019-01-29T16:31:00Z,155.6695,155.685,155.61,155.62
2019-01-29T16:32:00Z,155.62,155.635,155.55,155.55
2019-01-29T16:33:00Z,155.5545,155.645,155.54,155.62
2019-01-29T16:34:00Z,155.63,155.71,155.61,155.65
2019-01-29T16:35:00Z,155.63,155.8,155.62,155.7733
2019-01-29T16:36:00Z,155.7711,155.9769,155.74,155.94
2019-01-29T16:37:00Z,155.94,156,155.89,155.9769
2019-01-29T16:38:00Z,155.9683,156.05,155.94,155.985
2019-01-29T16:39:00Z,155.99,156.08,155.97,156.03
2019-01-29T16:40:00Z,156.02,156.065,155.89,156.06
2019-01-29T16:41:00Z,156.05,156.0639,156,156.04
2019-01-29T16:42:00Z,156.045,156.15,156.01,156.11
2019-01-29T16:43:00Z,156.1105,156.15,156.08,156.1
2019-01-29T16:44:00Z,156.1157,156.3155,156.11,156.28
2019-01-29T16:45:00Z,156.285,156.34,156.255,156.29
2019-01-29T16:46:00Z,156.2996,156.3,156.239,156.2742
2019-01-29T16:47:00Z,156.2899,156.42,156.21,156.42
2019-01-29T16:48:00Z,156.42,156.42,156.32,156.37
2019-01-29T16:49:00Z,156.36,156.43,156.34,156.4186
2019-01-29T16:50:00Z,156.42,156.44,156.38,156.44
2019-01-29T16:51:00Z,156.4462,156.48,156.39,156.46
2019-01-29T16:52:00Z,156.45,156.47,156.408,156.468
2019-01-29T16:53:00Z,156.4699,156.5,156.3634,156.39
2019-01-29T16:54:00Z,156.395,156.3999,156.26,156.27
2019-01-29T16:55:00Z,156.2762,156.28,156.2172,156.24
2019-01-29T16:56:00Z,156.24,156.24,156.09,156.1401
2019-01-29T16:57:00Z,156.16,156.37,156.1599,156.365
2019-01-29T16:58:00Z,156.37,156.43,156.37,156.4202
2019-01-29T16:59:00Z,156.42,156.49,156.39,156.41
2019-01-29T17:00:00Z,156.4001,156.46,156.4,156.46
2019-01-29T17:01:00Z,156.46,156.48,156.4,156.4
2019-01-29T17:02:00Z,156.4,156.41,156.16,156.16
2019-01-29T17:03:00Z,156.16,156.26,156.1,156.2
2019-01-29T17:04:00Z,156.22,156.22,156.13,156.2008
2019-01-29T17:05:00Z,156.2,156.28,156.19,156.2363
2019-01-29T17:06:00Z,156.23,156.27,156.2185,156.2185
2019-01-29T17:07:00Z,156.2226,156.23,156.14,156.16
2019-01-29T17:08:00Z,156.16,156.24,156.14,156.2201
2019-01-29T17:09:00Z,156.22,156.22,156.09,156.1
2019-01-29T17:10:00Z,156.1099,156.2,156.06,156.1928
2019-01-29T17:11:00Z,156.18,156.18,155.99,156.03
2019-01-29T17:12:00Z,156.03,156.12,156.01,156.12
2019-01-29T17:13:00Z,156.12,156.3202,156.12,156.32
2019-01-29T17:14:00Z,156.3251,156.3557,156.27,156.3399
2019-01-29T17:15:00Z,156.335,156.4299,156.33,156.37
2019-01-29T17:16:00Z,156.36,156.38,156.28,156.2842
2019-01-29T17:17:00Z,156.2801,156.53,156.2801,156.51
2019-01-29T17:18:00Z,156.5134,156.5564,156.46,156.5564
2019-01-29T17:19:00Z,156.5536,156.6,156.52,156.56
2019-01-29T17:20:00Z,156.5699,156.59,156.51,156.58
2019-01-29T17:21:00Z,156.58,156.8,156.58,156.7829
2019-01-29T17:22:00Z,156.781,156.9,156.781,156.89
2019-01-29T17:23:00Z,156.89,156.99,156.8,156.8
2019-01-29T17:24:00Z,156.8115,156.8115,156.7,156.71
2019-01-29T17:25:00Z,156.71,156.7198,156.63,156.63
2019-01-29T17:26:00Z,156.6257,156.74,156.59,156.74
2019-01-29T17:27:00Z,156.74,156.79,156.72,156.731
2019-01-29T17:28:00Z,156.73,156.7431,156.66,156.68
2019-01-29T17:29:00Z,156.66,156.66,156.56,156.57
2019-01-29T17:30:00Z,156.5807,156.595,156.53,156.58
2019-01-29T17:31:00Z,156.58,156.61,156.46,156.5
2019-01-29T17:32:00Z,156.5,156.51,156.41,156.43
2019-01-29T17:33:00Z,156.42,156.58,156.42,156.58
2019-01-29T17:34:00Z,156.57,156.62,156.55,156.5968
2019-01-29T17:35:00Z,156.5935,156.62,156.53,156.61
2019-01-29T17:36:00Z,156.61,156.71,156.6,156.64
2019-01-29T17:37:00Z,156.65,156.6638,156.59,156.59
2019-01-29T17:38:00Z,156.6,156.63,156.57,156.63
2019-01-29T17:39:00Z,156.62,156.72,156.61,156.72
2019-01-29T17:40:00Z,156.74,156.85,156.7336,156.7598
2019-01-29T17:41:00Z,156.75,156.84,156.74,156.8
2019-01-29T17:42:00Z,156.82,156.85,156.795,156.8037
2019-01-29T17:43:00Z,156.8099,156.86,156.74,156.7485
2019-01-29T17:44:00Z,156.7343,156.7721,156.69,156.77
2019-01-29T17:45:00Z,156.77,156.79,156.7375,156.76
2019-01-29T17:46:00Z,156.74,156.81,156.74,156.805
2019-01-29T17:47:00Z,156.81,156.86,156.77,156.79
2019-01-29T17:48:00Z,156.793,156.82,156.73,156.77
2019-01-29T17:49:00Z,156.77,156.7999,156.65,156.6538
2019-01-29T17:50:00Z,156.65,156.73,156.65,156.7299
2019-01-29T17:51:00Z,156.725,156.7895,156.72,156.7699
2019-01-29T17:52:00Z,156.75,156.755,156.7,156.7215
2019-01-29T17:53:00Z,156.73,156.8301,156.73,156.8301
2019-01-29T17:54:00Z,156.8367,156.87,156.8,156.85
2019-01-29T17:55:00Z,156.85,156.99,156.84,156.99
2019-01-29T17:56:00Z,156.99,156.99,156.94,156.96
2019-01-29T17:57:00Z,156.9574,157,156.87,156.93
2019-01-29T17:58:00Z,156.94,156.94,156.82,156.8234
2019-01-29T17:59:00Z,156.82,156.82,156.7,156.74
2019-01-29T18:00:00Z,156.745,156.75,156.57,156.581
2019-01-29T18:01:00Z,156.5868,156.61,156.53,156.55
2019-01-29T18:02:00Z,156.535,156.54,156.44,156.47
2019-01-29T18:03:00Z,156.48,156.52,156.4228,156.5
2019-01-29T18:04:00Z,156.4917,156.55,156.47,156.49
2019-01-29T18:05:00Z,156.4899,156.53,156.45,156.5075
2019-01-29T18:06:00Z,156.49,156.54,156.45,156.4548
2019-01-29T18:07:00Z,156.4554,156.48,156.41,156.4601
2019-01-29T18:08:00Z,156.47,156.5075,156.31,156.34
2019-01-29T18:09:00Z,156.34,156.4199,156.27,156.3306
2019-01-29T18:10:00Z,156.33,156.4,156.29,156.32
2019-01-29T18:11:00Z,156.32,156.3828,156.15,156.28
2019-01-29T18:12:00Z,156.27,156.3342,156.2573,156.2943
2019-01-29T18:13:00Z,156.2999,156.33,156.19,156.208
2019-01-29T18:14:00Z,156.21,156.26,156.04,156.04
2019-01-29T18:15:00Z,156.03,156.18,155.98,156.15
2019-01-29T18:16:00Z,156.1503,156.2,156.12,156.18
2019-01-29T18:17:00Z,156.175,156.2,156.0847,156.15
2019-01-29T18:18:00Z,156.1467,156.19,156.115,156.1585
2019-01-29T18:19:00Z,156.16,156.21,156.06,156.12
2019-01-29T18:20:00Z,156.12,156.16,156.04,156.04
2019-01-29T18:21:00Z,156.05,156.06,155.975,156.02
2019-01-29T18:22:00Z,156.025,156.18,156.01,156.1643
2019-01-29T18:23:00Z,156.16,156.22,156.05,156.1865
2019-01-29T18:24:00Z,156.18,156.25,156.1628,156.24
2019-01-29T18:25:00Z,156.235,156.26,156.1872,156.215
2019-01-29T18:26:00Z,156.215,156.28,156.18,156.24
2019-01-29T18:27:00Z,156.2361,156.26,156.07,156.07
2019-01-29T18:28:00Z,156.07,156.09,156.02,156.03
2019-01-29T18:29:00Z,156.02,156.135,155.99,156.1147
2019-01-29T18:30:00Z,156.12,156.2,156.12,156.17
2019-01-29T18:31:00Z,156.17,156.2,156.11,156.2
2019-01-29T18:32:00Z,156.2,156.201,156.12,156.1244
2019-01-29T18:33:00Z,156.12,156.19,156.1,156.18
2019-01-29T18:34:00Z,156.16,156.2,156.1,156.1099
2019-01-29T18:35:00Z,156.1,156.11,156.0606,156.0833
2019-01-29T18:36:00Z,156.08,156.08,155.95,156.0523
2019-01-29T18:37:00Z,156.05,156.08,156.0102,156.03
2019-01-29T18:38:00Z,156.04,156.12,156.02,156.12
2019-01-29T18:39:00Z,156.14,156.18,156.1,156.1791
2019-01-29T18:40:00Z,156.172,156.175,156.02,156.0497
2019-01-29T18:41:00Z,156.05,156.19,156.03,156.1785
2019-01-29T18:42:00Z,156.17,156.24,156.1498,156.2199
2019-01-29T18:43:00Z,156.2199,156.37,156.2,156.31
2019-01-29T18:44:00Z,156.319,156.35,156.25,156.3
2019-01-29T18:45:00Z,156.3,156.38,156.28,156.3
2019-01-29T18:46:00Z,156.3077,156.3459,156.26,156.32
2019-01-29T18:47:00Z,156.31,156.33,156.28,156.3
2019-01-29T18:48:00Z,156.3,156.33,156.21,156.21
2019-01-29T18:49:00Z,156.2213,156.23,156.18,156.2299
2019-01-29T18:50:00Z,156.22,156.285,156.2101,156.255
2019-01-29T18:51:00Z,156.2501,156.39,156.25,156.3142
2019-01-29T18:52:00Z,156.306,156.34,156.24,156.27
2019-01-29T18:53:00Z,156.27,156.3,156.14,156.16
2019-01-29T18:54:00Z,156.17,156.17,156.01,156.0547
2019-01-29T18:55:00Z,156.05,156.1,156.04,156.1
2019-01-29T18:56:00Z,156.0991,156.12,156.0857,156.1
2019-01-29T18:57:00Z,156.1085,156.15,156.08,156.1408
2019-01-29T18:58:00Z,156.14,156.1754,156.121,156.15
2019-01-29T18:59:00Z,156.1501,156.16,156.06,156.115
2019-01-29T19:00:00Z,156.118,156.118,156,156.01
2019-01-29T19:01:00Z,156.01,156.04,155.95,156.01
2019-01-29T19:02:00Z,156.0123,156.05,155.98,156.043
2019-01-29T19:03:00Z,156.04,156.05,156,156.0356
2019-01-29T19:04:00Z,156.035,156.14,156.025,156.138
2019-01-29T19:05:00Z,156.1461,156.18,156.11,156.12
2019-01-29T19:06:00Z,156.11,156.11,155.9131,155.93
2019-01-29T19:07:00Z,155.9172,155.93,155.84,155.85
2019-01-29T19:08:00Z,155.85,155.91,155.82,155.83
2019-01-29T19:09:00Z,155.8385,155.98,155.82,155.93
2019-01-29T19:10:00Z,155.94,155.95,155.8,155.86
2019-01-29T19:11:00Z,155.8747,155.92,155.815,155.83
2019-01-29T19:12:00Z,155.83,155.8954,155.8226,155.89
2019-01-29T19:13:00Z,155.88,155.89,155.83,155.83
2019-01-29T19:14:00Z,155.835,155.8799,155.795,155.82
2019-01-29T19:15:00Z,155.82,155.83,155.72,155.7201
2019-01-29T19:16:00Z,155.72,155.78,155.7,155.7601
2019-01-29T19:17:00Z,155.76,155.83,155.6,155.605
2019-01-29T19:18:00Z,155.6186,155.73,155.6,155.67
2019-01-29T19:19:00Z,155.67,155.686,155.57,155.59
2019-01-29T19:20:00Z,155.5921,155.6,155.48,155.5
2019-01-29T19:21:00Z,155.4901,155.4901,155.4,155.4185
2019-01-29T19:22:00Z,155.42,155.44,155.26,155.316
2019-01-29T19:23:00Z,155.3295,155.33,155.26,155.3
2019-01-29T19:24:00Z,155.2929,155.34,155.08,155.0814
2019-01-29T19:25:00Z,155.0998,155.174,155.08,155.085
2019-01-29T19:26:00Z,155.08,155.23,155.05,155.19
2019-01-29T19:27:00Z,155.1871,155.2,155.11,155.2
2019-01-29T19:28:00Z,155.19,155.2,155.1,155.11
2019-01-29T19:29:00Z,155.12,155.17,155.0898,155.1015
2019-01-29T19:30:00Z,155.1,155.15,155.08,155.1366
2019-01-29T19:31:00Z,155.14,155.19,155.12,155.17
2019-01-29T19:32:00Z,155.18,155.3,155.1619,155.29
2019-01-29T19:33:00Z,155.29,155.41,155.28,155.3201
2019-01-29T19:34:00Z,155.32,155.3501,155.3,155.34
2019-01-29T19:35:00Z,155.34,155.36,155.25,155.25
2019-01-29T19:36:00Z,155.25,155.33,155.25,155.3099
2019-01-29T19:37:00Z,155.3018,155.31,155.275,155.28
2019-01-29T19:38:00Z,155.29,155.31,155.25,155.27
2019-01-29T19:39:00Z,155.27,155.29,155.17,155.1854
2019-01-29T19:40:00Z,155.18,155.2499,155.15,155.181
2019-01-29T19:41:00Z,155.2,155.23,155.18,155.215
2019-01-29T19:42:00Z,155.21,155.225,155.14,155.1683
2019-01-29T19:43:00Z,155.16,155.185,155.0835,155.1452
2019-01-29T19:44:00Z,155.15,155.244,155.146,155.205
2019-01-29T19:45:00Z,155.2076,155.2495,155.1271,155.15
2019-01-29T19:46:00Z,155.15,155.17,155.1,155.14
2019-01-29T19:47:00Z,155.14,155.17,155.06,155.0839
2019-01-29T19:48:00Z,155.09,155.14,155.05,155.06
2019-01-29T19:49:00Z,155.06,155.12,155.02,155.03
2019-01-29T19:50:00Z,155.03,155.05,154.97,155
2019-01-29T19:51:00Z,155.0043,155.02,154.85,154.9
2019-01-29T19:52:00Z,154.9,154.9,154.7643,154.8395
2019-01-29T19:53:00Z,154.83,154.99,154.8298,154.9471
2019-01-29T19:54:00Z,154.95,155.05,154.94,155.04
2019-01-29T19:55:00Z,155.04,155.05,154.9131,154.93
2019-01-29T19:56:00Z,154.93,154.94,154.78,154.81
2019-01-29T19:57:00Z,154.81,154.86,154.78,154.845
2019-01-29T19:58:00Z,154.85,154.85,154.76,154.76
2019-01-29T19:59:00Z,154.775,154.78,154.62,154.71
