2016-03-04T13:30:00Z,101.82,101.91,101.72,101.91
2016-03-04T13:31:00Z,101.9,101.9,101.8,101.85
2016-03-04T13:32:00Z,101.85,102,101.8,101.98
2016-03-04T13:33:00Z,101.98,102.04,101.97,101.97
2016-03-04T13:34:00Z,101.99,102.25,101.99,102.25
2016-03-04T13:35:00Z,102.15,102.27,102.03,102.27
2016-03-04T13:36:00Z,102.25,102.33,102.25,102.25
2016-03-04T13:37:00Z,102.25,102.33,102.18,102.3
2016-03-04T13:38:00Z,102.35,102.49,102.3,102.4
2016-03-04T13:39:00Z,102.32,102.35,102.25,102.3
2016-03-04T13:40:00Z,102.32,102.34,102.3,102.32
2016-03-04T13:41:00Z,102.37,102.4,102.22,102.22
2016-03-04T13:42:00Z,102.21,102.34,102.2,102.2
2016-03-04T13:43:00Z,102.21,102.23,102.2,102.2
2016-03-04T13:44:00Z,102.2499,102.25,102.2,102.21
2016-03-04T13:45:00Z,102.21,102.25,102.21,102.25
2016-03-04T13:46:00Z,102.24,102.26,102.21,102.21
2016-03-04T13:47:00Z,102.24,102.25,102.15,102.15
2016-03-04T13:48:00Z,102.19,102.19,102.04,102.04
2016-03-04T13:49:00Z,102.02,102.07,102.02,102.03
2016-03-04T13:50:00Z,102.08,102.08,101.92,101.92
2016-03-04T13:51:00Z,101.94,102.01,101.92,102.01
2016-03-04T13:52:00Z,102.01,102.08,102.01,102.08
2016-03-04T13:53:00Z,102.03,102.03,102.01,102.02
2016-03-04T13:54:00Z,102.03,102.04,102.03,102.04
2016-03-04T13:55:00Z,102.1,102.1,102.05,102.05
2016-03-04T13:56:00Z,102.01,102.05,101.98,101.98
2016-03-04T13:57:00Z,101.99,102.1,101.82,102.1
2016-03-04T13:58:00Z,102.05,102.05,102,102
2016-03-04T13:59:00Z,102.05,102.05,101.95,101.99
2016-03-04T14:00:00Z,101.95,101.96,101.9,101.9
2016-03-04T14:01:00Z,101.86,101.95,101.85,101.95
2016-03-04T14:02:00Z,102,102,102,102
2016-03-04T14:03:00Z,102,102,101.965,101.965
2016-03-04T14:04:00Z,102.09,102.09,102.08,102.08
2016-03-04T14:05:00Z,102.06,102.07,102.06,102.07
2016-03-04T14:06:00Z,102.0999,102.1,102.04,102.04
2016-03-04T14:07:00Z,102.1,102.1,102.1,102.1
2016-03-04T14:08:00Z,102.1,102.1,102.1,102.1
2016-03-04T14:09:00Z,102.06,102.06,102.06,102.06
2016-03-04T14:10:00Z,102.06,102.06,102.05,102.05
2016-03-04T14:11:00Z,102.05,102.1,102.05,102.09
2016-03-04T14:12:00Z,102.1,102.1,102.1,102.1
2016-03-04T14:13:00Z,102.1,102.1,102.06,102.07
2016-03-04T14:14:00Z,102.07,102.1,102.07,102.07
2016-03-04T14:15:00Z,102.1,102.1,102.07,102.07
2016-03-04T14:16:00Z,102.09,102.09,102.09,102.09
2016-03-04T14:17:00Z,102.1,102.1,102,102
2016-03-04T14:18:00Z,102,102,102,102
2016-03-04T14:21:00Z,102.07,102.07,102.01,102.01
2016-03-04T14:22:00Z,102.07,102.1,102.07,102.1
2016-03-04T14:23:00Z,102.09,102.09,102.09,102.09
2016-03-04T14:24:00Z,102.09,102.11,102,102.01
2016-03-04T14:25:00Z,102.09,102.09,102.01,102.01
2016-03-04T14:26:00Z,102,102,102,102
2016-03-04T14:27:00Z,102.09,102.09,102.05,102.05
2016-03-04T14:28:00Z,102.06,102.15,102.05,102.12
2016-03-04T14:29:00Z,102.15,102.37,102.07,102.36
2016-03-04T14:30:00Z,102.36,102.38,101.76,101.806
2016-03-04T14:31:00Z,101.8,102.18,101.79,102.179
2016-03-04T14:32:00Z,102.1799,102.29,102.17,102.25
2016-03-04T14:33:00Z,102.26,102.26,102.04,102.13
2016-03-04T14:34:00Z,102.12,102.14,101.83,101.86
2016-03-04T14:35:00Z,101.86,101.94,101.65,101.6759
2016-03-04T14:36:00Z,101.66,101.75,101.61,101.705
2016-03-04T14:37:00Z,101.73,101.76,101.67,101.7514
2016-03-04T14:38:00Z,101.76,101.82,101.68,101.705
2016-03-04T14:39:00Z,101.7,101.7,101.46,101.5
2016-03-04T14:40:00Z,101.49,101.5199,101.37,101.425
2016-03-04T14:41:00Z,101.41,101.61,101.38,101.5461
2016-03-04T14:42:00Z,101.5401,101.638,101.53,101.555
2016-03-04T14:43:00Z,101.555,101.75,101.49,101.66
2016-03-04T14:44:00Z,101.67,101.72,101.57,101.7
2016-03-04T14:45:00Z,101.72,101.8051,101.65,101.76
2016-03-04T14:46:00Z,101.76,101.95,101.7101,101.95
2016-03-04T14:47:00Z,101.95,102.07,101.9411,102.02
2016-03-04T14:48:00Z,102.02,102.12,101.99,102.11
2016-03-04T14:49:00Z,102.11,102.22,102.03,102.077
2016-03-04T14:50:00Z,102.08,102.1,101.94,102.01
2016-03-04T14:51:00Z,102.002,102.05,101.9,101.9055
2016-03-04T14:52:00Z,101.9,101.9,101.62,101.6315
2016-03-04T14:53:00Z,101.63,101.79,101.59,101.6955
2016-03-04T14:54:00Z,101.7,101.78,101.51,101.51
2016-03-04T14:55:00Z,101.52,101.52,101.42,101.51
2016-03-04T14:56:00Z,101.52,101.65,101.48,101.65
2016-03-04T14:57:00Z,101.65,101.88,101.64,101.88
2016-03-04T14:58:00Z,101.87,101.871,101.72,101.75
2016-03-04T14:59:00Z,101.74,101.82,101.7,101.8
2016-03-04T15:00:00Z,101.8,101.81,101.71,101.75
2016-03-04T15:01:00Z,101.745,101.79,101.6,101.61
2016-03-04T15:02:00Z,101.6,101.6363,101.5,101.53
2016-03-04T15:03:00Z,101.52,101.61,101.4471,101.6062
2016-03-04T15:04:00Z,101.61,101.63,101.52,101.56
2016-03-04T15:05:00Z,101.56,101.57,101.4,101.41
2016-03-04T15:06:00Z,101.41,101.6,101.39,101.59
2016-03-04T15:07:00Z,101.6,101.66,101.551,101.56
2016-03-04T15:08:00Z,101.57,101.7,101.57,101.65
2016-03-04T15:09:00Z,101.64,101.75,101.64,101.745
2016-03-04T15:10:00Z,101.7423,101.75,101.55,101.69
2016-03-04T15:11:00Z,101.69,101.76,101.67,101.72
2016-03-04T15:12:00Z,101.72,101.81,101.71,101.796
2016-03-04T15:13:00Z,101.8,101.88,101.78,101.82
2016-03-04T15:14:00Z,101.83,101.84,101.77,101.82
2016-03-04T15:15:00Z,101.8201,101.85,101.77,101.795
2016-03-04T15:16:00Z,101.7869,101.8,101.64,101.6437
2016-03-04T15:17:00Z,101.65,101.67,101.55,101.58
2016-03-04T15:18:00Z,101.5761,101.68,101.53,101.66
2016-03-04T15:19:00Z,101.66,101.73,101.66,101.68
2016-03-04T15:20:00Z,101.68,101.74,101.66,101.66
2016-03-04T15:21:00Z,101.67,101.77,101.64,101.763
2016-03-04T15:22:00Z,101.77,101.81,101.645,101.66
2016-03-04T15:23:00Z,101.68,101.72,101.619,101.63
2016-03-04T15:24:00Z,101.63,101.69,101.605,101.669
2016-03-04T15:25:00Z,101.66,101.7001,101.64,101.7
2016-03-04T15:26:00Z,101.71,101.77,101.68,101.7093
2016-03-04T15:27:00Z,101.71,101.89,101.7,101.884
2016-03-04T15:28:00Z,101.8899,101.99,101.88,101.99
2016-03-04T15:29:00Z,101.98,102.07,101.96,101.9601
2016-03-04T15:30:00Z,101.96,102.02,101.9,101.985
2016-03-04T15:31:00Z,101.98,102,101.92,101.96
2016-03-04T15:32:00Z,101.959,101.96,101.84,101.885
2016-03-04T15:33:00Z,101.89,101.92,101.88,101.9
2016-03-04T15:34:00Z,101.9063,101.9399,101.89,101.9
2016-03-04T15:35:00Z,101.89,102.04,101.88,102.02
2016-03-04T15:36:00Z,102.03,102.12,102.02,102.1
2016-03-04T15:37:00Z,102.1025,102.14,102.09,102.1099
2016-03-04T15:38:00Z,102.1,102.13,102.08,102.1299
2016-03-04T15:39:00Z,102.12,102.27,102.11,102.25
2016-03-04T15:40:00Z,102.251,102.33,102.25,102.31
2016-03-04T15:41:00Z,102.31,102.32,102.28,102.28
2016-03-04T15:42:00Z,102.28,102.29,102.13,102.17
2016-03-04T15:43:00Z,102.165,102.335,102.165,102.335
2016-03-04T15:44:00Z,102.3301,102.38,102.31,102.32
2016-03-04T15:45:00Z,102.3286,102.62,102.315,102.545
2016-03-04T15:46:00Z,102.55,102.67,102.55,102.645
2016-03-04T15:47:00Z,102.6401,102.65,102.52,102.551
2016-03-04T15:48:00Z,102.56,102.64,102.55,102.6
2016-03-04T15:49:00Z,102.61,102.63,102.595,102.62
2016-03-04T15:50:00Z,102.6299,102.66,102.512,102.54
2016-03-04T15:51:00Z,102.53,102.63,102.52,102.63
2016-03-04T15:52:00Z,102.63,102.65,102.47,102.5
2016-03-04T15:53:00Z,102.5,102.53,102.44,102.45
2016-03-04T15:54:00Z,102.445,102.52,102.445,102.51
2016-03-04T15:55:00Z,102.52,102.53,102.48,102.5
2016-03-04T15:56:00Z,102.5,102.52,102.45,102.49
2016-03-04T15:57:00Z,102.495,102.61,102.485,102.5862
2016-03-04T15:58:00Z,102.59,102.6,102.54,102.57
2016-03-04T15:59:00Z,102.57,102.61,102.55,102.59
2016-03-04T16:00:00Z,102.58,102.655,102.55,102.655
2016-03-04T16:01:00Z,102.66,102.76,102.59,102.61
2016-03-04T16:02:00Z,102.61,102.67,102.59,102.63
2016-03-04T16:03:00Z,102.64,102.73,102.6384,102.72
2016-03-04T16:04:00Z,102.71,102.76,102.67,102.7525
2016-03-04T16:05:00Z,102.7458,102.81,102.725,102.79
2016-03-04T16:06:00Z,102.79,102.92,102.78,102.89
2016-03-04T16:07:00Z,102.899,103.03,102.86,103.0101
2016-03-04T16:08:00Z,103.01,103.02,102.94,103.0063
2016-03-04T16:09:00Z,103,103.03,102.91,102.9223
2016-03-04T16:10:00Z,102.9299,102.95,102.8345,102.8345
2016-03-04T16:11:00Z,102.82,102.83,102.7405,102.7531
2016-03-04T16:12:00Z,102.7535,102.9,102.7505,102.9
2016-03-04T16:13:00Z,102.895,103,102.895,102.975
2016-03-04T16:14:00Z,102.98,103.05,102.98,103.02
2016-03-04T16:15:00Z,103.03,103.0425,102.99,103.04
2016-03-04T16:16:00Z,103.049,103.08,103.03,103.06
2016-03-04T16:17:00Z,103.0563,103.08,103.01,103.066
2016-03-04T16:18:00Z,103.07,103.07,102.93,102.99
2016-03-04T16:19:00Z,102.99,103.09,102.99,103.06
2016-03-04T16:20:00Z,103.065,103.07,102.9101,102.9101
2016-03-04T16:21:00Z,102.92,102.97,102.86,102.97
2016-03-04T16:22:00Z,102.97,103.055,102.965,103.01
2016-03-04T16:23:00Z,103.011,103.03,102.912,102.918
2016-03-04T16:24:00Z,102.91,102.97,102.9,102.95
2016-03-04T16:25:00Z,102.944,102.96,102.81,102.84
2016-03-04T16:26:00Z,102.84,102.888,102.84,102.86
2016-03-04T16:27:00Z,102.86,102.88,102.81,102.81
2016-03-04T16:28:00Z,102.8141,102.85,102.782,102.821
2016-03-04T16:29:00Z,102.83,102.93,102.83,102.9
2016-03-04T16:30:00Z,102.91,102.95,102.86,102.916
2016-03-04T16:31:00Z,102.9184,102.94,102.81,102.82
2016-03-04T16:32:00Z,102.81,102.83,102.75,102.76
2016-03-04T16:33:00Z,102.7599,102.77,102.67,102.71
2016-03-04T16:34:00Z,102.72,102.83,102.71,102.77
2016-03-04T16:35:00Z,102.78,102.87,102.78,102.8401
2016-03-04T16:36:00Z,102.85,102.9,102.83,102.85
2016-03-04T16:37:00Z,102.86,102.92,102.85,102.92
2016-03-04T16:38:00Z,102.925,102.96,102.76,102.76
2016-03-04T16:39:00Z,102.7599,102.79,102.71,102.715
2016-03-04T16:40:00Z,102.72,102.73,102.54,102.6099
2016-03-04T16:41:00Z,102.61,102.72,102.6,102.6099
2016-03-04T16:42:00Z,102.6023,102.63,102.555,102.56
2016-03-04T16:43:00Z,102.57,102.57,102.51,102.525
2016-03-04T16:44:00Z,102.529,102.65,102.5111,102.6499
2016-03-04T16:45:00Z,102.65,102.73,102.63,102.695
2016-03-04T16:46:00Z,102.691,102.77,102.691,102.75
2016-03-04T16:47:00Z,102.75,102.84,102.75,102.8084
2016-03-04T16:48:00Z,102.81,102.81,102.76,102.78
2016-03-04T16:49:00Z,102.78,102.78,102.69,102.73
2016-03-04T16:50:00Z,102.74,102.85,102.73,102.82
2016-03-04T16:51:00Z,102.816,102.84,102.78,102.8099
2016-03-04T16:52:00Z,102.81,102.83,102.77,102.77
2016-03-04T16:53:00Z,102.77,102.82,102.76,102.8194
2016-03-04T16:54:00Z,102.81,102.9,102.81,102.8874
2016-03-04T16:55:00Z,102.887,102.93,102.8837,102.9
2016-03-04T16:56:00Z,102.9,102.97,102.9,102.956
2016-03-04T16:57:00Z,102.9598,102.98,102.94,102.965
2016-03-04T16:58:00Z,102.96,102.97,102.94,102.9585
2016-03-04T16:59:00Z,102.96,102.98,102.95,102.964
2016-03-04T17:00:00Z,102.96,102.98,102.92,102.937
2016-03-04T17:01:00Z,102.94,102.95,102.91,102.9101
2016-03-04T17:02:00Z,102.92,102.98,102.91,102.96
2016-03-04T17:03:00Z,102.97,102.98,102.95,102.965
2016-03-04T17:04:00Z,102.96,103.03,102.96,103
2016-03-04T17:05:00Z,103,103.03,102.9999,103
2016-03-04T17:06:00Z,102.9963,103,102.945,102.9799
2016-03-04T17:07:00Z,102.98,102.98,102.94,102.94
2016-03-04T17:08:00Z,102.93,103,102.92,102.94
2016-03-04T17:09:00Z,102.94,103.01,102.94,103
2016-03-04T17:10:00Z,102.9903,103.02,102.98,103.02
2016-03-04T17:11:00Z,103.015,103.02,102.9419,102.9562
2016-03-04T17:12:00Z,102.95,103.01,102.93,102.95
2016-03-04T17:13:00Z,102.95,102.98,102.92,102.93
2016-03-04T17:14:00Z,102.919,102.92,102.82,102.83
2016-03-04T17:15:00Z,102.83,102.88,102.82,102.83
2016-03-04T17:16:00Z,102.83,102.85,102.8,102.8062
2016-03-04T17:17:00Z,102.81,102.84,102.8,102.8099
2016-03-04T17:18:00Z,102.8068,102.84,102.8,102.82
2016-03-04T17:19:00Z,102.82,102.83,102.79,102.82
2016-03-04T17:20:00Z,102.825,102.83,102.72,102.765
2016-03-04T17:21:00Z,102.77,102.93,102.77,102.91
2016-03-04T17:22:00Z,102.9101,102.92,102.88,102.9
2016-03-04T17:23:00Z,102.88,102.89,102.83,102.8359
2016-03-04T17:24:00Z,102.84,102.8599,102.81,102.8266
2016-03-04T17:25:00Z,102.83,102.9,102.825,102.87
2016-03-04T17:26:00Z,102.875,102.93,102.87,102.89
2016-03-04T17:27:00Z,102.89,102.92,102.88,102.91
2016-03-04T17:28:00Z,102.905,102.95,102.89,102.9399
2016-03-04T17:29:00Z,102.93,102.94,102.882,102.882
2016-03-04T17:30:00Z,102.88,102.91,102.86,102.86
2016-03-04T17:31:00Z,102.86,102.92,102.84,102.9
2016-03-04T17:32:00Z,102.9051,102.95,102.9,102.9377
2016-03-04T17:33:00Z,102.935,103.08,102.93,103.05
2016-03-04T17:34:00Z,103.0499,103.18,103.03,103.13
2016-03-04T17:35:00Z,103.125,103.15,103.09,103.145
2016-03-04T17:36:00Z,103.145,103.22,103.14,103.2111
2016-03-04T17:37:00Z,103.21,103.22,103.14,103.195
2016-03-04T17:38:00Z,103.19,103.22,103.16,103.21
2016-03-04T17:39:00Z,103.2,103.24,103.19,103.2201
2016-03-04T17:40:00Z,103.221,103.25,103.21,103.2385
2016-03-04T17:41:00Z,103.235,103.25,103.21,103.21
2016-03-04T17:42:00Z,103.2199,103.24,103.2,103.2
2016-03-04T17:43:00Z,103.2,103.205,103.13,103.15
2016-03-04T17:44:00Z,103.1362,103.14,103.0701,103.12
2016-03-04T17:45:00Z,103.13,103.17,103.1,103.13
2016-03-04T17:46:00Z,103.135,103.135,103.04,103.085
2016-03-04T17:47:00Z,103.08,103.0899,103.01,103.02
2016-03-04T17:48:00Z,103.025,103.1,103.02,103.0795
2016-03-04T17:49:00Z,103.07,103.12,103.05,103.11
2016-03-04T17:50:00Z,103.11,103.185,103.1099,103.17
2016-03-04T17:51:00Z,103.17,103.19,103.15,103.1799
2016-03-04T17:52:00Z,103.18,103.25,103.17,103.24
2016-03-04T17:53:00Z,103.2399,103.33,103.22,103.33
2016-03-04T17:54:00Z,103.325,103.34,103.291,103.339
2016-03-04T17:55:00Z,103.337,103.34,103.29,103.29
2016-03-04T17:56:00Z,103.3,103.38,103.29,103.3601
2016-03-04T17:57:00Z,103.365,103.4,103.33,103.3984
2016-03-04T17:58:00Z,103.3936,103.45,103.36,103.369
2016-03-04T17:59:00Z,103.3606,103.4,103.3606,103.39
2016-03-04T18:00:00Z,103.39,103.405,103.32,103.38
2016-03-04T18:01:00Z,103.3701,103.38,103.3202,103.3465
2016-03-04T18:02:00Z,103.3401,103.38,103.3,103.31
2016-03-04T18:03:00Z,103.3015,103.33,103.286,103.31
2016-03-04T18:04:00Z,103.3,103.324,103.25,103.2739
2016-03-04T18:05:00Z,103.27,103.28,103.22,103.23
2016-03-04T18:06:00Z,103.236,103.25,103.15,103.16
2016-03-04T18:07:00Z,103.1599,103.208,103.15,103.17
2016-03-04T18:08:00Z,103.17,103.18,103.11,103.13
2016-03-04T18:09:00Z,103.135,103.1931,103.12,103.18
2016-03-04T18:10:00Z,103.1805,103.21,103.16,103.2
2016-03-04T18:11:00Z,103.2,103.2,103.165,103.18
2016-03-04T18:12:00Z,103.18,103.205,103.16,103.1899
2016-03-04T18:13:00Z,103.19,103.32,103.17,103.314
2016-03-04T18:14:00Z,103.31,103.34,103.26,103.275
2016-03-04T18:15:00Z,103.265,103.37,103.26,103.36
2016-03-04T18:16:00Z,103.36,103.37,103.34,103.36
2016-03-04T18:17:00Z,103.3601,103.4,103.36,103.3999
2016-03-04T18:18:00Z,103.3966,103.4,103.26,103.3
2016-03-04T18:19:00Z,103.3,103.31,103.2301,103.255
2016-03-04T18:20:00Z,103.26,103.31,103.26,103.275
2016-03-04T18:21:00Z,103.27,103.275,103.24,103.2461
2016-03-04T18:22:00Z,103.25,103.305,103.23,103.28
2016-03-04T18:23:00Z,103.285,103.32,103.27,103.285
2016-03-04T18:24:00Z,103.2806,103.33,103.28,103.33
2016-03-04T18:25:00Z,103.33,103.385,103.33,103.376
2016-03-04T18:26:00Z,103.375,103.39,103.35,103.38
2016-03-04T18:27:00Z,103.38,103.39,103.35,103.37
2016-03-04T18:28:00Z,103.3737,103.38,103.33,103.37
2016-03-04T18:29:00Z,103.37,103.38,103.36,103.37
2016-03-04T18:30:00Z,103.38,103.39,103.35,103.38
2016-03-04T18:31:00Z,103.385,103.43,103.37,103.43
2016-03-04T18:32:00Z,103.425,103.43,103.331,103.3541
2016-03-04T18:33:00Z,103.3562,103.385,103.35,103.35
2016-03-04T18:34:00Z,103.36,103.36,103.28,103.35
2016-03-04T18:35:00Z,103.35,103.35,103.31,103.34
2016-03-04T18:36:00Z,103.33,103.345,103.29,103.3163
2016-03-04T18:37:00Z,103.3195,103.43,103.31,103.425
2016-03-04T18:38:00Z,103.43,103.5,103.41,103.4899
2016-03-04T18:39:00Z,103.4801,103.56,103.4764,103.52
2016-03-04T18:40:00Z,103.52,103.6,103.52,103.59
2016-03-04T18:41:00Z,103.5995,103.6,103.56,103.59
2016-03-04T18:42:00Z,103.59,103.6,103.51,103.52
2016-03-04T18:43:00Z,103.5137,103.6384,103.51,103.63
2016-03-04T18:44:00Z,103.6274,103.69,103.6274,103.67
2016-03-04T18:45:00Z,103.671,103.75,103.66,103.6637
2016-03-04T18:46:00Z,103.66,103.685,103.59,103.633
2016-03-04T18:47:00Z,103.64,103.68,103.6201,103.66
2016-03-04T18:48:00Z,103.67,103.6875,103.66,103.66
2016-03-04T18:49:00Z,103.661,103.6669,103.57,103.57
2016-03-04T18:50:00Z,103.58,103.64,103.575,103.61
2016-03-04T18:51:00Z,103.615,103.62,103.5,103.5299
2016-03-04T18:52:00Z,103.5299,103.6,103.5299,103.575
2016-03-04T18:53:00Z,103.58,103.595,103.53,103.5395
2016-03-04T18:54:00Z,103.5341,103.6,103.5341,103.58
2016-03-04T18:55:00Z,103.5884,103.6,103.545,103.585
2016-03-04T18:56:00Z,103.5955,103.6,103.53,103.5768
2016-03-04T18:57:00Z,103.5716,103.61,103.54,103.59
2016-03-04T18:58:00Z,103.5899,103.61,103.56,103.56
2016-03-04T18:59:00Z,103.5699,103.5699,103.52,103.53
2016-03-04T19:00:00Z,103.5349,103.54,103.5,103.52
2016-03-04T19:01:00Z,103.522,103.56,103.52,103.54
2016-03-04T19:02:00Z,103.54,103.56,103.53,103.5401
2016-03-04T19:03:00Z,103.54,103.5699,103.54,103.5638
2016-03-04T19:04:00Z,103.5669,103.59,103.54,103.55
2016-03-04T19:05:00Z,103.55,103.58,103.51,103.5739
2016-03-04T19:06:00Z,103.572,103.59,103.56,103.579
2016-03-04T19:07:00Z,103.57,103.59,103.52,103.53
2016-03-04T19:08:00Z,103.54,103.55,103.48,103.49
2016-03-04T19:09:00Z,103.4834,103.52,103.47,103.4901
2016-03-04T19:10:00Z,103.49,103.49,103.41,103.42
2016-03-04T19:11:00Z,103.43,103.43,103.34,103.35
2016-03-04T19:12:00Z,103.345,103.4,103.33,103.371
2016-03-04T19:13:00Z,103.37,103.37,103.24,103.3
2016-03-04T19:14:00Z,103.29,103.3101,103.26,103.26
2016-03-04T19:15:00Z,103.26,103.2642,103.23,103.25
2016-03-04T19:16:00Z,103.25,103.255,103.221,103.2324
2016-03-04T19:17:00Z,103.239,103.24,103.09,103.1
2016-03-04T19:18:00Z,103.12,103.19,102.8546,103.1708
2016-03-04T19:19:00Z,103.17,103.25,103.17,103.215
2016-03-04T19:20:00Z,103.2,103.23,103.1602,103.2225
2016-03-04T19:21:00Z,103.22,103.24,103.15,103.1672
2016-03-04T19:22:00Z,103.16,103.17,103.1201,103.1461
2016-03-04T19:23:00Z,103.1439,103.195,103.125,103.15
2016-03-04T19:24:00Z,103.1549,103.21,103.15,103.18
2016-03-04T19:25:00Z,103.18,103.18,103.09,103.0939
2016-03-04T19:26:00Z,103.095,103.1,103.03,103.03
2016-03-04T19:27:00Z,103.03,103.07,103.01,103.065
2016-03-04T19:28:00Z,103.06,103.07,103.01,103.04
2016-03-04T19:29:00Z,103.0484,103.0763,103.01,103.0139
2016-03-04T19:30:00Z,103.019,103.055,103,103.055
2016-03-04T19:31:00Z,103.05,103.12,103.05,103.1101
2016-03-04T19:32:00Z,103.12,103.13,103.11,103.11
2016-03-04T19:33:00Z,103.1061,103.11,103.06,103.086
2016-03-04T19:34:00Z,103.09,103.1,103.0405,103.045
2016-03-04T19:35:00Z,103.04,103.0432,102.91,102.93
2016-03-04T19:36:00Z,102.925,102.94,102.87,102.8805
2016-03-04T19:37:00Z,102.885,102.95,102.87,102.95
2016-03-04T19:38:00Z,102.9499,102.98,102.93,102.94
2016-03-04T19:39:00Z,102.935,102.94,102.87,102.876
2016-03-04T19:40:00Z,102.875,102.89,102.8,102.815
2016-03-04T19:41:00Z,102.81,102.81,102.635,102.6423
2016-03-04T19:42:00Z,102.6463,102.65,102.56,102.5699
2016-03-04T19:43:00Z,102.57,102.6,102.47,102.58
2016-03-04T19:44:00Z,102.5701,102.77,102.56,102.76
2016-03-04T19:45:00Z,102.76,102.76,102.59,102.61
2016-03-04T19:46:00Z,102.61,102.74,102.6,102.679
2016-03-04T19:47:00Z,102.68,102.78,102.68,102.775
2016-03-04T19:48:00Z,102.7761,102.84,102.762,102.82
2016-03-04T19:49:00Z,102.81,102.93,102.81,102.89
2016-03-04T19:50:00Z,102.89,102.9,102.79,102.8
2016-03-04T19:51:00Z,102.81,102.93,102.7908,102.895
2016-03-04T19:52:00Z,102.905,102.96,102.88,102.91
2016-03-04T19:53:00Z,102.92,102.955,102.895,102.9
2016-03-04T19:54:00Z,102.89,102.89,102.61,102.61
2016-03-04T19:55:00Z,102.6076,102.715,102.6,102.677
2016-03-04T19:56:00Z,102.669,102.75,102.6579,102.724
2016-03-04T19:57:00Z,102.725,102.73,102.67,102.73
2016-03-04T19:58:00Z,102.73,102.74,102.7,102.7331
2016-03-04T19:59:00Z,102.73,102.755,102.67,102.7432
