2017-07-07T13:30:00Z,142.91,143.3,142.9,143.21
2017-07-07T13:31:00Z,143.2,143.2,143.02,143.18
2017-07-07T13:32:00Z,143.165,143.3882,143.165,143.3882
2017-07-07T13:33:00Z,143.37,143.6,143.36,143.5
2017-07-07T13:34:00Z,143.5,143.52,143.33,143.5
2017-07-07T13:35:00Z,143.47,143.54,143.41,143.54
2017-07-07T13:36:00Z,143.54,143.73,143.49,143.73
2017-07-07T13:37:00Z,143.72,143.75,143.61,143.68
2017-07-07T13:38:00Z,143.68,143.72,143.55,143.62
2017-07-07T13:39:00Z,143.6201,143.75,143.62,143.73
2017-07-07T13:40:00Z,143.74,143.85,143.65,143.65
2017-07-07T13:41:00Z,143.6797,143.7,143.55,143.627
2017-07-07T13:42:00Z,143.6,143.64,143.5,143.51
2017-07-07T13:43:00Z,143.5154,143.56,143.45,143.49
2017-07-07T13:44:00Z,143.48,143.6,143.48,143.59
2017-07-07T13:45:00Z,143.61,143.64,143.52,143.64
2017-07-07T13:46:00Z,143.64,143.7,143.56,143.59
2017-07-07T13:47:00Z,143.5944,143.7,143.57,143.65
2017-07-07T13:48:00Z,143.67,143.67,143.57,143.6
2017-07-07T13:49:00Z,143.6,143.77,143.6,143.67
2017-07-07T13:50:00Z,143.67,143.93,143.67,143.88
2017-07-07T13:51:00Z,143.88,143.91,143.78,143.9
2017-07-07T13:52:00Z,143.9099,143.97,143.89,143.95
2017-07-07T13:53:00Z,143.96,144.04,143.93,144.01
2017-07-07T13:54:00Z,144.024,144.09,143.99,144.08
2017-07-07T13:55:00Z,144.07,144.13,143.92,143.94
2017-07-07T13:56:00Z,143.93,143.97,143.7881,143.9
2017-07-07T13:57:00Z,143.9,144.05,143.875,144.04
2017-07-07T13:58:00Z,144.03,144.14,144,144.05
2017-07-07T13:59:00Z,144.07,144.1,144.0086,144.015
2017-07-07T14:00:00Z,144.01,144.09,143.98,144.04
2017-07-07T14:01:00Z,144.06,144.07,143.83,143.8362
2017-07-07T14:02:00Z,143.835,143.9353,143.83,143.88
2017-07-07T14:03:00Z,143.88,143.94,143.84,143.9
2017-07-07T14:04:00Z,143.9,144.0198,143.88,144.0198
2017-07-07T14:05:00Z,144.01,144.02,143.93,143.95
2017-07-07T14:06:00Z,143.95,143.98,143.82,143.8201
2017-07-07T14:07:00Z,143.828,143.88,143.79,143.795
2017-07-07T14:08:00Z,143.79,143.895,143.76,143.77
2017-07-07T14:09:00Z,143.77,143.84,143.75,143.82
2017-07-07T14:10:00Z,143.8,143.85,143.72,143.8362
2017-07-07T14:11:00Z,143.8451,143.95,143.81,143.95
2017-07-07T14:12:00Z,143.941,144.09,143.91,144.06
2017-07-07T14:13:00Z,144.0589,144.06,143.99,144.045
2017-07-07T14:14:00Z,144.046,144.09,144.03,144.08
2017-07-07T14:15:00Z,144.0701,144.0701,143.98,144.06
2017-07-07T14:16:00Z,144.06,144.06,143.92,143.9308
2017-07-07T14:17:00Z,143.92,143.97,143.85,143.87
2017-07-07T14:18:00Z,143.86,143.86,143.6299,143.6328
2017-07-07T14:19:00Z,143.6311,143.6493,143.56,143.58
2017-07-07T14:20:00Z,143.5711,143.67,143.5,143.64
2017-07-07T14:21:00Z,143.64,143.7068,143.6,143.695
2017-07-07T14:22:00Z,143.7,143.77,143.68,143.77
2017-07-07T14:23:00Z,143.772,143.86,143.76,143.795
2017-07-07T14:24:00Z,143.8,143.83,143.6,143.65
2017-07-07T14:25:00Z,143.65,143.72,143.65,143.7075
2017-07-07T14:26:00Z,143.72,143.8,143.72,143.77
2017-07-07T14:27:00Z,143.77,143.85,143.765,143.81
2017-07-07T14:28:00Z,143.8,143.815,143.69,143.7
2017-07-07T14:29:00Z,143.72,143.82,143.71,143.8
2017-07-07T14:30:00Z,143.81,143.9,143.81,143.87
2017-07-07T14:31:00Z,143.875,144,143.875,144
2017-07-07T14:32:00Z,144,144.02,143.98,144
2017-07-07T14:33:00Z,144,144.03,143.94,144.02
2017-07-07T14:34:00Z,144.0151,144.07,144.005,144.01
2017-07-07T14:35:00Z,144.005,144.0215,143.921,143.93
2017-07-07T14:36:00Z,143.9281,144,143.9101,143.9801
2017-07-07T14:37:00Z,143.98,144.01,143.92,144.01
2017-07-07T14:38:00Z,144.01,144.059,144,144.04
2017-07-07T14:39:00Z,144.035,144.035,143.9602,143.97
2017-07-07T14:40:00Z,143.95,144.02,143.91,143.98
2017-07-07T14:41:00Z,143.99,144.0365,143.99,144.03
2017-07-07T14:42:00Z,144.04,144.13,144.03,144.105
2017-07-07T14:43:00Z,144.105,144.13,144.03,144.05
2017-07-07T14:44:00Z,144.045,144.045,143.95,144.02
2017-07-07T14:45:00Z,144.025,144.0385,143.98,144
2017-07-07T14:46:00Z,144,144.005,143.925,143.925
2017-07-07T14:47:00Z,143.93,144.01,143.925,143.99
2017-07-07T14:48:00Z,143.99,144.04,143.99,144.0182
2017-07-07T14:49:00Z,144.01,144.01,143.88,143.9401
2017-07-07T14:50:00Z,143.94,143.97,143.92,143.9498
2017-07-07T14:51:00Z,143.93,143.94,143.9101,143.9253
2017-07-07T14:52:00Z,143.92,143.9651,143.92,143.96
2017-07-07T14:53:00Z,143.955,143.955,143.86,143.9
2017-07-07T14:54:00Z,143.9,143.9,143.81,143.81
2017-07-07T14:55:00Z,143.81,143.89,143.8,143.89
2017-07-07T14:56:00Z,143.89,143.91,143.88,143.88
2017-07-07T14:57:00Z,143.875,143.89,143.84,143.86
2017-07-07T14:58:00Z,143.8648,143.8699,143.78,143.86
2017-07-07T14:59:00Z,143.87,143.89,143.83,143.8356
2017-07-07T15:00:00Z,143.83,143.86,143.78,143.8164
2017-07-07T15:01:00Z,143.8053,143.845,143.79,143.79
2017-07-07T15:02:00Z,143.8,143.83,143.78,143.83
2017-07-07T15:03:00Z,143.83,143.85,143.795,143.82
2017-07-07T15:04:00Z,143.81,143.91,143.81,143.895
2017-07-07T15:05:00Z,143.895,143.98,143.89,143.945
2017-07-07T15:06:00Z,143.9476,143.98,143.89,143.89
2017-07-07T15:07:00Z,143.89,143.94,143.89,143.92
2017-07-07T15:08:00Z,143.92,143.9201,143.86,143.895
2017-07-07T15:09:00Z,143.9,143.9,143.85,143.8701
2017-07-07T15:10:00Z,143.88,143.92,143.87,143.9
2017-07-07T15:11:00Z,143.9001,143.91,143.83,143.85
2017-07-07T15:12:00Z,143.84,143.84,143.79,143.8348
2017-07-07T15:13:00Z,143.835,143.87,143.8,143.87
2017-07-07T15:14:00Z,143.87,143.91,143.825,143.87
2017-07-07T15:15:00Z,143.87,143.87,143.7,143.71
2017-07-07T15:16:00Z,143.715,143.79,143.705,143.75
2017-07-07T15:17:00Z,143.74,143.75,143.7,143.72
2017-07-07T15:18:00Z,143.73,143.76,143.71,143.72
2017-07-07T15:19:00Z,143.7201,143.74,143.7,143.725
2017-07-07T15:20:00Z,143.73,143.745,143.68,143.745
2017-07-07T15:21:00Z,143.74,143.76,143.7,143.74
2017-07-07T15:22:00Z,143.74,143.78,143.7,143.745
2017-07-07T15:23:00Z,143.74,143.7725,143.72,143.76
2017-07-07T15:24:00Z,143.76,143.8,143.75,143.77
2017-07-07T15:25:00Z,143.779,143.8164,143.76,143.81
2017-07-07T15:26:00Z,143.81,143.87,143.81,143.82
2017-07-07T15:27:00Z,143.82,143.93,143.79,143.9241
2017-07-07T15:28:00Z,143.93,144.04,143.92,144.01
2017-07-07T15:29:00Z,144.045,144.047,143.97,143.975
2017-07-07T15:30:00Z,143.98,144.04,143.96,143.96
2017-07-07T15:31:00Z,143.97,144.05,143.9611,144.0201
2017-07-07T15:32:00Z,144.0221,144.04,144.01,144.0217
2017-07-07T15:33:00Z,144.03,144.07,144.0201,144.07
2017-07-07T15:34:00Z,144.07,144.105,144.05,144.08
2017-07-07T15:35:00Z,144.09,144.22,144.087,144.14
2017-07-07T15:36:00Z,144.14,144.15,144.065,144.07
2017-07-07T15:37:00Z,144.08,144.12,144.04,144.07
2017-07-07T15:38:00Z,144.06,144.13,144.06,144.1144
2017-07-07T15:39:00Z,144.11,144.185,144.08,144.1236
2017-07-07T15:40:00Z,144.13,144.2,144.13,144.19
2017-07-07T15:41:00Z,144.18,144.22,144.15,144.2199
2017-07-07T15:42:00Z,144.22,144.24,144.13,144.17
2017-07-07T15:43:00Z,144.2,144.21,144.1,144.1275
2017-07-07T15:44:00Z,144.1275,144.18,144.1,144.105
2017-07-07T15:45:00Z,144.11,144.14,144.1,144.1306
2017-07-07T15:46:00Z,144.14,144.16,144.09,144.1
2017-07-07T15:47:00Z,144.09,144.0968,144.02,144.0442
2017-07-07T15:48:00Z,144.04,144.05,144.01,144.045
2017-07-07T15:49:00Z,144.0497,144.06,144.02,144.03
2017-07-07T15:50:00Z,144.03,144.1099,144.02,144.1088
2017-07-07T15:51:00Z,144.11,144.195,144.1028,144.17
2017-07-07T15:52:00Z,144.17,144.19,144.15,144.19
2017-07-07T15:53:00Z,144.2,144.25,144.195,144.2047
2017-07-07T15:54:00Z,144.21,144.21,144.13,144.18
2017-07-07T15:55:00Z,144.19,144.22,144.175,144.205
2017-07-07T15:56:00Z,144.2064,144.2156,144.16,144.19
2017-07-07T15:57:00Z,144.195,144.24,144.195,144.24
2017-07-07T15:58:00Z,144.24,144.24,144.175,144.19
2017-07-07T15:59:00Z,144.18,144.2,144.13,144.15
2017-07-07T16:00:00Z,144.15,144.225,144.15,144.2
2017-07-07T16:01:00Z,144.2,144.2,144.0794,144.1035
2017-07-07T16:02:00Z,144.11,144.15,144.105,144.11
2017-07-07T16:03:00Z,144.11,144.14,144.01,144.01
2017-07-07T16:04:00Z,144.02,144.03,143.93,143.97
2017-07-07T16:05:00Z,143.98,144.04,143.98,144.04
2017-07-07T16:06:00Z,144.045,144.1199,144.045,144.0954
2017-07-07T16:07:00Z,144.091,144.1,143.97,144.015
2017-07-07T16:08:00Z,144.03,144.05,144.01,144.02
2017-07-07T16:09:00Z,144.0212,144.0605,144.02,144.02
2017-07-07T16:10:00Z,144.04,144.09,144.03,144.05
2017-07-07T16:11:00Z,144.06,144.07,144.04,144.04
2017-07-07T16:12:00Z,144.04,144.0639,144.02,144.03
2017-07-07T16:13:00Z,144.03,144.07,144.01,144.07
2017-07-07T16:14:00Z,144.08,144.22,144.08,144.22
2017-07-07T16:15:00Z,144.22,144.24,144.18,144.2
2017-07-07T16:16:00Z,144.205,144.22,144.15,144.17
2017-07-07T16:17:00Z,144.1637,144.1664,144.11,144.13
2017-07-07T16:18:00Z,144.12,144.16,144.08,144.1593
2017-07-07T16:19:00Z,144.16,144.22,144.143,144.2
2017-07-07T16:20:00Z,144.2064,144.24,144.19,144.225
2017-07-07T16:21:00Z,144.23,144.2693,144.18,144.18
2017-07-07T16:22:00Z,144.19,144.24,144.18,144.23
2017-07-07T16:23:00Z,144.24,144.25,144.1483,144.15
2017-07-07T16:24:00Z,144.14,144.205,144.14,144.18
2017-07-07T16:25:00Z,144.19,144.2566,144.18,144.2566
2017-07-07T16:26:00Z,144.255,144.255,144.1336,144.14
2017-07-07T16:27:00Z,144.15,144.185,144.15,144.1722
2017-07-07T16:28:00Z,144.1816,144.23,144.1816,144.23
2017-07-07T16:29:00Z,144.235,144.26,144.1801,144.19
2017-07-07T16:30:00Z,144.19,144.21,144.155,144.16
2017-07-07T16:31:00Z,144.16,144.18,144.1,144.131
2017-07-07T16:32:00Z,144.15,144.19,144.14,144.15
2017-07-07T16:33:00Z,144.155,144.185,144.09,144.15
2017-07-07T16:34:00Z,144.15,144.193,144.1474,144.19
2017-07-07T16:35:00Z,144.1911,144.1911,144.14,144.1559
2017-07-07T16:36:00Z,144.16,144.2,144.1548,144.19
2017-07-07T16:37:00Z,144.19,144.19,144.16,144.19
2017-07-07T16:38:00Z,144.18,144.1941,144.16,144.1601
2017-07-07T16:39:00Z,144.16,144.17,144.11,144.11
2017-07-07T16:40:00Z,144.115,144.18,144.115,144.1488
2017-07-07T16:41:00Z,144.15,144.17,144.13,144.13
2017-07-07T16:42:00Z,144.131,144.19,144.12,144.17
2017-07-07T16:43:00Z,144.17,144.2161,144.17,144.17
2017-07-07T16:44:00Z,144.17,144.18,144.135,144.1588
2017-07-07T16:45:00Z,144.17,144.22,144.16,144.19
2017-07-07T16:46:00Z,144.19,144.25,144.18,144.245
2017-07-07T16:47:00Z,144.24,144.25,144.21,144.225
2017-07-07T16:48:00Z,144.2225,144.255,144.2225,144.23
2017-07-07T16:49:00Z,144.24,144.2479,144.19,144.2453
2017-07-07T16:50:00Z,144.25,144.26,144.2201,144.2201
2017-07-07T16:51:00Z,144.22,144.25,144.21,144.225
2017-07-07T16:52:00Z,144.23,144.2601,144.2002,144.2499
2017-07-07T16:53:00Z,144.25,144.26,144.18,144.1845
2017-07-07T16:54:00Z,144.18,144.19,144.17,144.17
2017-07-07T16:55:00Z,144.18,144.189,144.13,144.15
2017-07-07T16:56:00Z,144.1444,144.22,144.1444,144.215
2017-07-07T16:57:00Z,144.22,144.25,144.213,144.2294
2017-07-07T16:58:00Z,144.23,144.26,144.225,144.25
2017-07-07T16:59:00Z,144.25,144.26,144.23,144.24
2017-07-07T17:00:00Z,144.245,144.3,144.245,144.2975
2017-07-07T17:01:00Z,144.29,144.33,144.2801,144.283
2017-07-07T17:02:00Z,144.29,144.34,144.29,144.3101
2017-07-07T17:03:00Z,144.31,144.31,144.2611,144.2611
2017-07-07T17:04:00Z,144.27,144.29,144.225,144.2299
2017-07-07T17:05:00Z,144.225,144.25,144.19,144.213
2017-07-07T17:06:00Z,144.22,144.28,144.22,144.28
2017-07-07T17:07:00Z,144.29,144.325,144.28,144.32
2017-07-07T17:08:00Z,144.31,144.33,144.3,144.33
2017-07-07T17:09:00Z,144.33,144.34,144.28,144.325
2017-07-07T17:10:00Z,144.33,144.34,144.31,144.33
2017-07-07T17:11:00Z,144.33,144.3465,144.309,144.325
2017-07-07T17:12:00Z,144.325,144.34,144.3,144.3
2017-07-07T17:13:00Z,144.305,144.32,144.25,144.259
2017-07-07T17:14:00Z,144.255,144.255,144.23,144.24
2017-07-07T17:15:00Z,144.2465,144.29,144.23,144.27
2017-07-07T17:16:00Z,144.275,144.29,144.25,144.25
2017-07-07T17:17:00Z,144.26,144.33,144.26,144.32
2017-07-07T17:18:00Z,144.32,144.36,144.31,144.33
2017-07-07T17:19:00Z,144.34,144.355,144.3047,144.34
2017-07-07T17:20:00Z,144.35,144.39,144.35,144.39
2017-07-07T17:21:00Z,144.39,144.4,144.365,144.3654
2017-07-07T17:22:00Z,144.37,144.45,144.3612,144.44
2017-07-07T17:23:00Z,144.44,144.48,144.43,144.47
2017-07-07T17:24:00Z,144.48,144.5,144.47,144.4864
2017-07-07T17:25:00Z,144.485,144.55,144.44,144.52
2017-07-07T17:26:00Z,144.52,144.59,144.5,144.54
2017-07-07T17:27:00Z,144.5341,144.55,144.51,144.55
2017-07-07T17:28:00Z,144.54,144.5801,144.54,144.58
2017-07-07T17:29:00Z,144.5854,144.64,144.58,144.615
2017-07-07T17:30:00Z,144.615,144.63,144.58,144.58
2017-07-07T17:31:00Z,144.57,144.615,144.55,144.6135
2017-07-07T17:32:00Z,144.62,144.69,144.61,144.6435
2017-07-07T17:33:00Z,144.65,144.66,144.57,144.57
2017-07-07T17:34:00Z,144.57,144.62,144.57,144.62
2017-07-07T17:35:00Z,144.6155,144.637,144.61,144.62
2017-07-07T17:36:00Z,144.61,144.64,144.5925,144.6157
2017-07-07T17:37:00Z,144.61,144.64,144.565,144.565
2017-07-07T17:38:00Z,144.568,144.63,144.56,144.61
2017-07-07T17:39:00Z,144.62,144.625,144.6,144.61
2017-07-07T17:40:00Z,144.6098,144.68,144.605,144.68
2017-07-07T17:41:00Z,144.68,144.7,144.65,144.66
2017-07-07T17:42:00Z,144.67,144.725,144.67,144.71
2017-07-07T17:43:00Z,144.71,144.75,144.7,144.7365
2017-07-07T17:44:00Z,144.74,144.74,144.71,144.7101
2017-07-07T17:45:00Z,144.7146,144.74,144.7,144.73
2017-07-07T17:46:00Z,144.74,144.75,144.69,144.69
2017-07-07T17:47:00Z,144.695,144.72,144.68,144.68
2017-07-07T17:48:00Z,144.68,144.7,144.63,144.694
2017-07-07T17:49:00Z,144.6934,144.695,144.61,144.61
2017-07-07T17:50:00Z,144.61,144.62,144.53,144.56
2017-07-07T17:51:00Z,144.56,144.5799,144.53,144.5799
2017-07-07T17:52:00Z,144.58,144.625,144.57,144.585
2017-07-07T17:53:00Z,144.59,144.6,144.54,144.6
2017-07-07T17:54:00Z,144.61,144.63,144.6013,144.6013
2017-07-07T17:55:00Z,144.605,144.665,144.605,144.65
2017-07-07T17:56:00Z,144.6465,144.66,144.6,144.625
2017-07-07T17:57:00Z,144.62,144.62,144.593,144.61
2017-07-07T17:58:00Z,144.62,144.6613,144.61,144.6613
2017-07-07T17:59:00Z,144.67,144.68,144.63,144.65
2017-07-07T18:00:00Z,144.66,144.67,144.57,144.57
2017-07-07T18:01:00Z,144.575,144.605,144.55,144.56
2017-07-07T18:02:00Z,144.56,144.6,144.53,144.5945
2017-07-07T18:03:00Z,144.59,144.62,144.55,144.5526
2017-07-07T18:04:00Z,144.56,144.58,144.51,144.51
2017-07-07T18:05:00Z,144.515,144.54,144.47,144.52
2017-07-07T18:06:00Z,144.52,144.5499,144.52,144.5325
2017-07-07T18:07:00Z,144.53,144.555,144.5,144.51
2017-07-07T18:08:00Z,144.5,144.5144,144.4858,144.4858
2017-07-07T18:09:00Z,144.485,144.49,144.45,144.4765
2017-07-07T18:10:00Z,144.4738,144.537,144.45,144.45
2017-07-07T18:11:00Z,144.43,144.47,144.43,144.43
2017-07-07T18:12:00Z,144.425,144.4555,144.37,144.4211
2017-07-07T18:13:00Z,144.43,144.44,144.41,144.41
2017-07-07T18:14:00Z,144.42,144.4465,144.41,144.42
2017-07-07T18:15:00Z,144.42,144.46,144.42,144.43
2017-07-07T18:16:00Z,144.425,144.43,144.38,144.39
2017-07-07T18:17:00Z,144.39,144.42,144.335,144.36
2017-07-07T18:18:00Z,144.37,144.38,144.35,144.365
2017-07-07T18:19:00Z,144.36,144.3882,144.31,144.375
2017-07-07T18:20:00Z,144.37,144.38,144.29,144.3035
2017-07-07T18:21:00Z,144.295,144.3399,144.28,144.3335
2017-07-07T18:22:00Z,144.3354,144.37,144.2845,144.2845
2017-07-07T18:23:00Z,144.2837,144.31,144.28,144.28
2017-07-07T18:24:00Z,144.3,144.33,144.27,144.3099
2017-07-07T18:25:00Z,144.31,144.355,144.287,144.29
2017-07-07T18:26:00Z,144.2944,144.3,144.255,144.26
2017-07-07T18:27:00Z,144.25,144.27,144.24,144.25
2017-07-07T18:28:00Z,144.2535,144.2536,144.2075,144.223
2017-07-07T18:29:00Z,144.22,144.24,144.205,144.2236
2017-07-07T18:30:00Z,144.2238,144.27,144.22,144.2375
2017-07-07T18:31:00Z,144.2341,144.2954,144.23,144.29
2017-07-07T18:32:00Z,144.295,144.31,144.261,144.29
2017-07-07T18:33:00Z,144.3,144.3,144.23,144.26
2017-07-07T18:34:00Z,144.26,144.299,144.26,144.2928
2017-07-07T18:35:00Z,144.29,144.3306,144.29,144.3001
2017-07-07T18:36:00Z,144.3108,144.32,144.28,144.3106
2017-07-07T18:37:00Z,144.31,144.3101,144.25,144.27
2017-07-07T18:38:00Z,144.2799,144.2799,144.18,144.24
2017-07-07T18:39:00Z,144.2446,144.2793,144.22,144.27
2017-07-07T18:40:00Z,144.27,144.335,144.27,144.33
2017-07-07T18:41:00Z,144.335,144.34,144.295,144.34
2017-07-07T18:42:00Z,144.34,144.35,144.29,144.29
2017-07-07T18:43:00Z,144.3,144.3299,144.25,144.26
2017-07-07T18:44:00Z,144.27,144.28,144.22,144.26
2017-07-07T18:45:00Z,144.265,144.31,144.26,144.31
2017-07-07T18:46:00Z,144.32,144.36,144.32,144.336
2017-07-07T18:47:00Z,144.34,144.37,144.32,144.34
2017-07-07T18:48:00Z,144.335,144.34,144.315,144.323
2017-07-07T18:49:00Z,144.32,144.35,144.3,144.3482
2017-07-07T18:50:00Z,144.3593,144.42,144.35,144.41
2017-07-07T18:51:00Z,144.415,144.43,144.4,144.421
2017-07-07T18:52:00Z,144.425,144.47,144.4,144.46
2017-07-07T18:53:00Z,144.47,144.515,144.47,144.515
2017-07-07T18:54:00Z,144.52,144.57,144.5114,144.5336
2017-07-07T18:55:00Z,144.532,144.54,144.51,144.53
2017-07-07T18:56:00Z,144.53,144.53,144.5,144.515
2017-07-07T18:57:00Z,144.5152,144.5301,144.51,144.5144
2017-07-07T18:58:00Z,144.51,144.515,144.48,144.5044
2017-07-07T18:59:00Z,144.5041,144.52,144.485,144.51
2017-07-07T19:00:00Z,144.5,144.5301,144.5,144.5244
2017-07-07T19:01:00Z,144.525,144.525,144.41,144.42
2017-07-07T19:02:00Z,144.42,144.458,144.39,144.42
2017-07-07T19:03:00Z,144.43,144.43,144.35,144.3601
2017-07-07T19:04:00Z,144.365,144.365,144.23,144.24
2017-07-07T19:05:00Z,144.23,144.26,144.22,144.23
2017-07-07T19:06:00Z,144.23,144.28,144.23,144.28
2017-07-07T19:07:00Z,144.28,144.28,144.2037,144.25
2017-07-07T19:08:00Z,144.26,144.28,144.24,144.28
2017-07-07T19:09:00Z,144.29,144.31,144.2057,144.21
2017-07-07T19:10:00Z,144.21,144.22,144.16,144.16
2017-07-07T19:11:00Z,144.165,144.17,144.075,144.08
2017-07-07T19:12:00Z,144.07,144.09,144.045,144.05
2017-07-07T19:13:00Z,144.04,144.1,144.02,144.095
2017-07-07T19:14:00Z,144.09,144.13,144.08,144.115
2017-07-07T19:15:00Z,144.12,144.18,144.12,144.1759
2017-07-07T19:16:00Z,144.175,144.21,144.12,144.15
2017-07-07T19:17:00Z,144.16,144.16,144.12,144.16
2017-07-07T19:18:00Z,144.153,144.22,144.15,144.22
2017-07-07T19:19:00Z,144.2136,144.26,144.19,144.2
2017-07-07T19:20:00Z,144.2,144.245,144.1901,144.23
2017-07-07T19:21:00Z,144.24,144.25,144.1601,144.2299
2017-07-07T19:22:00Z,144.23,144.2409,144.1735,144.22
2017-07-07T19:23:00Z,144.23,144.32,144.225,144.3
2017-07-07T19:24:00Z,144.3044,144.36,144.2936,144.345
2017-07-07T19:25:00Z,144.351,144.351,144.29,144.35
2017-07-07T19:26:00Z,144.35,144.39,144.34,144.37
2017-07-07T19:27:00Z,144.37,144.41,144.34,144.37
2017-07-07T19:28:00Z,144.365,144.41,144.34,144.391
2017-07-07T19:29:00Z,144.395,144.42,144.36,144.4181
2017-07-07T19:30:00Z,144.42,144.42,144.34,144.37
2017-07-07T19:31:00Z,144.38,144.38,144.29,144.3
2017-07-07T19:32:00Z,144.31,144.36,144.29,144.325
2017-07-07T19:33:00Z,144.32,144.36,144.32,144.34
2017-07-07T19:34:00Z,144.35,144.39,144.31,144.38
2017-07-07T19:35:00Z,144.38,144.4,144.36,144.4
2017-07-07T19:36:00Z,144.41,144.46,144.4,144.45
2017-07-07T19:37:00Z,144.45,144.48,144.43,144.477
2017-07-07T19:38:00Z,144.4744,144.53,144.47,144.51
2017-07-07T19:39:00Z,144.5193,144.52,144.45,144.45
2017-07-07T19:40:00Z,144.46,144.51,144.42,144.51
2017-07-07T19:41:00Z,144.515,144.585,144.51,144.5466
2017-07-07T19:42:00Z,144.55,144.56,144.45,144.46
2017-07-07T19:43:00Z,144.46,144.46,144.395,144.41
2017-07-07T19:44:00Z,144.41,144.4799,144.38,144.45
2017-07-07T19:45:00Z,144.445,144.51,144.445,144.48
2017-07-07T19:46:00Z,144.484,144.49,144.46,144.49
2017-07-07T19:47:00Z,144.49,144.51,144.46,144.47
2017-07-07T19:48:00Z,144.47,144.49,144.43,144.46
2017-07-07T19:49:00Z,144.46,144.46,144.39,144.45
2017-07-07T19:50:00Z,144.45,144.5125,144.38,144.409
2017-07-07T19:51:00Z,144.4,144.4,144.36,144.37
2017-07-07T19:52:00Z,144.38,144.39,144.29,144.32
2017-07-07T19:53:00Z,144.32,144.32,144.29,144.3
2017-07-07T19:54:00Z,144.31,144.32,144.25,144.28
2017-07-07T19:55:00Z,144.28,144.32,144.22,144.32
2017-07-07T19:56:00Z,144.315,144.38,144.295,144.3608
2017-07-07T19:57:00Z,144.37,144.41,144.32,144.32
2017-07-07T19:58:00Z,144.32,144.35,144.19,144.26
2017-07-07T19:59:00Z,144.25,144.26,144.1,144.17
