2018-01-11T13:30:00Z,174.72,174.72,174.72,174.72
2018-01-11T13:31:00Z,174.71,174.71,174.69,174.69
2018-01-11T13:32:00Z,174.64,174.64,174.63,174.64
2018-01-11T13:33:00Z,174.7,174.7,174.7,174.7
2018-01-11T13:35:00Z,174.69,174.69,174.63,174.63
2018-01-11T13:37:00Z,174.68,174.69,174.68,174.69
2018-01-11T13:39:00Z,174.62,174.62,174.62,174.62
2018-01-11T13:41:00Z,174.68,174.69,174.68,174.69
2018-01-11T13:42:00Z,174.64,174.64,174.6,174.6
2018-01-11T13:43:00Z,174.62,174.62,174.62,174.62
2018-01-11T13:44:00Z,174.6,174.6,174.6,174.6
2018-01-11T13:45:00Z,174.6,174.6,174.55,174.55
2018-01-11T13:46:00Z,174.62,174.62,174.62,174.62
2018-01-11T13:47:00Z,174.56,174.56,174.5,174.5
2018-01-11T13:49:00Z,174.5,174.59,174.5,174.59
2018-01-11T13:52:00Z,174.51,174.51,174.5,174.5
2018-01-11T13:54:00Z,174.56,174.56,174.53,174.53
2018-01-11T13:56:00Z,174.57,174.6,174.57,174.6
2018-01-11T13:57:00Z,174.6,174.6,174.6,174.6
2018-01-11T13:59:00Z,174.59,174.6,174.59,174.6
2018-01-11T14:00:00Z,174.59,174.59,174.59,174.59
2018-01-11T14:01:00Z,174.58,174.58,174.58,174.58
2018-01-11T14:02:00Z,174.6,174.6,174.6,174.6
2018-01-11T14:03:00Z,174.6,174.6,174.6,174.6
2018-01-11T14:05:00Z,174.69,174.7,174.69,174.7
2018-01-11T14:08:00Z,174.67,174.67,174.67,174.67
2018-01-11T14:10:00Z,174.67,174.67,174.67,174.67
2018-01-11T14:14:00Z,174.61,174.61,174.54,174.54
2018-01-11T14:15:00Z,174.54,174.54,174.5,174.5
2018-01-11T14:16:00Z,174.51,174.52,174.5,174.5
2018-01-11T14:17:00Z,174.5,174.51,174.48,174.48
2018-01-11T14:18:00Z,174.48,174.48,174.45,174.45
2018-01-11T14:23:00Z,174.48,174.52,174.48,174.52
2018-01-11T14:24:00Z,174.59,174.6,174.59,174.6
2018-01-11T14:25:00Z,174.6,174.6,174.6,174.6
2018-01-11T14:26:00Z,174.59,174.59,174.59,174.59
2018-01-11T14:27:00Z,174.58,174.58,174.51,174.51
2018-01-11T14:28:00Z,174.51,174.51,174.51,174.51
2018-01-11T14:29:00Z,174.55,174.6,174.34,174.59
2018-01-11T14:30:00Z,174.59,175.15,174.49,175.14
2018-01-11T14:31:00Z,175.1383,175.17,174.93,175
2018-01-11T14:32:00Z,174.97,175.16,174.85,175
2018-01-11T14:33:00Z,175.0004,175.17,174.95,175.14
2018-01-11T14:34:00Z,175.1434,175.34,175.05,175.3051
2018-01-11T14:35:00Z,175.31,175.46,175.28,175.42
2018-01-11T14:36:00Z,175.425,175.43,175.31,175.3701
2018-01-11T14:37:00Z,175.3768,175.378,175.1,175.24
2018-01-11T14:38:00Z,175.23,175.24,175.14,175.1775
2018-01-11T14:39:00Z,175.1807,175.19,175.01,175.0801
2018-01-11T14:40:00Z,175.08,175.08,174.8,175.03
2018-01-11T14:41:00Z,175.03,175.19,174.98,175.16
2018-01-11T14:42:00Z,175.15,175.39,175.115,175.38
2018-01-11T14:43:00Z,175.375,175.48,175.35,175.45
2018-01-11T14:44:00Z,175.45,175.46,175.3468,175.38
2018-01-11T14:45:00Z,175.38,175.42,175.19,175.1976
2018-01-11T14:46:00Z,175.2,175.22,174.97,175.005
2018-01-11T14:47:00Z,175.0135,175.18,174.97,175.15
2018-01-11T14:48:00Z,175.13,175.27,175.05,175.25
2018-01-11T14:49:00Z,175.24,175.2901,175.16,175.27
2018-01-11T14:50:00Z,175.27,175.32,175.1,175.18
2018-01-11T14:51:00Z,175.17,175.252,175.13,175.13
2018-01-11T14:52:00Z,175.12,175.18,175.02,175.08
2018-01-11T14:53:00Z,175.085,175.12,175.03,175.09
2018-01-11T14:54:00Z,175.09,175.22,175.08,175.2
2018-01-11T14:55:00Z,175.18,175.2,175.13,175.18
2018-01-11T14:56:00Z,175.19,175.231,175.051,175.15
2018-01-11T14:57:00Z,175.17,175.2199,175.1,175.14
2018-01-11T14:58:00Z,175.15,175.16,175.05,175.0699
2018-01-11T14:59:00Z,175.065,175.1,175,175.1
2018-01-11T15:00:00Z,175.1099,175.3,175.08,175.28
2018-01-11T15:01:00Z,175.28,175.46,175.28,175.3499
2018-01-11T15:02:00Z,175.34,175.4886,175.33,175.3766
2018-01-11T15:03:00Z,175.3882,175.45,175.3682,175.3999
2018-01-11T15:04:00Z,175.393,175.42,175.21,175.2797
2018-01-11T15:05:00Z,175.275,175.36,175.2401,175.3
2018-01-11T15:06:00Z,175.31,175.34,175.225,175.24
2018-01-11T15:07:00Z,175.24,175.2625,175.14,175.1598
2018-01-11T15:08:00Z,175.155,175.19,175.0568,175.16
2018-01-11T15:09:00Z,175.14,175.205,175.135,175.205
2018-01-11T15:10:00Z,175.2,175.27,175.18,175.27
2018-01-11T15:11:00Z,175.29,175.32,175.21,175.2301
2018-01-11T15:12:00Z,175.2359,175.28,175.16,175.185
2018-01-11T15:13:00Z,175.18,175.2,175.11,175.1338
2018-01-11T15:14:00Z,175.135,175.18,175.1124,175.135
2018-01-11T15:15:00Z,175.1385,175.168,175.13,175.16
2018-01-11T15:16:00Z,175.15,175.175,175.09,175.13
2018-01-11T15:17:00Z,175.14,175.18,175.12,175.175
2018-01-11T15:18:00Z,175.175,175.2,175.16,175.18
2018-01-11T15:19:00Z,175.17,175.19,175.14,175.183
2018-01-11T15:20:00Z,175.1833,175.2,175.04,175.0552
2018-01-11T15:21:00Z,175.0548,175.07,174.82,174.885
2018-01-11T15:22:00Z,174.88,175.04,174.86,174.9938
2018-01-11T15:23:00Z,174.9907,175,174.9,174.9299
2018-01-11T15:24:00Z,174.92,175.04,174.91,174.95
2018-01-11T15:25:00Z,174.95,175.09,174.95,175.0844
2018-01-11T15:26:00Z,175.09,175.1,175.03,175.0781
2018-01-11T15:27:00Z,175.08,175.15,175.08,175.1
2018-01-11T15:28:00Z,175.11,175.115,175.0734,175.0734
2018-01-11T15:29:00Z,175.0899,175.1,174.98,175.0103
2018-01-11T15:30:00Z,175.01,175.11,175.01,175.09
2018-01-11T15:31:00Z,175.08,175.1152,175.07,175.0888
2018-01-11T15:32:00Z,175.08,175.14,175.0701,175.1278
2018-01-11T15:33:00Z,175.125,175.145,175.1096,175.1096
2018-01-11T15:34:00Z,175.11,175.13,174.89,174.9
2018-01-11T15:35:00Z,174.9,175.0597,174.83,175.02
2018-01-11T15:36:00Z,175.01,175.05,174.92,174.96
2018-01-11T15:37:00Z,174.98,175.0586,174.98,175.05
2018-01-11T15:38:00Z,175.08,175.12,175.05,175.0668
2018-01-11T15:39:00Z,175.09,175.1399,175.09,175.13
2018-01-11T15:40:00Z,175.1206,175.13,175.07,175.09
2018-01-11T15:41:00Z,175.1,175.13,175.09,175.13
2018-01-11T15:42:00Z,175.14,175.18,175.1057,175.16
2018-01-11T15:43:00Z,175.153,175.17,175.099,175.1653
2018-01-11T15:44:00Z,175.16,175.17,175.13,175.17
2018-01-11T15:45:00Z,175.17,175.22,175.13,175.22
2018-01-11T15:46:00Z,175.23,175.26,175.193,175.207
2018-01-11T15:47:00Z,175.21,175.23,175.19,175.22
2018-01-11T15:48:00Z,175.22,175.22,175.19,175.21
2018-01-11T15:49:00Z,175.205,175.22,175.19,175.2053
2018-01-11T15:50:00Z,175.21,175.23,175.2,175.21
2018-01-11T15:51:00Z,175.22,175.25,175.21,175.24
2018-01-11T15:52:00Z,175.25,175.25,175.221,175.25
2018-01-11T15:53:00Z,175.25,175.3,175.23,175.24
2018-01-11T15:54:00Z,175.2434,175.2906,175.24,175.27
2018-01-11T15:55:00Z,175.28,175.3,175.24,175.257
2018-01-11T15:56:00Z,175.25,175.25,175.2,175.21
2018-01-11T15:57:00Z,175.22,175.22,175.13,175.2
2018-01-11T15:58:00Z,175.19,175.22,175.175,175.1755
2018-01-11T15:59:00Z,175.179,175.2421,175.1652,175.2421
2018-01-11T16:00:00Z,175.24,175.29,175.22,175.2605
2018-01-11T16:01:00Z,175.26,175.3,175.25,175.2934
2018-01-11T16:02:00Z,175.2967,175.3,175.251,175.29
2018-01-11T16:03:00Z,175.29,175.29,175.2544,175.27
2018-01-11T16:04:00Z,175.265,175.29,175.25,175.261
2018-01-11T16:05:00Z,175.26,175.26,175.2,175.23
2018-01-11T16:06:00Z,175.22,175.255,175.18,175.2399
2018-01-11T16:07:00Z,175.23,175.28,175.21,175.25
2018-01-11T16:08:00Z,175.26,175.29,175.25,175.28
2018-01-11T16:09:00Z,175.2885,175.34,175.285,175.31
2018-01-11T16:10:00Z,175.3147,175.325,175.28,175.29
2018-01-11T16:11:00Z,175.285,175.3201,175.27,175.28
2018-01-11T16:12:00Z,175.27,175.29,175.25,175.25
2018-01-11T16:13:00Z,175.26,175.26,175.17,175.207
2018-01-11T16:14:00Z,175.2,175.2198,175.18,175.19
2018-01-11T16:15:00Z,175.19,175.27,175.15,175.17
2018-01-11T16:16:00Z,175.15,175.21,175.15,175.21
2018-01-11T16:17:00Z,175.2,175.25,175.19,175.22
2018-01-11T16:18:00Z,175.22,175.25,175.21,175.25
2018-01-11T16:19:00Z,175.24,175.29,175.23,175.275
2018-01-11T16:20:00Z,175.28,175.3,175.27,175.284
2018-01-11T16:21:00Z,175.29,175.3845,175.28,175.3845
2018-01-11T16:22:00Z,175.3794,175.39,175.26,175.33
2018-01-11T16:23:00Z,175.34,175.38,175.3386,175.3784
2018-01-11T16:24:00Z,175.3616,175.38,175.36,175.365
2018-01-11T16:25:00Z,175.3668,175.38,175.3512,175.36
2018-01-11T16:26:00Z,175.351,175.351,175.3,175.335
2018-01-11T16:27:00Z,175.3353,175.34,175.24,175.26
2018-01-11T16:28:00Z,175.265,175.3,175.215,175.2448
2018-01-11T16:29:00Z,175.25,175.25,175.19,175.25
2018-01-11T16:30:00Z,175.25,175.27,175.17,175.24
2018-01-11T16:31:00Z,175.25,175.27,175.22,175.27
2018-01-11T16:32:00Z,175.27,175.28,175.21,175.26
2018-01-11T16:33:00Z,175.27,175.29,175.2201,175.2701
2018-01-11T16:34:00Z,175.27,175.3,175.2601,175.275
2018-01-11T16:35:00Z,175.27,175.315,175.26,175.2995
2018-01-11T16:36:00Z,175.295,175.33,175.28,175.33
2018-01-11T16:37:00Z,175.325,175.35,175.3,175.32
2018-01-11T16:38:00Z,175.32,175.375,175.31,175.31
2018-01-11T16:39:00Z,175.32,175.32,175.26,175.28
2018-01-11T16:40:00Z,175.27,175.27,175.18,175.22
2018-01-11T16:41:00Z,175.21,175.29,175.205,175.26
2018-01-11T16:42:00Z,175.2505,175.28,175.2337,175.27
2018-01-11T16:43:00Z,175.26,175.2635,175.2,175.22
2018-01-11T16:44:00Z,175.22,175.23,175.16,175.2
2018-01-11T16:45:00Z,175.19,175.24,175.18,175.23
2018-01-11T16:46:00Z,175.23,175.24,175.18,175.18
2018-01-11T16:47:00Z,175.1892,175.19,175.15,175.169
2018-01-11T16:48:00Z,175.16,175.1681,175.08,175.1162
2018-01-11T16:49:00Z,175.12,175.155,175.095,175.11
2018-01-11T16:50:00Z,175.11,175.15,175.09,175.11
2018-01-11T16:51:00Z,175.115,175.13,175.08,175.12
2018-01-11T16:52:00Z,175.12,175.12,175.055,175.065
2018-01-11T16:53:00Z,175.065,175.08,175.02,175.055
2018-01-11T16:54:00Z,175.05,175.06,175,175.005
2018-01-11T16:55:00Z,175.01,175.0999,174.98,175.08
2018-01-11T16:56:00Z,175.0702,175.135,175.0601,175.081
2018-01-11T16:57:00Z,175.0999,175.14,175.08,175.1
2018-01-11T16:58:00Z,175.11,175.14,175.08,175.1081
2018-01-11T16:59:00Z,175.0995,175.135,175.08,175.08
2018-01-11T17:00:00Z,175.0853,175.13,175.0853,175.1
2018-01-11T17:01:00Z,175.1,175.1234,175.08,175.1
2018-01-11T17:02:00Z,175.12,175.1277,175.01,175.04
2018-01-11T17:03:00Z,175.05,175.06,175,175.02
2018-01-11T17:04:00Z,175.02,175.03,174.99,174.99
2018-01-11T17:05:00Z,174.995,175.02,174.975,174.9999
2018-01-11T17:06:00Z,175,175.02,174.95,174.96
2018-01-11T17:07:00Z,174.96,175,174.95,174.98
2018-01-11T17:08:00Z,174.99,175.008,174.97,175
2018-01-11T17:09:00Z,174.99,175.01,174.97,174.98
2018-01-11T17:10:00Z,175,175.0212,174.99,175.005
2018-01-11T17:11:00Z,175.0036,175.0055,174.99,175
2018-01-11T17:12:00Z,175.005,175.01,174.98,174.985
2018-01-11T17:13:00Z,174.97,175.01,174.97,174.9799
2018-01-11T17:14:00Z,174.9738,175,174.95,174.98
2018-01-11T17:15:00Z,174.9862,175,174.97,174.97
2018-01-11T17:16:00Z,174.98,174.99,174.95,174.979
2018-01-11T17:17:00Z,174.975,175.01,174.97,175
2018-01-11T17:18:00Z,175.01,175.01,174.96,174.963
2018-01-11T17:19:00Z,174.96,175.005,174.96,175
2018-01-11T17:20:00Z,175,175,174.99,175
2018-01-11T17:21:00Z,174.995,175.01,174.99,175.005
2018-01-11T17:22:00Z,175.005,175.02,175,175
2018-01-11T17:23:00Z,175,175.02,175,175.01
2018-01-11T17:24:00Z,175.01,175.09,175.01,175.09
2018-01-11T17:25:00Z,175.085,175.1,175.06,175.1
2018-01-11T17:26:00Z,175.09,175.12,175.07,175.0855
2018-01-11T17:27:00Z,175.083,175.095,175.04,175.06
2018-01-11T17:28:00Z,175.075,175.19,175.07,175.18
2018-01-11T17:29:00Z,175.18,175.28,175.169,175.18
2018-01-11T17:30:00Z,175.18,175.22,175.131,175.145
2018-01-11T17:31:00Z,175.141,175.19,175.14,175.1798
2018-01-11T17:32:00Z,175.17,175.2404,175.1601,175.24
2018-01-11T17:33:00Z,175.24,175.29,175.2,175.2497
2018-01-11T17:34:00Z,175.26,175.26,175.1974,175.205
2018-01-11T17:35:00Z,175.2033,175.215,175.165,175.19
2018-01-11T17:36:00Z,175.2,175.22,175.19,175.21
2018-01-11T17:37:00Z,175.21,175.27,175.21,175.26
2018-01-11T17:38:00Z,175.26,175.27,175.081,175.17
2018-01-11T17:39:00Z,175.16,175.21,175.09,175.21
2018-01-11T17:40:00Z,175.21,175.2167,175.12,175.12
2018-01-11T17:41:00Z,175.14,175.19,175.12,175.14
2018-01-11T17:42:00Z,175.13,175.1999,175.13,175.16
2018-01-11T17:43:00Z,175.1729,175.2,175.12,175.1732
2018-01-11T17:44:00Z,175.17,175.2,175.11,175.13
2018-01-11T17:45:00Z,175.14,175.26,175.1362,175.2368
2018-01-11T17:46:00Z,175.24,175.26,175.2,175.23
2018-01-11T17:47:00Z,175.235,175.27,175.22,175.26
2018-01-11T17:48:00Z,175.2602,175.2602,175.2,175.2039
2018-01-11T17:49:00Z,175.2,175.23,175.19,175.2088
2018-01-11T17:50:00Z,175.2,175.2,175.16,175.17
2018-01-11T17:51:00Z,175.1772,175.205,175.16,175.1676
2018-01-11T17:52:00Z,175.18,175.19,175.16,175.19
2018-01-11T17:53:00Z,175.1868,175.21,175.18,175.2002
2018-01-11T17:54:00Z,175.209,175.25,175.205,175.22
2018-01-11T17:55:00Z,175.2147,175.255,175.21,175.21
2018-01-11T17:56:00Z,175.217,175.2294,175.2,175.2144
2018-01-11T17:57:00Z,175.21,175.22,175.18,175.2033
2018-01-11T17:58:00Z,175.195,175.26,175.18,175.25
2018-01-11T17:59:00Z,175.245,175.26,175.2001,175.21
2018-01-11T18:00:00Z,175.22,175.225,175.19,175.2071
2018-01-11T18:01:00Z,175.2,175.25,175.18,175.25
2018-01-11T18:02:00Z,175.25,175.27,175.22,175.2299
2018-01-11T18:03:00Z,175.23,175.2644,175.2006,175.23
2018-01-11T18:04:00Z,175.22,175.22,175.15,175.175
2018-01-11T18:05:00Z,175.18,175.18,175.12,175.12
2018-01-11T18:06:00Z,175.1266,175.16,175.1,175.13
2018-01-11T18:07:00Z,175.135,175.15,175.1143,175.125
2018-01-11T18:08:00Z,175.1255,175.16,175.11,175.1244
2018-01-11T18:09:00Z,175.125,175.1896,175.125,175.1805
2018-01-11T18:10:00Z,175.1795,175.2,175.17,175.1835
2018-01-11T18:11:00Z,175.19,175.24,175.18,175.2161
2018-01-11T18:12:00Z,175.21,175.21,175.12,175.12
2018-01-11T18:13:00Z,175.13,175.13,175.08,175.11
2018-01-11T18:14:00Z,175.1,175.1199,175.1,175.1
2018-01-11T18:15:00Z,175.1,175.12,175.0847,175.0847
2018-01-11T18:16:00Z,175.082,175.1032,175.08,175.1
2018-01-11T18:17:00Z,175.11,175.13,175.1099,175.11
2018-01-11T18:18:00Z,175.11,175.12,175.06,175.1134
2018-01-11T18:19:00Z,175.11,175.12,175.07,175.08
2018-01-11T18:20:00Z,175.085,175.13,175.083,175.12
2018-01-11T18:21:00Z,175.1201,175.13,175.08,175.08
2018-01-11T18:22:00Z,175.0757,175.089,175.07,175.0838
2018-01-11T18:23:00Z,175.08,175.095,175.07,175.0753
2018-01-11T18:24:00Z,175.08,175.095,175.07,175.0761
2018-01-11T18:25:00Z,175.07,175.07,175.02,175.0453
2018-01-11T18:26:00Z,175.0456,175.0562,175.01,175.0447
2018-01-11T18:27:00Z,175.0533,175.0698,175.01,175.02
2018-01-11T18:28:00Z,175.0139,175.03,174.98,174.9944
2018-01-11T18:29:00Z,175,175,174.98,174.99
2018-01-11T18:30:00Z,174.99,175.01,174.98,174.98
2018-01-11T18:31:00Z,174.99,175,174.9,174.91
2018-01-11T18:32:00Z,174.91,174.995,174.91,174.98
2018-01-11T18:33:00Z,174.9841,175.01,174.95,174.9634
2018-01-11T18:34:00Z,174.96,174.9666,174.94,174.94
2018-01-11T18:35:00Z,174.95,174.96,174.91,174.92
2018-01-11T18:36:00Z,174.92,174.97,174.91,174.945
2018-01-11T18:37:00Z,174.95,175,174.95,174.99
2018-01-11T18:38:00Z,174.985,175.0233,174.98,175
2018-01-11T18:39:00Z,175.01,175.025,174.9894,174.9944
2018-01-11T18:40:00Z,175.01,175.03,174.98,175
2018-01-11T18:41:00Z,175.01,175.0152,174.98,174.98
2018-01-11T18:42:00Z,174.9847,175.02,174.98,175.01
2018-01-11T18:43:00Z,175.01,175.0293,174.97,174.97
2018-01-11T18:44:00Z,174.9799,174.9962,174.96,174.98
2018-01-11T18:45:00Z,174.99,175,174.9752,174.985
2018-01-11T18:46:00Z,174.98,175.02,174.98,174.9953
2018-01-11T18:47:00Z,174.99,175,174.9838,175
2018-01-11T18:48:00Z,174.9999,175,174.98,174.9884
2018-01-11T18:49:00Z,174.99,175.04,174.99,175.02
2018-01-11T18:50:00Z,175.02,175.05,175.02,175.05
2018-01-11T18:51:00Z,175.049,175.0601,175.0333,175.04
2018-01-11T18:52:00Z,175.05,175.06,175.02,175.02
2018-01-11T18:53:00Z,175.0238,175.04,175,175.02
2018-01-11T18:54:00Z,175.02,175.03,175.01,175.021
2018-01-11T18:55:00Z,175.03,175.03,175.02,175.02
2018-01-11T18:56:00Z,175.02,175.0285,175.01,175.02
2018-01-11T18:57:00Z,175.01,175.05,175.01,175.031
2018-01-11T18:58:00Z,175.04,175.06,175.03,175.05
2018-01-11T18:59:00Z,175.0432,175.0432,175.01,175.036
2018-01-11T19:00:00Z,175.03,175.04,175.02,175.025
2018-01-11T19:01:00Z,175.025,175.03,175.02,175.0299
2018-01-11T19:02:00Z,175.0248,175.039,174.985,174.99
2018-01-11T19:03:00Z,174.9946,175,174.98,174.9939
2018-01-11T19:04:00Z,174.9944,175.01,174.99,175
2018-01-11T19:05:00Z,174.995,175.002,174.96,174.96
2018-01-11T19:06:00Z,174.965,175.015,174.965,175.015
2018-01-11T19:07:00Z,175.01,175.04,174.995,175
2018-01-11T19:08:00Z,174.995,175.04,174.985,175.04
2018-01-11T19:09:00Z,175.0339,175.06,175.0339,175.05
2018-01-11T19:10:00Z,175.05,175.11,175.045,175.0946
2018-01-11T19:11:00Z,175.1,175.11,175.05,175.0747
2018-01-11T19:12:00Z,175.07,175.11,175.05,175.08
2018-01-11T19:13:00Z,175.0899,175.1,175.07,175.08
2018-01-11T19:14:00Z,175.0799,175.1031,175.05,175.055
2018-01-11T19:15:00Z,175.05,175.0734,175.02,175.07
2018-01-11T19:16:00Z,175.071,175.1001,175.071,175.1
2018-01-11T19:17:00Z,175.09,175.16,175.09,175.15
2018-01-11T19:18:00Z,175.15,175.205,175.15,175.17
2018-01-11T19:19:00Z,175.16,175.1858,175.153,175.17
2018-01-11T19:20:00Z,175.1602,175.1925,175.146,175.15
2018-01-11T19:21:00Z,175.16,175.16,175.11,175.11
2018-01-11T19:22:00Z,175.11,175.13,175.08,175.12
2018-01-11T19:23:00Z,175.14,175.14,175.1,175.1
2018-01-11T19:24:00Z,175.11,175.13,175.1,175.11
2018-01-11T19:25:00Z,175.11,175.1601,175.11,175.15
2018-01-11T19:26:00Z,175.14,175.157,175.1302,175.1543
2018-01-11T19:27:00Z,175.15,175.17,175.14,175.16
2018-01-11T19:28:00Z,175.156,175.18,175.1432,175.1494
2018-01-11T19:29:00Z,175.15,175.16,175.1249,175.1249
2018-01-11T19:30:00Z,175.13,175.16,175.12,175.12
2018-01-11T19:31:00Z,175.12,175.12,175.09,175.1
2018-01-11T19:32:00Z,175.0999,175.11,175.09,175.1024
2018-01-11T19:33:00Z,175.1038,175.11,175.07,175.1
2018-01-11T19:34:00Z,175.09,175.1153,175.08,175.09
2018-01-11T19:35:00Z,175.09,175.1,175.08,175.0989
2018-01-11T19:36:00Z,175.1,175.11,175.08,175.09
2018-01-11T19:37:00Z,175.0924,175.13,175.0924,175.115
2018-01-11T19:38:00Z,175.125,175.1437,175.125,175.14
2018-01-11T19:39:00Z,175.14,175.15,175.12,175.12
2018-01-11T19:40:00Z,175.12,175.135,175.1,175.12
2018-01-11T19:41:00Z,175.11,175.15,175.1,175.125
2018-01-11T19:42:00Z,175.12,175.14,175.04,175.04
2018-01-11T19:43:00Z,175.05,175.09,175.03,175.06
2018-01-11T19:44:00Z,175.05,175.095,175.04,175.0533
2018-01-11T19:45:00Z,175.05,175.0555,175.02,175.02
2018-01-11T19:46:00Z,175.04,175.04,174.99,175
2018-01-11T19:47:00Z,175,175.0039,174.95,175
2018-01-11T19:48:00Z,175,175.04,174.9901,175.03
2018-01-11T19:49:00Z,175.0234,175.06,175,175
2018-01-11T19:50:00Z,175,175.09,175,175.07
2018-01-11T19:51:00Z,175.0746,175.11,175.06,175.09
2018-01-11T19:52:00Z,175.09,175.09,175.055,175.06
2018-01-11T19:53:00Z,175.07,175.09,175.0534,175.0699
2018-01-11T19:54:00Z,175.05,175.06,175.04,175.06
2018-01-11T19:55:00Z,175.04,175.06,175.04,175.05
2018-01-11T19:56:00Z,175.06,175.1,175.06,175.08
2018-01-11T19:57:00Z,175.08,175.11,175.05,175.06
2018-01-11T19:58:00Z,175.07,175.08,175.04,175.0466
2018-01-11T19:59:00Z,175.045,175.06,175.03,175.06
