2018-07-03T13:30:00Z,187.68,187.95,187.55,187.89
2018-07-03T13:31:00Z,187.9,187.95,187.51,187.59
2018-07-03T13:32:00Z,187.58,187.84,187.56,187.655
2018-07-03T13:33:00Z,187.655,187.655,187.3801,187.43
2018-07-03T13:34:00Z,187.41,187.42,187.1815,187.26
2018-07-03T13:35:00Z,187.25,187.53,187.25,187.4
2018-07-03T13:36:00Z,187.406,187.7,187.38,187.63
2018-07-03T13:37:00Z,187.62,187.62,187.4,187.48
2018-07-03T13:38:00Z,187.49,187.51,187.08,187.15
2018-07-03T13:39:00Z,187.16,187.16,186.6,186.635
2018-07-03T13:40:00Z,186.615,186.805,186.5,186.64
2018-07-03T13:41:00Z,186.63,186.89,186.56,186.82
2018-07-03T13:42:00Z,186.82,186.87,186.65,186.73
2018-07-03T13:43:00Z,186.73,186.74,186.46,186.4783
2018-07-03T13:44:00Z,186.475,186.6999,186.36,186.5
2018-07-03T13:45:00Z,186.53,186.78,186.48,186.72
2018-07-03T13:46:00Z,186.72,186.85,186.68,186.75
2018-07-03T13:47:00Z,186.74,186.86,186.55,186.79
2018-07-03T13:48:00Z,186.8,186.84,186.65,186.81
2018-07-03T13:49:00Z,186.81,186.87,186.73,186.73
2018-07-03T13:50:00Z,186.73,186.97,186.68,186.92
2018-07-03T13:51:00Z,186.93,186.93,186.76,186.76
2018-07-03T13:52:00Z,186.76,186.765,186.52,186.7
2018-07-03T13:53:00Z,186.71,186.7248,186.57,186.705
2018-07-03T13:54:00Z,186.7,186.73,186.6486,186.66
2018-07-03T13:55:00Z,186.64,186.64,186.46,186.56
2018-07-03T13:56:00Z,186.56,186.56,186.31,186.35
2018-07-03T13:57:00Z,186.35,186.55,186.35,186.48
2018-07-03T13:58:00Z,186.51,186.66,186.47,186.66
2018-07-03T13:59:00Z,186.66,186.73,186.6399,186.7
2018-07-03T14:00:00Z,186.7,186.92,186.68,186.86
2018-07-03T14:01:00Z,186.851,186.9516,186.82,186.9
2018-07-03T14:02:00Z,186.9,186.9016,186.59,186.6305
2018-07-03T14:03:00Z,186.6461,186.66,186.45,186.53
2018-07-03T14:04:00Z,186.55,186.74,186.55,186.74
2018-07-03T14:05:00Z,186.74,186.77,186.66,186.71
2018-07-03T14:06:00Z,186.715,186.73,186.5,186.535
2018-07-03T14:07:00Z,186.55,186.564,186.36,186.46
2018-07-03T14:08:00Z,186.46,186.4925,186.38,186.42
2018-07-03T14:09:00Z,186.43,186.6,186.34,186.6
2018-07-03T14:10:00Z,186.6,186.66,186.54,186.59
2018-07-03T14:11:00Z,186.59,186.66,186.56,186.58
2018-07-03T14:12:00Z,186.57,186.75,186.55,186.71
2018-07-03T14:13:00Z,186.72,186.73,186.53,186.59
2018-07-03T14:14:00Z,186.6,186.71,186.55,186.69
2018-07-03T14:15:00Z,186.69,186.72,186.6,186.7101
2018-07-03T14:16:00Z,186.72,186.74,186.6,186.7
2018-07-03T14:17:00Z,186.71,187,186.71,187
2018-07-03T14:18:00Z,187,187.05,186.86,186.9502
2018-07-03T14:19:00Z,186.96,187.05,186.9237,187
2018-07-03T14:20:00Z,187,187.03,186.86,186.9015
2018-07-03T14:21:00Z,186.9,187.12,186.9,187.1
2018-07-03T14:22:00Z,187.1,187.16,187.02,187.12
2018-07-03T14:23:00Z,187.12,187.19,187.07,187.19
2018-07-03T14:24:00Z,187.19,187.24,187.15,187.18
2018-07-03T14:25:00Z,187.18,187.19,187.05,187.09
2018-07-03T14:26:00Z,187.1,187.1352,186.92,186.94
2018-07-03T14:27:00Z,186.94,187.09,186.91,187.06
2018-07-03T14:28:00Z,187.06,187.15,187.06,187.13
2018-07-03T14:29:00Z,187.1255,187.18,186.99,186.99
2018-07-03T14:30:00Z,187,187.1,186.95,187.0748
2018-07-03T14:31:00Z,187.08,187.11,187.04,187.1
2018-07-03T14:32:00Z,187.11,187.17,187.06,187.15
2018-07-03T14:33:00Z,187.146,187.32,187.146,187.28
2018-07-03T14:34:00Z,187.28,187.32,187.2066,187.24
2018-07-03T14:35:00Z,187.24,187.28,187.2,187.24
2018-07-03T14:36:00Z,187.24,187.3061,187.21,187.215
2018-07-03T14:37:00Z,187.21,187.29,187.21,187.255
2018-07-03T14:38:00Z,187.25,187.36,187.23,187.32
2018-07-03T14:39:00Z,187.33,187.44,187.32,187.34
2018-07-03T14:40:00Z,187.34,187.3499,187.27,187.3
2018-07-03T14:41:00Z,187.3,187.31,187.15,187.19
2018-07-03T14:42:00Z,187.19,187.2152,187.111,187.13
2018-07-03T14:43:00Z,187.125,187.16,187.05,187.13
2018-07-03T14:44:00Z,187.13,187.24,187.13,187.24
2018-07-03T14:45:00Z,187.24,187.26,187.16,187.17
2018-07-03T14:46:00Z,187.1767,187.1767,186.78,186.87
2018-07-03T14:47:00Z,186.87,187.03,186.87,187.03
2018-07-03T14:48:00Z,187.04,187.07,186.9,186.91
2018-07-03T14:49:00Z,186.91,186.92,186.85,186.865
2018-07-03T14:50:00Z,186.8899,186.9,186.77,186.79
2018-07-03T14:51:00Z,186.8,186.93,186.74,186.93
2018-07-03T14:52:00Z,186.94,186.98,186.9,186.95
2018-07-03T14:53:00Z,186.95,186.98,186.91,186.95
2018-07-03T14:54:00Z,186.95,186.98,186.8545,186.9057
2018-07-03T14:55:00Z,186.9,186.9071,186.8,186.89
2018-07-03T14:56:00Z,186.9,186.94,186.84,186.8901
2018-07-03T14:57:00Z,186.9,187.01,186.8,186.91
2018-07-03T14:58:00Z,186.91,187,186.9,186.97
2018-07-03T14:59:00Z,186.98,187,186.89,186.97
2018-07-03T15:00:00Z,186.99,186.99,186.92,186.93
2018-07-03T15:01:00Z,186.94,186.9422,186.835,186.84
2018-07-03T15:02:00Z,186.83,186.93,186.71,186.83
2018-07-03T15:03:00Z,186.83,186.94,186.79,186.8485
2018-07-03T15:04:00Z,186.85,186.96,186.84,186.93
2018-07-03T15:05:00Z,186.936,186.936,186.81,186.87
2018-07-03T15:06:00Z,186.88,187.02,186.88,186.99
2018-07-03T15:07:00Z,186.98,186.99,186.91,186.94
2018-07-03T15:08:00Z,186.94,186.98,186.78,186.79
2018-07-03T15:09:00Z,186.8,186.8,186.64,186.65
2018-07-03T15:10:00Z,186.648,186.65,186.51,186.51
2018-07-03T15:11:00Z,186.52,186.6268,186.51,186.6268
2018-07-03T15:12:00Z,186.62,186.67,186.57,186.67
2018-07-03T15:13:00Z,186.68,186.73,186.66,186.72
2018-07-03T15:14:00Z,186.7148,186.7527,186.63,186.649
2018-07-03T15:15:00Z,186.64,186.75,186.63,186.74
2018-07-03T15:16:00Z,186.745,186.745,186.69,186.74
2018-07-03T15:17:00Z,186.74,186.77,186.71,186.75
2018-07-03T15:18:00Z,186.77,186.79,186.74,186.74
2018-07-03T15:19:00Z,186.75,186.79,186.69,186.69
2018-07-03T15:20:00Z,186.7,186.72,186.6286,186.64
2018-07-03T15:21:00Z,186.65,186.72,186.65,186.65
2018-07-03T15:22:00Z,186.65,186.65,186.55,186.59
2018-07-03T15:23:00Z,186.59,186.64,186.55,186.57
2018-07-03T15:24:00Z,186.5756,186.585,186.51,186.5452
2018-07-03T15:25:00Z,186.54,186.54,186.47,186.5
2018-07-03T15:26:00Z,186.5045,186.66,186.48,186.66
2018-07-03T15:27:00Z,186.65,186.79,186.65,186.76
2018-07-03T15:28:00Z,186.7651,186.77,186.65,186.67
2018-07-03T15:29:00Z,186.68,186.74,186.67,186.71
2018-07-03T15:30:00Z,186.72,186.72,186.61,186.61
2018-07-03T15:31:00Z,186.61,186.65,186.58,186.62
2018-07-03T15:32:00Z,186.63,186.69,186.61,186.66
2018-07-03T15:33:00Z,186.66,186.71,186.62,186.63
2018-07-03T15:34:00Z,186.64,186.67,186.59,186.66
2018-07-03T15:35:00Z,186.67,186.695,186.62,186.695
2018-07-03T15:36:00Z,186.7,186.715,186.61,186.664
2018-07-03T15:37:00Z,186.665,186.69,186.57,186.59
2018-07-03T15:38:00Z,186.61,186.63,186.58,186.61
2018-07-03T15:39:00Z,186.62,186.6556,186.58,186.62
2018-07-03T15:40:00Z,186.62,186.68,186.58,186.6
2018-07-03T15:41:00Z,186.6,186.6083,186.5,186.54
2018-07-03T15:42:00Z,186.54,186.64,186.5204,186.56
2018-07-03T15:43:00Z,186.56,186.56,186.46,186.51
2018-07-03T15:44:00Z,186.5151,186.59,186.48,186.575
2018-07-03T15:45:00Z,186.57,186.58,186.5,186.54
2018-07-03T15:46:00Z,186.53,186.53,186.47,186.4752
2018-07-03T15:47:00Z,186.5,186.5348,186.47,186.53
2018-07-03T15:48:00Z,186.53,186.58,186.51,186.515
2018-07-03T15:49:00Z,186.52,186.6,186.5,186.57
2018-07-03T15:50:00Z,186.58,186.64,186.5,186.5
2018-07-03T15:51:00Z,186.51,186.53,186.44,186.48
2018-07-03T15:52:00Z,186.47,186.47,186.19,186.22
2018-07-03T15:53:00Z,186.22,186.35,186.18,186.22
2018-07-03T15:54:00Z,186.22,186.32,186.215,186.29
2018-07-03T15:55:00Z,186.3,186.42,186.27,186.2984
2018-07-03T15:56:00Z,186.29,186.34,186.27,186.29
2018-07-03T15:57:00Z,186.29,186.35,186.27,186.34
2018-07-03T15:58:00Z,186.359,186.37,186.31,186.3467
2018-07-03T15:59:00Z,186.36,186.47,186.3401,186.4433
2018-07-03T16:00:00Z,186.45,186.5934,186.45,186.53
2018-07-03T16:01:00Z,186.52,186.53,186.47,186.51
2018-07-03T16:02:00Z,186.5193,186.6001,186.5193,186.53
2018-07-03T16:03:00Z,186.54,186.54,186.42,186.44
2018-07-03T16:04:00Z,186.4467,186.4467,186.37,186.42
2018-07-03T16:05:00Z,186.42,186.49,186.42,186.44
2018-07-03T16:06:00Z,186.43,186.45,186.37,186.4
2018-07-03T16:07:00Z,186.41,186.42,186.32,186.36
2018-07-03T16:08:00Z,186.4,186.48,186.3905,186.45
2018-07-03T16:09:00Z,186.46,186.46,186.28,186.28
2018-07-03T16:10:00Z,186.31,186.371,186.26,186.26
2018-07-03T16:11:00Z,186.2898,186.2898,185.97,185.97
2018-07-03T16:12:00Z,186.01,186.09,185.88,185.89
2018-07-03T16:13:00Z,185.89,185.95,185.77,185.79
2018-07-03T16:14:00Z,185.79,185.88,185.72,185.77
2018-07-03T16:15:00Z,185.77,185.77,185.62,185.6997
2018-07-03T16:16:00Z,185.69,185.83,185.65,185.8
2018-07-03T16:17:00Z,185.79,185.81,185.71,185.72
2018-07-03T16:18:00Z,185.73,185.76,185.65,185.65
2018-07-03T16:19:00Z,185.65,185.87,185.65,185.73
2018-07-03T16:20:00Z,185.7356,185.7356,185.57,185.6346
2018-07-03T16:21:00Z,185.635,185.645,185.555,185.5729
2018-07-03T16:22:00Z,185.57,185.68,185.57,185.62
2018-07-03T16:23:00Z,185.63,185.63,185.56,185.5625
2018-07-03T16:24:00Z,185.58,185.64,185.58,185.58
2018-07-03T16:25:00Z,185.58,185.58,185.4,185.4142
2018-07-03T16:26:00Z,185.41,185.43,185.28,185.33
2018-07-03T16:27:00Z,185.33,185.345,185.2425,185.28
2018-07-03T16:28:00Z,185.28,185.36,185.26,185.34
2018-07-03T16:29:00Z,185.34,185.34,185.11,185.22
2018-07-03T16:30:00Z,185.22,185.43,185.18,185.395
2018-07-03T16:31:00Z,185.4,185.4,185.16,185.1653
2018-07-03T16:32:00Z,185.16,185.2699,185.1011,185.19
2018-07-03T16:33:00Z,185.2,185.3502,185.2,185.29
2018-07-03T16:34:00Z,185.27,185.27,185.15,185.17
2018-07-03T16:35:00Z,185.17,185.2,185.0501,185.195
2018-07-03T16:36:00Z,185.2,185.21,185.06,185.09
2018-07-03T16:37:00Z,185.0831,185.0831,184.98,185
2018-07-03T16:38:00Z,184.99,185.0701,184.99,185.0281
2018-07-03T16:39:00Z,185.02,185.11,184.97,185.08
2018-07-03T16:40:00Z,185.08,185.13,185.03,185.12
2018-07-03T16:41:00Z,185.12,185.13,184.99,185.07
2018-07-03T16:42:00Z,185.07,185.1,185.04,185.08
2018-07-03T16:43:00Z,185.0747,185.075,185,185.045
2018-07-03T16:44:00Z,185.045,185.1,185.0099,185.075
2018-07-03T16:45:00Z,185.07,185.15,185,185
2018-07-03T16:46:00Z,185.01,185.06,184.95,184.97
2018-07-03T16:47:00Z,184.975,185.04,184.9511,184.989
2018-07-03T16:48:00Z,184.98,185.03,184.95,184.9985
2018-07-03T16:49:00Z,185,185.01,184.76,184.773
2018-07-03T16:50:00Z,184.77,184.77,184.39,184.51
2018-07-03T16:51:00Z,184.52,184.52,184.2402,184.2402
2018-07-03T16:52:00Z,184.25,184.3,184.13,184.27
2018-07-03T16:53:00Z,184.26,184.36,184.17,184.36
2018-07-03T16:54:00Z,184.37,184.4,184.12,184.12
2018-07-03T16:55:00Z,184.11,184.13,183.76,183.9817
2018-07-03T16:56:00Z,183.985,184.012,183.89,183.9
2018-07-03T16:57:00Z,183.8949,183.94,183.79,183.9
2018-07-03T16:58:00Z,183.9,183.98,183.82,183.92
2018-07-03T16:59:00Z,183.96,183.97,183.54,183.64
2018-07-03T17:00:00Z,183.64,183.92,183.64,183.89
2018-07-03T17:01:00Z,183.89,183.89,183.67,183.67
2018-07-03T17:02:00Z,183.78,183.78,183.56,183.6
2018-07-03T17:03:00Z,183.64,183.92,183.57,183.7116
2018-07-03T17:04:00Z,183.75,183.75,183.73,183.73
2018-07-03T17:05:00Z,183.675,183.675,183.6641,183.67
2018-07-03T17:06:00Z,183.66,183.75,183.66,183.75
2018-07-03T17:07:00Z,183.697,183.74,183.66,183.74
2018-07-03T17:08:00Z,183.74,183.8,183.74,183.8
2018-07-03T17:09:00Z,183.7899,183.7899,183.71,183.75
2018-07-03T17:10:00Z,183.8,183.8,183.75,183.75
2018-07-03T17:11:00Z,183.8,183.8,183.78,183.78
2018-07-03T17:12:00Z,183.7568,183.92,183.75,183.8
2018-07-03T17:13:00Z,183.8,183.8491,183.8,183.8491
2018-07-03T17:14:00Z,183.8,183.82,183.75,183.75
2018-07-03T17:15:00Z,183.8079,183.82,183.8079,183.82
2018-07-03T17:16:00Z,183.75,183.8022,183.75,183.8
2018-07-03T17:17:00Z,183.82,183.82,183.8,183.81
2018-07-03T17:18:00Z,183.81,183.81,183.7803,183.7803
2018-07-03T17:19:00Z,183.81,183.81,183.81,183.81
2018-07-03T17:20:00Z,183.8,183.92,183.8,183.8
2018-07-03T17:23:00Z,183.8,183.8,183.795,183.8
2018-07-03T17:24:00Z,183.82,183.846,183.79,183.8
2018-07-03T17:25:00Z,183.795,183.795,183.7901,183.7901
2018-07-03T17:26:00Z,183.8,183.8,183.8,183.8
2018-07-03T17:27:00Z,183.795,183.795,183.7949,183.7949
2018-07-03T17:28:00Z,183.79,183.79,183.79,183.79
2018-07-03T17:29:00Z,183.8,183.8,183.795,183.795
2018-07-03T17:30:00Z,183.82,183.82,183.82,183.82
2018-07-03T17:31:00Z,183.8048,183.8048,183.7746,183.7746
2018-07-03T17:32:00Z,183.75,183.75,183.725,183.725
2018-07-03T17:33:00Z,183.71,183.71,183.7,183.7
2018-07-03T17:34:00Z,183.71,183.71,183.71,183.71
2018-07-03T17:35:00Z,183.71,183.71,183.7,183.7
2018-07-03T17:36:00Z,183.71,183.71,183.71,183.71
2018-07-03T17:37:00Z,183.7,183.7,183.7,183.7
2018-07-03T17:38:00Z,183.7,183.7,183.7,183.7
2018-07-03T17:39:00Z,183.7324,183.74,183.7324,183.74
2018-07-03T17:40:00Z,183.7936,183.7936,183.74,183.74
2018-07-03T17:41:00Z,183.7539,183.7539,183.7539,183.7539
2018-07-03T17:43:00Z,183.79,183.79,183.7838,183.7838
2018-07-03T17:44:00Z,183.75,183.75,183.75,183.75
2018-07-03T17:45:00Z,183.7432,183.75,183.7432,183.75
2018-07-03T17:46:00Z,183.7,183.7,183.7,183.7
2018-07-03T17:47:00Z,183.7,183.7499,183.7,183.7499
2018-07-03T17:49:00Z,183.7161,183.7161,183.7145,183.7145
2018-07-03T17:50:00Z,183.72,183.73,183.7199,183.73
2018-07-03T17:52:00Z,183.7499,183.92,183.72,183.72
2018-07-03T17:56:00Z,183.72,183.72,183.7,183.7
2018-07-03T17:57:00Z,183.71,183.71,183.71,183.71
2018-07-03T17:59:00Z,183.92,183.92,183.75,183.7798
2018-07-03T18:00:00Z,183.7799,183.7799,183.76,183.76
2018-07-03T18:02:00Z,183.78,183.78,183.78,183.78
2018-07-03T18:03:00Z,183.7751,183.79,183.7751,183.79
2018-07-03T18:04:00Z,183.7793,183.7886,183.7793,183.7886
2018-07-03T18:05:00Z,183.82,183.82,183.8,183.8
2018-07-03T18:06:00Z,183.8092,183.8101,183.8092,183.8101
2018-07-03T18:07:00Z,183.81,183.81,183.81,183.81
2018-07-03T18:08:00Z,183.8092,183.8092,183.8092,183.8092
2018-07-03T18:10:00Z,183.82,183.82,183.82,183.82
2018-07-03T18:11:00Z,183.81,183.8199,183.81,183.81
2018-07-03T18:13:00Z,183.8046,183.8046,183.8046,183.8046
2018-07-03T18:14:00Z,183.81,183.81,183.81,183.81
2018-07-03T18:15:00Z,183.8,183.81,183.8,183.81
2018-07-03T18:16:00Z,183.81,183.81,183.8,183.8
2018-07-03T18:18:00Z,183.823,183.823,183.823,183.823
2018-07-03T18:22:00Z,183.84,183.84,183.84,183.84
2018-07-03T18:24:00Z,183.8287,183.8287,183.8287,183.8287
2018-07-03T18:26:00Z,183.9,183.9,183.9,183.9
2018-07-03T18:32:00Z,183.85,183.85,183.81,183.81
2018-07-03T18:34:00Z,183.89,183.9,183.88,183.9
2018-07-03T18:35:00Z,183.865,183.865,183.865,183.865
2018-07-03T18:36:00Z,183.84,183.84,183.84,183.84
2018-07-03T18:38:00Z,183.89,183.9,183.81,183.81
2018-07-03T18:41:00Z,183.8892,183.8892,183.8892,183.8892
2018-07-03T18:42:00Z,183.85,183.85,183.82,183.82
2018-07-03T18:43:00Z,183.8601,183.8601,183.8601,183.8601
2018-07-03T18:44:00Z,183.9,183.9,183.89,183.89
2018-07-03T18:45:00Z,183.8946,183.8946,183.8946,183.8946
2018-07-03T18:47:00Z,183.88,183.88,183.82,183.82
2018-07-03T18:49:00Z,183.85,183.85,183.85,183.85
2018-07-03T18:50:00Z,183.8101,183.8101,183.8101,183.8101
2018-07-03T18:51:00Z,183.87,183.87,183.87,183.87
2018-07-03T18:52:00Z,183.8628,183.8628,183.8628,183.8628
2018-07-03T18:55:00Z,183.8554,183.8554,183.8506,183.8506
2018-07-03T18:56:00Z,183.86,183.86,183.86,183.86
2018-07-03T19:00:00Z,183.9,183.92,183.9,183.92
2018-07-03T19:02:00Z,183.99,183.99,183.92,183.92
2018-07-03T19:04:00Z,183.95,183.9717,183.95,183.9717
2018-07-03T19:05:00Z,183.95,183.95,183.92,183.92
2018-07-03T19:06:00Z,183.9546,183.9546,183.92,183.92
2018-07-03T19:07:00Z,183.93,183.93,183.92,183.93
2018-07-03T19:08:00Z,183.938,183.96,183.938,183.96
2018-07-03T19:10:00Z,183.9699,183.9699,183.9699,183.9699
2018-07-03T19:12:00Z,183.9699,183.9699,183.9699,183.9699
2018-07-03T19:13:00Z,183.9699,183.9699,183.9699,183.9699
2018-07-03T19:14:00Z,183.94,183.94,183.94,183.94
2018-07-03T19:18:00Z,183.92,183.92,183.92,183.92
2018-07-03T19:19:00Z,183.9146,183.97,183.9146,183.97
2018-07-03T19:24:00Z,183.9,183.9,183.9,183.9
2018-07-03T19:25:00Z,183.9,183.9,183.9,183.9
2018-07-03T19:31:00Z,183.99,183.99,183.99,183.99
2018-07-03T19:34:00Z,184.0008,184.0008,184.0008,184.0008
2018-07-03T19:41:00Z,184.0336,184.0336,184.0336,184.0336
2018-07-03T19:42:00Z,183.99,183.99,183.97,183.97
2018-07-03T19:45:00Z,184,184,184,184
2018-07-03T19:49:00Z,184,184,184,184
2018-07-03T19:50:00Z,184,184,184,184
