2018-01-04T13:30:00Z,172.8,172.8,172.78,172.78
2018-01-04T13:31:00Z,172.75,172.8,172.72,172.8
2018-01-04T13:33:00Z,172.78,172.78,172.78,172.78
2018-01-04T13:34:00Z,172.78,172.78,172.78,172.78
2018-01-04T13:35:00Z,172.77,172.78,172.77,172.78
2018-01-04T13:36:00Z,172.78,172.78,172.78,172.78
2018-01-04T13:37:00Z,172.79,172.79,172.79,172.79
2018-01-04T13:38:00Z,172.78,172.8,172.78,172.8
2018-01-04T13:39:00Z,172.79,172.8,172.78,172.8
2018-01-04T13:41:00Z,172.8,172.8,172.8,172.8
2018-01-04T13:42:00Z,172.85,172.85,172.85,172.85
2018-01-04T13:44:00Z,172.8,172.8,172.8,172.8
2018-01-04T13:45:00Z,172.8,172.8,172.78,172.8
2018-01-04T13:46:00Z,172.84,172.84,172.8,172.84
2018-01-04T13:47:00Z,172.84,172.88,172.84,172.88
2018-01-04T13:48:00Z,172.88,172.88,172.88,172.88
2018-01-04T13:49:00Z,172.88,172.88,172.88,172.88
2018-01-04T13:50:00Z,172.85,172.85,172.85,172.85
2018-01-04T13:52:00Z,172.85,172.85,172.85,172.85
2018-01-04T13:53:00Z,172.84,172.85,172.84,172.85
2018-01-04T13:55:00Z,172.88,172.88,172.86,172.86
2018-01-04T13:56:00Z,172.85,172.85,172.85,172.85
2018-01-04T13:57:00Z,172.85,172.85,172.76,172.76
2018-01-04T13:59:00Z,172.8,172.8,172.8,172.8
2018-01-04T14:00:00Z,172.8,172.8,172.8,172.8
2018-01-04T14:01:00Z,172.8,172.8,172.8,172.8
2018-01-04T14:02:00Z,172.8,172.8,172.8,172.8
2018-01-04T14:03:00Z,172.77,172.77,172.77,172.77
2018-01-04T14:04:00Z,172.77,172.82,172.77,172.82
2018-01-04T14:05:00Z,172.87,172.87,172.87,172.87
2018-01-04T14:06:00Z,172.82,172.82,172.82,172.82
2018-01-04T14:08:00Z,172.86,172.87,172.86,172.87
2018-01-04T14:09:00Z,172.86,172.86,172.86,172.86
2018-01-04T14:10:00Z,172.84,172.84,172.82,172.82
2018-01-04T14:12:00Z,172.82,172.82,172.82,172.82
2018-01-04T14:13:00Z,172.8,172.8,172.78,172.8
2018-01-04T14:14:00Z,172.77,172.77,172.77,172.77
2018-01-04T14:15:00Z,172.76,172.76,172.75,172.75
2018-01-04T14:16:00Z,172.72,172.75,172.72,172.75
2018-01-04T14:17:00Z,172.75,172.77,172.7,172.7
2018-01-04T14:18:00Z,172.71,172.71,172.71,172.71
2018-01-04T14:19:00Z,172.7,172.74,172.7,172.74
2018-01-04T14:20:00Z,172.71,172.71,172.71,172.71
2018-01-04T14:21:00Z,172.66,172.7,172.65,172.69
2018-01-04T14:22:00Z,172.64,172.71,172.63,172.71
2018-01-04T14:23:00Z,172.63,172.63,172.6,172.6
2018-01-04T14:24:00Z,172.6,172.6,172.59,172.6
2018-01-04T14:26:00Z,172.61,172.61,172.61,172.61
2018-01-04T14:27:00Z,172.67,172.7,172.67,172.7
2018-01-04T14:28:00Z,172.75,172.75,172.75,172.75
2018-01-04T14:29:00Z,172.71,172.8,172.71,172.71
2018-01-04T14:30:00Z,172.54,173.05,172.54,173.03
2018-01-04T14:31:00Z,173.029,173.12,172.95,172.979
2018-01-04T14:32:00Z,172.95,172.99,172.79,172.99
2018-01-04T14:33:00Z,172.98,173.07,172.94,173
2018-01-04T14:34:00Z,173,173,172.64,172.71
2018-01-04T14:35:00Z,172.7299,172.7299,172.52,172.65
2018-01-04T14:36:00Z,172.6799,172.92,172.64,172.8434
2018-01-04T14:37:00Z,172.85,172.8532,172.78,172.81
2018-01-04T14:38:00Z,172.81,172.8195,172.69,172.7
2018-01-04T14:39:00Z,172.6946,172.73,172.6,172.69
2018-01-04T14:40:00Z,172.67,172.7,172.3521,172.3521
2018-01-04T14:41:00Z,172.38,172.3925,172.15,172.212
2018-01-04T14:42:00Z,172.226,172.37,172.18,172.2266
2018-01-04T14:43:00Z,172.225,172.32,172.1,172.12
2018-01-04T14:44:00Z,172.13,172.46,172.08,172.36
2018-01-04T14:45:00Z,172.36,172.43,172.32,172.33
2018-01-04T14:46:00Z,172.33,172.59,172.25,172.563
2018-01-04T14:47:00Z,172.56,172.6799,172.55,172.5501
2018-01-04T14:48:00Z,172.565,172.63,172.43,172.4401
2018-01-04T14:49:00Z,172.44,172.84,172.42,172.78
2018-01-04T14:50:00Z,172.77,172.85,172.71,172.7883
2018-01-04T14:51:00Z,172.79,173.05,172.78,173.04
2018-01-04T14:52:00Z,173.0399,173.11,172.942,173.08
2018-01-04T14:53:00Z,173.09,173.14,172.955,172.99
2018-01-04T14:54:00Z,172.99,173.03,172.93,172.9941
2018-01-04T14:55:00Z,173,173.16,172.98,173.1366
2018-01-04T14:56:00Z,173.1402,173.1434,172.9466,172.98
2018-01-04T14:57:00Z,172.9896,172.9896,172.83,172.8745
2018-01-04T14:58:00Z,172.88,172.95,172.81,172.89
2018-01-04T14:59:00Z,172.88,172.95,172.88,172.94
2018-01-04T15:00:00Z,172.94,173.05,172.93,173.0038
2018-01-04T15:01:00Z,173.01,173.03,172.78,172.84
2018-01-04T15:02:00Z,172.83,172.88,172.76,172.79
2018-01-04T15:03:00Z,172.8,172.81,172.74,172.74
2018-01-04T15:04:00Z,172.75,172.78,172.66,172.72
2018-01-04T15:05:00Z,172.7235,172.96,172.71,172.96
2018-01-04T15:06:00Z,172.96,173.02,172.94,172.98
2018-01-04T15:07:00Z,172.97,173.06,172.93,173.0452
2018-01-04T15:08:00Z,173.04,173.18,173.02,173.18
2018-01-04T15:09:00Z,173.17,173.19,173.07,173.125
2018-01-04T15:10:00Z,173.12,173.1301,172.96,172.99
2018-01-04T15:11:00Z,172.995,173.23,172.98,173.205
2018-01-04T15:12:00Z,173.2,173.21,173.111,173.195
2018-01-04T15:13:00Z,173.2,173.24,173.12,173.2
2018-01-04T15:14:00Z,173.2,173.24,173.1334,173.24
2018-01-04T15:15:00Z,173.2327,173.27,173.18,173.23
2018-01-04T15:16:00Z,173.24,173.35,173.24,173.31
2018-01-04T15:17:00Z,173.31,173.35,173.3,173.3466
2018-01-04T15:18:00Z,173.35,173.37,173.24,173.278
2018-01-04T15:19:00Z,173.29,173.41,173.29,173.36
2018-01-04T15:20:00Z,173.36,173.36,173.24,173.3347
2018-01-04T15:21:00Z,173.34,173.37,173.15,173.15
2018-01-04T15:22:00Z,173.155,173.16,173.03,173.0401
2018-01-04T15:23:00Z,173.04,173.2,173.04,173.19
2018-01-04T15:24:00Z,173.19,173.3,173.14,173.26
2018-01-04T15:25:00Z,173.26,173.26,173.1,173.12
2018-01-04T15:26:00Z,173.11,173.18,173.06,173.0677
2018-01-04T15:27:00Z,173.06,173.1463,173.05,173.1463
2018-01-04T15:28:00Z,173.14,173.2,173.1,173.13
2018-01-04T15:29:00Z,173.15,173.19,173.1,173.17
2018-01-04T15:30:00Z,173.18,173.23,173.03,173.06
2018-01-04T15:31:00Z,173.07,173.15,173.04,173.1
2018-01-04T15:32:00Z,173.1,173.14,173.09,173.135
2018-01-04T15:33:00Z,173.13,173.2005,173.09,173.18
2018-01-04T15:34:00Z,173.18,173.25,173.1557,173.25
2018-01-04T15:35:00Z,173.25,173.3,173.2461,173.29
2018-01-04T15:36:00Z,173.29,173.31,173.161,173.21
2018-01-04T15:37:00Z,173.21,173.2572,173.18,173.1969
2018-01-04T15:38:00Z,173.2,173.28,173.2,173.27
2018-01-04T15:39:00Z,173.28,173.3,173.24,173.25
2018-01-04T15:40:00Z,173.2452,173.32,173.2452,173.31
2018-01-04T15:41:00Z,173.32,173.44,173.31,173.41
2018-01-04T15:42:00Z,173.41,173.47,173.33,173.33
2018-01-04T15:43:00Z,173.3345,173.4,173.32,173.4
2018-01-04T15:44:00Z,173.4,173.43,173.07,173.09
2018-01-04T15:45:00Z,173.0947,173.16,173.0806,173.13
2018-01-04T15:46:00Z,173.1295,173.18,173.11,173.13
2018-01-04T15:47:00Z,173.1299,173.23,173.1237,173.15
2018-01-04T15:48:00Z,173.15,173.21,173.15,173.17
2018-01-04T15:49:00Z,173.16,173.19,173.11,173.125
2018-01-04T15:50:00Z,173.12,173.135,173.05,173.095
2018-01-04T15:51:00Z,173.095,173.16,173.06,173.0748
2018-01-04T15:52:00Z,173.06,173.09,173.02,173.03
2018-01-04T15:53:00Z,173.04,173.1,173.02,173.07
2018-01-04T15:54:00Z,173.07,173.0786,173.02,173.02
2018-01-04T15:55:00Z,173.02,173.03,172.94,172.95
2018-01-04T15:56:00Z,172.96,173.01,172.96,172.985
2018-01-04T15:57:00Z,172.99,173,172.95,172.9504
2018-01-04T15:58:00Z,172.955,172.97,172.87,172.9
2018-01-04T15:59:00Z,172.8916,172.965,172.88,172.955
2018-01-04T16:00:00Z,172.96,172.9688,172.91,172.93
2018-01-04T16:01:00Z,172.93,172.94,172.85,172.85
2018-01-04T16:02:00Z,172.85,172.875,172.8,172.8
2018-01-04T16:03:00Z,172.81,172.89,172.75,172.887
2018-01-04T16:04:00Z,172.89,172.93,172.88,172.9
2018-01-04T16:05:00Z,172.9,173,172.89,172.9601
2018-01-04T16:06:00Z,172.96,173,172.955,172.985
2018-01-04T16:07:00Z,172.99,173.0072,172.92,172.93
2018-01-04T16:08:00Z,172.92,172.99,172.92,172.965
2018-01-04T16:09:00Z,172.97,172.97,172.84,172.9299
2018-01-04T16:10:00Z,172.92,173.01,172.9,172.9
2018-01-04T16:11:00Z,172.89,172.96,172.86,172.93
2018-01-04T16:12:00Z,172.92,173,172.91,172.95
2018-01-04T16:13:00Z,172.96,173.05,172.96,173.04
2018-01-04T16:14:00Z,173.05,173.11,173.03,173.05
2018-01-04T16:15:00Z,173.0401,173.0401,172.985,172.9899
2018-01-04T16:16:00Z,172.98,173.04,172.96,172.99
2018-01-04T16:17:00Z,172.98,173.01,172.89,172.98
2018-01-04T16:18:00Z,172.98,173,172.91,172.9948
2018-01-04T16:19:00Z,173,173.03,172.96,172.9999
2018-01-04T16:20:00Z,173,173.09,172.96,173.04
2018-01-04T16:21:00Z,173.05,173.09,173.04,173.08
2018-01-04T16:22:00Z,173.08,173.0886,172.96,172.987
2018-01-04T16:23:00Z,172.9886,173.07,172.98,173.07
2018-01-04T16:24:00Z,173.07,173.09,173.015,173.04
2018-01-04T16:25:00Z,173.0434,173.085,172.93,172.97
2018-01-04T16:26:00Z,172.98,173.045,172.98,173.04
2018-01-04T16:27:00Z,173.05,173.09,173.03,173.05
2018-01-04T16:28:00Z,173.04,173.12,172.97,173.09
2018-01-04T16:29:00Z,173.09,173.22,173.085,173.19
2018-01-04T16:30:00Z,173.19,173.28,173.19,173.28
2018-01-04T16:31:00Z,173.28,173.37,173.27,173.3
2018-01-04T16:32:00Z,173.3,173.47,173.3,173.465
2018-01-04T16:33:00Z,173.47,173.47,173.363,173.4249
2018-01-04T16:34:00Z,173.415,173.43,173.38,173.4
2018-01-04T16:35:00Z,173.4052,173.4186,173.32,173.38
2018-01-04T16:36:00Z,173.39,173.4,173.24,173.26
2018-01-04T16:37:00Z,173.265,173.29,173.1,173.1
2018-01-04T16:38:00Z,173.1,173.28,173.1,173.21
2018-01-04T16:39:00Z,173.21,173.2871,173.2,173.28
2018-01-04T16:40:00Z,173.27,173.38,173.27,173.29
2018-01-04T16:41:00Z,173.3,173.35,173.27,173.34
2018-01-04T16:42:00Z,173.33,173.37,173.24,173.28
2018-01-04T16:43:00Z,173.27,173.27,173.15,173.1599
2018-01-04T16:44:00Z,173.1599,173.2,173.09,173.13
2018-01-04T16:45:00Z,173.13,173.17,173.13,173.17
2018-01-04T16:46:00Z,173.15,173.253,173.15,173.25
2018-01-04T16:47:00Z,173.245,173.26,173.18,173.23
2018-01-04T16:48:00Z,173.2233,173.23,173.125,173.2038
2018-01-04T16:49:00Z,173.202,173.27,173.16,173.27
2018-01-04T16:50:00Z,173.269,173.32,173.23,173.3
2018-01-04T16:51:00Z,173.2801,173.31,173.24,173.2462
2018-01-04T16:52:00Z,173.24,173.24,173.2,173.21
2018-01-04T16:53:00Z,173.216,173.26,173.15,173.16
2018-01-04T16:54:00Z,173.17,173.265,173.16,173.265
2018-01-04T16:55:00Z,173.26,173.2757,173.16,173.19
2018-01-04T16:56:00Z,173.2,173.25,173.1,173.13
2018-01-04T16:57:00Z,173.13,173.15,173.105,173.14
2018-01-04T16:58:00Z,173.13,173.16,173.07,173.12
2018-01-04T16:59:00Z,173.1,173.11,173.016,173.03
2018-01-04T17:00:00Z,173.02,173.089,173.0159,173.03
2018-01-04T17:01:00Z,173.04,173.05,173,173.02
2018-01-04T17:02:00Z,173.02,173.13,173.02,173.11
2018-01-04T17:03:00Z,173.1183,173.13,173.01,173.0838
2018-01-04T17:04:00Z,173.08,173.11,173.07,173.0799
2018-01-04T17:05:00Z,173.07,173.15,173.06,173.07
2018-01-04T17:06:00Z,173.08,173.1,173.06,173.0899
2018-01-04T17:07:00Z,173.09,173.18,173.09,173.12
2018-01-04T17:08:00Z,173.1286,173.2,173.12,173.18
2018-01-04T17:09:00Z,173.1805,173.2163,173.14,173.17
2018-01-04T17:10:00Z,173.18,173.2,173.1268,173.14
2018-01-04T17:11:00Z,173.14,173.16,173.08,173.11
2018-01-04T17:12:00Z,173.11,173.13,173.07,173.08
2018-01-04T17:13:00Z,173.0738,173.1522,173.0738,173.1522
2018-01-04T17:14:00Z,173.16,173.16,173.11,173.1123
2018-01-04T17:15:00Z,173.11,173.11,173.07,173.07
2018-01-04T17:16:00Z,173.08,173.14,173.065,173.11
2018-01-04T17:17:00Z,173.126,173.15,173.06,173.075
2018-01-04T17:18:00Z,173.07,173.1,173.06,173.07
2018-01-04T17:19:00Z,173.07,173.07,173.01,173.02
2018-01-04T17:20:00Z,173.02,173.05,173.02,173.04
2018-01-04T17:21:00Z,173.03,173.05,173.01,173.04
2018-01-04T17:22:00Z,173.0456,173.07,172.95,173.005
2018-01-04T17:23:00Z,173,173,172.84,172.89
2018-01-04T17:24:00Z,172.8928,172.92,172.85,172.92
2018-01-04T17:25:00Z,172.91,172.92,172.85,172.855
2018-01-04T17:26:00Z,172.855,172.86,172.76,172.78
2018-01-04T17:27:00Z,172.7845,172.79,172.75,172.77
2018-01-04T17:28:00Z,172.773,172.78,172.66,172.727
2018-01-04T17:29:00Z,172.727,172.76,172.71,172.74
2018-01-04T17:30:00Z,172.74,172.75,172.675,172.7
2018-01-04T17:31:00Z,172.69,172.77,172.69,172.76
2018-01-04T17:32:00Z,172.765,172.78,172.72,172.73
2018-01-04T17:33:00Z,172.72,172.775,172.71,172.755
2018-01-04T17:34:00Z,172.76,172.776,172.73,172.76
2018-01-04T17:35:00Z,172.77,172.77,172.685,172.7
2018-01-04T17:36:00Z,172.71,172.78,172.7,172.77
2018-01-04T17:37:00Z,172.7767,172.79,172.75,172.79
2018-01-04T17:38:00Z,172.79,172.8,172.744,172.8
2018-01-04T17:39:00Z,172.8,172.84,172.775,172.775
2018-01-04T17:40:00Z,172.78,172.83,172.7775,172.82
2018-01-04T17:41:00Z,172.8256,172.88,172.82,172.87
2018-01-04T17:42:00Z,172.8647,172.92,172.86,172.88
2018-01-04T17:43:00Z,172.89,172.89,172.82,172.864
2018-01-04T17:44:00Z,172.87,172.95,172.87,172.94
2018-01-04T17:45:00Z,172.94,172.97,172.89,172.96
2018-01-04T17:46:00Z,172.961,173,172.95,172.9955
2018-01-04T17:47:00Z,172.9999,173.03,172.92,172.93
2018-01-04T17:48:00Z,172.92,172.94,172.89,172.916
2018-01-04T17:49:00Z,172.92,172.95,172.86,172.86
2018-01-04T17:50:00Z,172.86,172.9,172.86,172.88
2018-01-04T17:51:00Z,172.89,172.91,172.87,172.87
2018-01-04T17:52:00Z,172.875,172.875,172.76,172.76
2018-01-04T17:53:00Z,172.76,172.79,172.74,172.7838
2018-01-04T17:54:00Z,172.78,172.83,172.741,172.81
2018-01-04T17:55:00Z,172.81,172.8834,172.81,172.86
2018-01-04T17:56:00Z,172.86,172.87,172.8149,172.8447
2018-01-04T17:57:00Z,172.85,172.85,172.78,172.8069
2018-01-04T17:58:00Z,172.81,172.8245,172.79,172.79
2018-01-04T17:59:00Z,172.8,172.85,172.8,172.84
2018-01-04T18:00:00Z,172.83,172.84,172.79,172.84
2018-01-04T18:01:00Z,172.84,172.9,172.83,172.89
2018-01-04T18:02:00Z,172.9,172.92,172.84,172.845
2018-01-04T18:03:00Z,172.84,172.84,172.75,172.77
2018-01-04T18:04:00Z,172.76,172.82,172.76,172.8
2018-01-04T18:05:00Z,172.8,172.87,172.8,172.85
2018-01-04T18:06:00Z,172.8467,172.86,172.84,172.8547
2018-01-04T18:07:00Z,172.85,172.85,172.8,172.81
2018-01-04T18:08:00Z,172.83,172.8462,172.77,172.79
2018-01-04T18:09:00Z,172.7852,172.81,172.75,172.77
2018-01-04T18:10:00Z,172.79,172.8,172.75,172.7533
2018-01-04T18:11:00Z,172.75,172.7866,172.73,172.77
2018-01-04T18:12:00Z,172.77,172.7968,172.76,172.77
2018-01-04T18:13:00Z,172.76,172.78,172.75,172.7667
2018-01-04T18:14:00Z,172.76,172.77,172.7582,172.7664
2018-01-04T18:15:00Z,172.76,172.83,172.76,172.8251
2018-01-04T18:16:00Z,172.83,172.85,172.81,172.81
2018-01-04T18:17:00Z,172.8166,172.87,172.81,172.8647
2018-01-04T18:18:00Z,172.86,172.89,172.854,172.89
2018-01-04T18:19:00Z,172.88,172.89,172.85,172.875
2018-01-04T18:20:00Z,172.88,172.88,172.81,172.8153
2018-01-04T18:21:00Z,172.81,172.8197,172.7,172.73
2018-01-04T18:22:00Z,172.74,172.77,172.7,172.71
2018-01-04T18:23:00Z,172.7292,172.8,172.71,172.78
2018-01-04T18:24:00Z,172.77,172.82,172.77,172.82
2018-01-04T18:25:00Z,172.82,172.8347,172.79,172.79
2018-01-04T18:26:00Z,172.8,172.82,172.78,172.8156
2018-01-04T18:27:00Z,172.82,172.82,172.75,172.75
2018-01-04T18:28:00Z,172.75,172.7501,172.675,172.72
2018-01-04T18:29:00Z,172.73,172.76,172.67,172.702
2018-01-04T18:30:00Z,172.7,172.735,172.675,172.71
2018-01-04T18:31:00Z,172.7,172.7,172.6,172.66
2018-01-04T18:32:00Z,172.68,172.75,172.6753,172.74
2018-01-04T18:33:00Z,172.74,172.77,172.71,172.7562
2018-01-04T18:34:00Z,172.7675,172.8001,172.75,172.8001
2018-01-04T18:35:00Z,172.805,172.825,172.8,172.82
2018-01-04T18:36:00Z,172.825,172.825,172.78,172.8153
2018-01-04T18:37:00Z,172.82,172.82,172.78,172.79
2018-01-04T18:38:00Z,172.7828,172.8,172.77,172.795
2018-01-04T18:39:00Z,172.8,172.8,172.7538,172.77
2018-01-04T18:40:00Z,172.7645,172.77,172.72,172.72
2018-01-04T18:41:00Z,172.72,172.7273,172.66,172.67
2018-01-04T18:42:00Z,172.665,172.71,172.65,172.7
2018-01-04T18:43:00Z,172.69,172.775,172.68,172.775
2018-01-04T18:44:00Z,172.77,172.81,172.7501,172.8
2018-01-04T18:45:00Z,172.8,172.805,172.75,172.775
2018-01-04T18:46:00Z,172.78,172.86,172.78,172.86
2018-01-04T18:47:00Z,172.85,172.87,172.85,172.85
2018-01-04T18:48:00Z,172.85,172.87,172.835,172.86
2018-01-04T18:49:00Z,172.8599,172.88,172.851,172.875
2018-01-04T18:50:00Z,172.8775,172.88,172.82,172.8312
2018-01-04T18:51:00Z,172.835,172.859,172.8299,172.8425
2018-01-04T18:52:00Z,172.83,172.84,172.8,172.84
2018-01-04T18:53:00Z,172.835,172.84,172.815,172.8295
2018-01-04T18:54:00Z,172.83,172.83,172.795,172.795
2018-01-04T18:55:00Z,172.79,172.79,172.74,172.7521
2018-01-04T18:56:00Z,172.755,172.82,172.755,172.82
2018-01-04T18:57:00Z,172.81,172.82,172.8,172.804
2018-01-04T18:58:00Z,172.8,172.9,172.771,172.89
2018-01-04T18:59:00Z,172.8844,172.94,172.8844,172.94
2018-01-04T19:00:00Z,172.93,172.94,172.85,172.8699
2018-01-04T19:01:00Z,172.8642,172.9,172.86,172.9
2018-01-04T19:02:00Z,172.8999,172.91,172.88,172.905
2018-01-04T19:03:00Z,172.91,172.92,172.89,172.901
2018-01-04T19:04:00Z,172.9007,172.92,172.89,172.91
2018-01-04T19:05:00Z,172.91,172.95,172.9,172.94
2018-01-04T19:06:00Z,172.93,172.95,172.89,172.905
2018-01-04T19:07:00Z,172.89,172.91,172.86,172.9051
2018-01-04T19:08:00Z,172.91,172.93,172.9,172.93
2018-01-04T19:09:00Z,172.935,172.95,172.93,172.95
2018-01-04T19:10:00Z,172.96,173,172.96,172.995
2018-01-04T19:11:00Z,173,173.04,172.99,173.005
2018-01-04T19:12:00Z,173,173,172.95,172.955
2018-01-04T19:13:00Z,172.96,172.99,172.94,172.955
2018-01-04T19:14:00Z,172.96,173.03,172.955,172.97
2018-01-04T19:15:00Z,172.97,173.06,172.97,173.05
2018-01-04T19:16:00Z,173.045,173.14,173.03,173.05
2018-01-04T19:17:00Z,173.05,173.13,173.03,173.11
2018-01-04T19:18:00Z,173.11,173.11,173.06,173.06
2018-01-04T19:19:00Z,173.06,173.06,173,173.03
2018-01-04T19:20:00Z,173.02,173.02,172.93,172.9447
2018-01-04T19:21:00Z,172.945,173,172.9299,172.98
2018-01-04T19:22:00Z,172.97,173,172.9699,172.974
2018-01-04T19:23:00Z,172.97,173.03,172.97,173.03
2018-01-04T19:24:00Z,173.02,173.055,172.99,173.055
2018-01-04T19:25:00Z,173.05,173.09,173.03,173.08
2018-01-04T19:26:00Z,173.0734,173.08,173.02,173.02
2018-01-04T19:27:00Z,173.01,173.01,172.95,172.97
2018-01-04T19:28:00Z,172.98,173.01,172.95,172.96
2018-01-04T19:29:00Z,172.9634,172.9634,172.9,172.92
2018-01-04T19:30:00Z,172.91,172.93,172.85,172.92
2018-01-04T19:31:00Z,172.92,172.96,172.9101,172.95
2018-01-04T19:32:00Z,172.945,172.96,172.91,172.935
2018-01-04T19:33:00Z,172.94,172.95,172.921,172.921
2018-01-04T19:34:00Z,172.94,172.97,172.935,172.96
2018-01-04T19:35:00Z,172.96,172.98,172.95,172.96
2018-01-04T19:36:00Z,172.97,172.98,172.94,172.97
2018-01-04T19:37:00Z,172.965,172.97,172.9175,172.9175
2018-01-04T19:38:00Z,172.92,172.92,172.89,172.9
2018-01-04T19:39:00Z,172.9,172.905,172.88,172.89
2018-01-04T19:40:00Z,172.89,172.921,172.88,172.9068
2018-01-04T19:41:00Z,172.91,172.92,172.88,172.9147
2018-01-04T19:42:00Z,172.915,172.95,172.91,172.95
2018-01-04T19:43:00Z,172.95,172.99,172.9449,172.985
2018-01-04T19:44:00Z,172.985,173.0308,172.98,173.0308
2018-01-04T19:45:00Z,173.04,173.11,173.03,173.105
2018-01-04T19:46:00Z,173.104,173.12,173.09,173.11
2018-01-04T19:47:00Z,173.105,173.1202,173.1,173.11
2018-01-04T19:48:00Z,173.1164,173.12,173.07,173.07
2018-01-04T19:49:00Z,173.08,173.1,173.07,173.1
2018-01-04T19:50:00Z,173.09,173.09,173.06,173.08
2018-01-04T19:51:00Z,173.08,173.16,173.08,173.105
2018-01-04T19:52:00Z,173.1,173.11,173.08,173.11
2018-01-04T19:53:00Z,173.1,173.14,173.0664,173.0664
2018-01-04T19:54:00Z,173.07,173.14,173.07,173.135
2018-01-04T19:55:00Z,173.139,173.15,173.12,173.15
2018-01-04T19:56:00Z,173.15,173.18,173.14,173.1617
2018-01-04T19:57:00Z,173.1501,173.18,173.12,173.18
2018-01-04T19:58:00Z,173.175,173.19,173.13,173.135
2018-01-04T19:59:00Z,173.13,173.13,173.08,173.13
