2018-05-30T13:30:00Z,187.72,188,187.62,187.795
2018-05-30T13:31:00Z,187.812,187.93,187.6846,187.93
2018-05-30T13:32:00Z,187.95,187.95,187.53,187.57
2018-05-30T13:33:00Z,187.57,187.6,187.3604,187.4101
2018-05-30T13:34:00Z,187.41,187.43,187.16,187.235
2018-05-30T13:35:00Z,187.29,187.51,187.2,187.45
2018-05-30T13:36:00Z,187.47,187.61,187.41,187.56
2018-05-30T13:37:00Z,187.53,187.63,187.41,187.42
2018-05-30T13:38:00Z,187.44,187.48,187.3416,187.48
2018-05-30T13:39:00Z,187.48,187.5,187.36,187.4
2018-05-30T13:40:00Z,187.43,187.44,187.24,187.3
2018-05-30T13:41:00Z,187.3,187.3732,187.25,187.25
2018-05-30T13:42:00Z,187.25,187.38,187.24,187.31
2018-05-30T13:43:00Z,187.28,187.36,187.2313,187.29
2018-05-30T13:44:00Z,187.3,187.4295,187.25,187.34
2018-05-30T13:45:00Z,187.34,187.52,187.28,187.52
2018-05-30T13:46:00Z,187.52,187.8197,187.52,187.7
2018-05-30T13:47:00Z,187.6901,187.77,187.61,187.63
2018-05-30T13:48:00Z,187.63,187.72,187.54,187.58
2018-05-30T13:49:00Z,187.57,187.59,187.455,187.48
2018-05-30T13:50:00Z,187.47,187.62,187.47,187.56
2018-05-30T13:51:00Z,187.57,187.61,187.51,187.53
2018-05-30T13:52:00Z,187.54,187.59,187.34,187.34
2018-05-30T13:53:00Z,187.34,187.38,187.12,187.2
2018-05-30T13:54:00Z,187.2,187.2048,187.09,187.17
2018-05-30T13:55:00Z,187.1712,187.22,187.1586,187.21
2018-05-30T13:56:00Z,187.21,187.34,187.2,187.28
2018-05-30T13:57:00Z,187.27,187.3,187.17,187.2199
2018-05-30T13:58:00Z,187.21,187.22,187.07,187.13
2018-05-30T13:59:00Z,187.13,187.16,187.06,187.12
2018-05-30T14:00:00Z,187.12,187.163,186.98,187.055
2018-05-30T14:01:00Z,187.05,187.11,186.94,187.025
2018-05-30T14:02:00Z,187.015,187.015,186.89,186.91
2018-05-30T14:03:00Z,186.9,187.06,186.88,186.9609
2018-05-30T14:04:00Z,186.98,187.03,186.92,186.92
2018-05-30T14:05:00Z,186.93,187.1,186.93,186.975
2018-05-30T14:06:00Z,186.99,187.05,186.92,187.03
2018-05-30T14:07:00Z,187.03,187.12,187,187.09
2018-05-30T14:08:00Z,187.11,187.14,187.09,187.09
2018-05-30T14:09:00Z,187.09,187.25,187.07,187.16
2018-05-30T14:10:00Z,187.17,187.25,187.1567,187.25
2018-05-30T14:11:00Z,187.2575,187.36,187.2575,187.335
2018-05-30T14:12:00Z,187.33,187.34,187.3192,187.32
2018-05-30T14:13:00Z,187.32,187.38,187.24,187.24
2018-05-30T14:14:00Z,187.23,187.26,187.2,187.2
2018-05-30T14:15:00Z,187.21,187.22,187.14,187.19
2018-05-30T14:16:00Z,187.19,187.27,187.14,187.145
2018-05-30T14:17:00Z,187.1499,187.16,187.06,187.07
2018-05-30T14:18:00Z,187.06,187.07,186.99,187.0499
2018-05-30T14:19:00Z,187.0398,187.0498,186.97,186.975
2018-05-30T14:20:00Z,186.99,187.06,186.99,187.02
2018-05-30T14:21:00Z,187.01,187.02,186.89,186.917
2018-05-30T14:22:00Z,186.92,186.931,186.87,186.88
2018-05-30T14:23:00Z,186.8866,186.8902,186.8,186.87
2018-05-30T14:24:00Z,186.8711,187,186.8711,186.92
2018-05-30T14:25:00Z,186.93,186.93,186.87,186.9298
2018-05-30T14:26:00Z,186.91,187.06,186.9,186.95
2018-05-30T14:27:00Z,186.95,186.955,186.88,186.8851
2018-05-30T14:28:00Z,186.88,186.94,186.78,186.94
2018-05-30T14:29:00Z,186.94,186.99,186.9,186.92
2018-05-30T14:30:00Z,186.93,187.051,186.93,187.02
2018-05-30T14:31:00Z,187.0222,187.07,187.0099,187.07
2018-05-30T14:32:00Z,187.07,187.095,187,187.08
2018-05-30T14:33:00Z,187.08,187.1036,187.01,187.046
2018-05-30T14:34:00Z,187.0425,187.15,187.04,187.1
2018-05-30T14:35:00Z,187.0992,187.15,187.08,187.15
2018-05-30T14:36:00Z,187.15,187.15,187.08,187.08
2018-05-30T14:37:00Z,187.08,187.1,186.9,186.9045
2018-05-30T14:38:00Z,186.91,187.02,186.88,187
2018-05-30T14:39:00Z,187,187.04,186.8,186.81
2018-05-30T14:40:00Z,186.8101,186.9,186.8101,186.858
2018-05-30T14:41:00Z,186.85,186.98,186.83,186.97
2018-05-30T14:42:00Z,186.97,187.15,186.97,187.135
2018-05-30T14:43:00Z,187.137,187.34,187.065,187.32
2018-05-30T14:44:00Z,187.32,187.32,187.25,187.26
2018-05-30T14:45:00Z,187.2699,187.36,187.24,187.35
2018-05-30T14:46:00Z,187.35,187.41,187.32,187.36
2018-05-30T14:47:00Z,187.36,187.36,187.28,187.32
2018-05-30T14:48:00Z,187.32,187.4,187.32,187.37
2018-05-30T14:49:00Z,187.37,187.38,187.3,187.34
2018-05-30T14:50:00Z,187.35,187.3899,187.27,187.32
2018-05-30T14:51:00Z,187.314,187.35,187.3,187.33
2018-05-30T14:52:00Z,187.34,187.34,187.17,187.19
2018-05-30T14:53:00Z,187.1848,187.1852,187.14,187.1585
2018-05-30T14:54:00Z,187.16,187.2352,187.15,187.207
2018-05-30T14:55:00Z,187.205,187.27,187.1988,187.2501
2018-05-30T14:56:00Z,187.25,187.26,187.22,187.221
2018-05-30T14:57:00Z,187.23,187.23,187.1,187.105
2018-05-30T14:58:00Z,187.1001,187.12,187.03,187.1
2018-05-30T14:59:00Z,187.1,187.13,187.01,187.06
2018-05-30T15:00:00Z,187.07,187.25,187.07,187.205
2018-05-30T15:01:00Z,187.2094,187.21,187.15,187.195
2018-05-30T15:02:00Z,187.19,187.22,187.18,187.19
2018-05-30T15:03:00Z,187.2,187.29,187.19,187.22
2018-05-30T15:04:00Z,187.23,187.24,187.1,187.1
2018-05-30T15:05:00Z,187.0918,187.16,187.08,187.1
2018-05-30T15:06:00Z,187.1,187.12,187.04,187.0947
2018-05-30T15:07:00Z,187.0901,187.15,187.07,187.07
2018-05-30T15:08:00Z,187.06,187.08,187.01,187.01
2018-05-30T15:09:00Z,187.02,187.06,186.99,187.06
2018-05-30T15:10:00Z,187.06,187.0999,187.04,187.0851
2018-05-30T15:11:00Z,187.0848,187.109,187.06,187.09
2018-05-30T15:12:00Z,187.08,187.09,187.04,187.07
2018-05-30T15:13:00Z,187.06,187.15,187.03,187.14
2018-05-30T15:14:00Z,187.13,187.16,187.07,187.11
2018-05-30T15:15:00Z,187.11,187.11,186.92,186.965
2018-05-30T15:16:00Z,186.97,187.01,186.96,186.96
2018-05-30T15:17:00Z,186.965,186.9938,186.91,186.9439
2018-05-30T15:18:00Z,186.9448,186.95,186.8694,186.89
2018-05-30T15:19:00Z,186.89,186.9,186.83,186.891
2018-05-30T15:20:00Z,186.89,186.97,186.89,186.945
2018-05-30T15:21:00Z,186.95,186.99,186.9434,186.975
2018-05-30T15:22:00Z,186.97,186.97,186.94,186.97
2018-05-30T15:23:00Z,186.975,186.975,186.94,186.95
2018-05-30T15:24:00Z,186.952,186.99,186.925,186.9552
2018-05-30T15:25:00Z,186.9499,187,186.941,186.9946
2018-05-30T15:26:00Z,186.98,187,186.9601,187
2018-05-30T15:27:00Z,187.01,187.03,186.94,186.96
2018-05-30T15:28:00Z,186.9556,186.9601,186.91,186.9199
2018-05-30T15:29:00Z,186.91,186.91,186.82,186.8399
2018-05-30T15:30:00Z,186.8352,186.86,186.81,186.856
2018-05-30T15:31:00Z,186.85,186.856,186.82,186.855
2018-05-30T15:32:00Z,186.8521,186.92,186.8356,186.92
2018-05-30T15:33:00Z,186.91,187.01,186.9099,186.95
2018-05-30T15:34:00Z,186.95,186.9999,186.93,186.94
2018-05-30T15:35:00Z,186.95,186.98,186.91,186.93
2018-05-30T15:36:00Z,186.94,187.07,186.94,187.05
2018-05-30T15:37:00Z,187.0486,187.06,186.974,187
2018-05-30T15:38:00Z,186.9914,187.03,186.99,186.99
2018-05-30T15:39:00Z,187,187.05,186.9999,187.04
2018-05-30T15:40:00Z,187.0399,187.09,187.005,187.02
2018-05-30T15:41:00Z,187.01,187.01,186.8909,186.8909
2018-05-30T15:42:00Z,186.8999,186.94,186.835,186.86
2018-05-30T15:43:00Z,186.85,186.8703,186.83,186.8598
2018-05-30T15:44:00Z,186.841,186.9056,186.81,186.9056
2018-05-30T15:45:00Z,186.91,186.91,186.85,186.86
2018-05-30T15:46:00Z,186.86,186.93,186.84,186.93
2018-05-30T15:47:00Z,186.93,186.94,186.88,186.92
2018-05-30T15:48:00Z,186.92,186.92,186.85,186.88
2018-05-30T15:49:00Z,186.89,186.92,186.88,186.9
2018-05-30T15:50:00Z,186.895,186.96,186.89,186.9399
2018-05-30T15:51:00Z,186.93,186.97,186.9202,186.95
2018-05-30T15:52:00Z,186.95,186.9566,186.87,186.88
2018-05-30T15:53:00Z,186.89,186.93,186.86,186.89
2018-05-30T15:54:00Z,186.9,186.9798,186.885,186.96
2018-05-30T15:55:00Z,186.96,187,186.95,186.96
2018-05-30T15:56:00Z,186.98,187.01,186.949,186.949
2018-05-30T15:57:00Z,186.9555,187.04,186.95,187
2018-05-30T15:58:00Z,187,187.21,186.99,187.16
2018-05-30T15:59:00Z,187.1699,187.19,187.0997,187.11
2018-05-30T16:00:00Z,187.11,187.19,187.11,187.15
2018-05-30T16:01:00Z,187.17,187.19,187.0701,187.08
2018-05-30T16:02:00Z,187.1,187.14,187.09,187.1239
2018-05-30T16:03:00Z,187.13,187.14,187.08,187.095
2018-05-30T16:04:00Z,187.09,187.16,187.09,187.12
2018-05-30T16:05:00Z,187.12,187.14,187.1,187.1101
2018-05-30T16:06:00Z,187.12,187.15,187.09,187.09
2018-05-30T16:07:00Z,187.1,187.13,187.02,187.03
2018-05-30T16:08:00Z,187.0248,187.1,187.01,187.1
2018-05-30T16:09:00Z,187.1,187.12,187.07,187.08
2018-05-30T16:10:00Z,187.09,187.11,187.06,187.1
2018-05-30T16:11:00Z,187.1,187.14,187.0987,187.1
2018-05-30T16:12:00Z,187.0968,187.15,187.0968,187.135
2018-05-30T16:13:00Z,187.14,187.19,187.13,187.184
2018-05-30T16:14:00Z,187.19,187.2361,187.17,187.17
2018-05-30T16:15:00Z,187.17,187.25,187.165,187.23
2018-05-30T16:16:00Z,187.2299,187.3,187.22,187.2348
2018-05-30T16:17:00Z,187.2301,187.35,187.2301,187.2901
2018-05-30T16:18:00Z,187.3,187.31,187.2632,187.29
2018-05-30T16:19:00Z,187.295,187.34,187.28,187.32
2018-05-30T16:20:00Z,187.32,187.42,187.32,187.39
2018-05-30T16:21:00Z,187.3701,187.44,187.37,187.429
2018-05-30T16:22:00Z,187.42,187.49,187.42,187.48
2018-05-30T16:23:00Z,187.48,187.5,187.42,187.45
2018-05-30T16:24:00Z,187.454,187.454,187.3699,187.43
2018-05-30T16:25:00Z,187.43,187.45,187.36,187.39
2018-05-30T16:26:00Z,187.4,187.54,187.39,187.48
2018-05-30T16:27:00Z,187.4822,187.5,187.37,187.38
2018-05-30T16:28:00Z,187.37,187.4048,187.36,187.4
2018-05-30T16:29:00Z,187.41,187.46,187.3944,187.4
2018-05-30T16:30:00Z,187.391,187.44,187.39,187.42
2018-05-30T16:31:00Z,187.41,187.43,187.369,187.4
2018-05-30T16:32:00Z,187.4,187.41,187.38,187.38
2018-05-30T16:33:00Z,187.3733,187.41,187.365,187.3885
2018-05-30T16:34:00Z,187.39,187.4125,187.35,187.35
2018-05-30T16:35:00Z,187.3699,187.3699,187.29,187.33
2018-05-30T16:36:00Z,187.33,187.37,187.33,187.35
2018-05-30T16:37:00Z,187.35,187.3568,187.2315,187.265
2018-05-30T16:38:00Z,187.27,187.31,187.25,187.28
2018-05-30T16:39:00Z,187.29,187.33,187.27,187.31
2018-05-30T16:40:00Z,187.3,187.33,187.27,187.275
2018-05-30T16:41:00Z,187.27,187.32,187.22,187.27
2018-05-30T16:42:00Z,187.26,187.29,187.24,187.27
2018-05-30T16:43:00Z,187.271,187.2768,187.2,187.204
2018-05-30T16:44:00Z,187.2,187.2,187.15,187.15
2018-05-30T16:45:00Z,187.145,187.2,187.13,187.2
2018-05-30T16:46:00Z,187.2,187.2251,187.18,187.2
2018-05-30T16:47:00Z,187.19,187.23,187.19,187.2249
2018-05-30T16:48:00Z,187.23,187.24,187.2,187.2201
2018-05-30T16:49:00Z,187.23,187.2358,187.17,187.19
2018-05-30T16:50:00Z,187.2,187.24,187.16,187.2375
2018-05-30T16:51:00Z,187.235,187.275,187.23,187.27
2018-05-30T16:52:00Z,187.279,187.29,187.18,187.2
2018-05-30T16:53:00Z,187.1925,187.32,187.18,187.31
2018-05-30T16:54:00Z,187.3094,187.36,187.3,187.34
2018-05-30T16:55:00Z,187.34,187.4,187.32,187.385
2018-05-30T16:56:00Z,187.38,187.4,187.31,187.31
2018-05-30T16:57:00Z,187.32,187.32,187.16,187.1827
2018-05-30T16:58:00Z,187.19,187.2122,187.18,187.1935
2018-05-30T16:59:00Z,187.19,187.25,187.18,187.22
2018-05-30T17:00:00Z,187.2267,187.27,187.15,187.1985
2018-05-30T17:01:00Z,187.19,187.19,187.075,187.0875
2018-05-30T17:02:00Z,187.0843,187.09,186.99,187.06
2018-05-30T17:03:00Z,187.0575,187.0798,186.97,186.97
2018-05-30T17:04:00Z,186.98,187.08,186.98,187.03
2018-05-30T17:05:00Z,187.02,187.035,186.985,187.03
2018-05-30T17:06:00Z,187.04,187.0599,187.01,187.05
2018-05-30T17:07:00Z,187.055,187.105,187.05,187.0947
2018-05-30T17:08:00Z,187.095,187.15,187.09,187.15
2018-05-30T17:09:00Z,187.15,187.1999,187.14,187.1454
2018-05-30T17:10:00Z,187.15,187.2001,187.14,187.1968
2018-05-30T17:11:00Z,187.19,187.2,187.14,187.14
2018-05-30T17:12:00Z,187.15,187.15,187.025,187.06
2018-05-30T17:13:00Z,187.065,187.12,187.065,187.11
2018-05-30T17:14:00Z,187.095,187.15,187.0901,187.14
2018-05-30T17:15:00Z,187.15,187.2107,187.1401,187.2107
2018-05-30T17:16:00Z,187.22,187.31,187.2102,187.31
2018-05-30T17:17:00Z,187.32,187.34,187.29,187.32
2018-05-30T17:18:00Z,187.33,187.37,187.31,187.36
2018-05-30T17:19:00Z,187.36,187.38,187.31,187.33
2018-05-30T17:20:00Z,187.3295,187.37,187.32,187.3368
2018-05-30T17:21:00Z,187.3343,187.38,187.31,187.3158
2018-05-30T17:22:00Z,187.32,187.36,187.3,187.35
2018-05-30T17:23:00Z,187.35,187.36,187.315,187.32
2018-05-30T17:24:00Z,187.31,187.33,187.26,187.2934
2018-05-30T17:25:00Z,187.29,187.37,187.27,187.34
2018-05-30T17:26:00Z,187.34,187.37,187.26,187.36
2018-05-30T17:27:00Z,187.36,187.4,187.35,187.38
2018-05-30T17:28:00Z,187.38,187.4,187.34,187.34
2018-05-30T17:29:00Z,187.345,187.35,187.3,187.32
2018-05-30T17:30:00Z,187.325,187.336,187.305,187.3138
2018-05-30T17:31:00Z,187.32,187.33,187.281,187.32
2018-05-30T17:32:00Z,187.31,187.3452,187.29,187.3446
2018-05-30T17:33:00Z,187.35,187.36,187.33,187.34
2018-05-30T17:34:00Z,187.3362,187.37,187.281,187.3643
2018-05-30T17:35:00Z,187.37,187.37,187.33,187.34
2018-05-30T17:36:00Z,187.3433,187.36,187.32,187.34
2018-05-30T17:37:00Z,187.34,187.3452,187.33,187.335
2018-05-30T17:38:00Z,187.334,187.37,187.3244,187.365
2018-05-30T17:39:00Z,187.37,187.39,187.355,187.39
2018-05-30T17:40:00Z,187.39,187.42,187.39,187.4
2018-05-30T17:41:00Z,187.39,187.39,187.345,187.356
2018-05-30T17:42:00Z,187.35,187.39,187.32,187.32
2018-05-30T17:43:00Z,187.32,187.36,187.32,187.36
2018-05-30T17:44:00Z,187.3552,187.38,187.35,187.37
2018-05-30T17:45:00Z,187.37,187.39,187.36,187.39
2018-05-30T17:46:00Z,187.38,187.38,187.33,187.36
2018-05-30T17:47:00Z,187.35,187.4,187.35,187.39
2018-05-30T17:48:00Z,187.39,187.41,187.38,187.41
2018-05-30T17:49:00Z,187.41,187.48,187.41,187.46
2018-05-30T17:50:00Z,187.461,187.48,187.44,187.475
2018-05-30T17:51:00Z,187.471,187.5099,187.47,187.48
2018-05-30T17:52:00Z,187.48,187.48,187.44,187.47
2018-05-30T17:53:00Z,187.47,187.47,187.4,187.4
2018-05-30T17:54:00Z,187.4,187.4001,187.26,187.29
2018-05-30T17:55:00Z,187.2863,187.34,187.2863,187.34
2018-05-30T17:56:00Z,187.34,187.37,187.32,187.34
2018-05-30T17:57:00Z,187.345,187.4053,187.344,187.38
2018-05-30T17:58:00Z,187.37,187.37,187.33,187.35
2018-05-30T17:59:00Z,187.34,187.34,187.3,187.34
2018-05-30T18:00:00Z,187.37,187.41,187.34,187.4001
2018-05-30T18:01:00Z,187.405,187.44,187.37,187.4
2018-05-30T18:02:00Z,187.4,187.42,187.37,187.39
2018-05-30T18:03:00Z,187.39,187.41,187.33,187.35
2018-05-30T18:04:00Z,187.3452,187.39,187.335,187.37
2018-05-30T18:05:00Z,187.36,187.4,187.33,187.38
2018-05-30T18:06:00Z,187.38,187.43,187.35,187.43
2018-05-30T18:07:00Z,187.42,187.42,187.41,187.4143
2018-05-30T18:08:00Z,187.41,187.45,187.405,187.445
2018-05-30T18:09:00Z,187.45,187.47,187.425,187.45
2018-05-30T18:10:00Z,187.46,187.5,187.45,187.48
2018-05-30T18:11:00Z,187.48,187.485,187.46,187.481
2018-05-30T18:12:00Z,187.48,187.49,187.43,187.4652
2018-05-30T18:13:00Z,187.46,187.48,187.43,187.475
2018-05-30T18:14:00Z,187.48,187.5,187.47,187.49
2018-05-30T18:15:00Z,187.485,187.49,187.47,187.47
2018-05-30T18:16:00Z,187.47,187.47,187.42,187.42
2018-05-30T18:17:00Z,187.415,187.45,187.39,187.43
2018-05-30T18:18:00Z,187.43,187.46,187.32,187.4
2018-05-30T18:19:00Z,187.4099,187.47,187.4,187.43
2018-05-30T18:20:00Z,187.43,187.45,187.4001,187.42
2018-05-30T18:21:00Z,187.41,187.43,187.39,187.43
2018-05-30T18:22:00Z,187.43,187.45,187.42,187.435
2018-05-30T18:23:00Z,187.44,187.46,187.35,187.375
2018-05-30T18:24:00Z,187.375,187.41,187.3248,187.34
2018-05-30T18:25:00Z,187.341,187.375,187.31,187.35
2018-05-30T18:26:00Z,187.35,187.4,187.31,187.39
2018-05-30T18:27:00Z,187.395,187.43,187.39,187.43
2018-05-30T18:28:00Z,187.43,187.43,187.4,187.41
2018-05-30T18:29:00Z,187.41,187.45,187.395,187.4
2018-05-30T18:30:00Z,187.4,187.41,187.36,187.39
2018-05-30T18:31:00Z,187.38,187.43,187.36,187.42
2018-05-30T18:32:00Z,187.43,187.46,187.4242,187.45
2018-05-30T18:33:00Z,187.46,187.5,187.4549,187.4899
2018-05-30T18:34:00Z,187.49,187.54,187.49,187.52
2018-05-30T18:35:00Z,187.53,187.53,187.4778,187.52
2018-05-30T18:36:00Z,187.51,187.52,187.48,187.49
2018-05-30T18:37:00Z,187.49,187.52,187.46,187.47
2018-05-30T18:38:00Z,187.48,187.52,187.48,187.51
2018-05-30T18:39:00Z,187.52,187.52,187.44,187.445
2018-05-30T18:40:00Z,187.45,187.539,187.44,187.53
2018-05-30T18:41:00Z,187.52,187.54,187.47,187.5
2018-05-30T18:42:00Z,187.5,187.5248,187.46,187.4742
2018-05-30T18:43:00Z,187.48,187.52,187.47,187.5199
2018-05-30T18:44:00Z,187.51,187.54,187.4775,187.49
2018-05-30T18:45:00Z,187.49,187.52,187.4,187.44
2018-05-30T18:46:00Z,187.45,187.49,187.4,187.46
2018-05-30T18:47:00Z,187.45,187.49,187.44,187.49
2018-05-30T18:48:00Z,187.49,187.51,187.43,187.51
2018-05-30T18:49:00Z,187.51,187.52,187.4701,187.4832
2018-05-30T18:50:00Z,187.48,187.52,187.4735,187.52
2018-05-30T18:51:00Z,187.52,187.56,187.52,187.53
2018-05-30T18:52:00Z,187.525,187.55,187.52,187.54
2018-05-30T18:53:00Z,187.53,187.59,187.53,187.555
2018-05-30T18:54:00Z,187.559,187.58,187.51,187.51
2018-05-30T18:55:00Z,187.5,187.52,187.47,187.48
2018-05-30T18:56:00Z,187.4734,187.54,187.46,187.53
2018-05-30T18:57:00Z,187.53,187.55,187.51,187.51
2018-05-30T18:58:00Z,187.5101,187.54,187.51,187.5201
2018-05-30T18:59:00Z,187.525,187.55,187.51,187.54
2018-05-30T19:00:00Z,187.54,187.58,187.54,187.58
2018-05-30T19:01:00Z,187.58,187.64,187.57,187.63
2018-05-30T19:02:00Z,187.625,187.67,187.6,187.615
2018-05-30T19:03:00Z,187.61,187.64,187.56,187.636
2018-05-30T19:04:00Z,187.64,187.66,187.56,187.56
2018-05-30T19:05:00Z,187.5639,187.5807,187.53,187.56
2018-05-30T19:06:00Z,187.55,187.61,187.55,187.58
2018-05-30T19:07:00Z,187.59,187.59,187.4939,187.51
2018-05-30T19:08:00Z,187.52,187.535,187.48,187.48
2018-05-30T19:09:00Z,187.49,187.51,187.45,187.51
2018-05-30T19:10:00Z,187.515,187.52,187.48,187.51
2018-05-30T19:11:00Z,187.51,187.54,187.5,187.54
2018-05-30T19:12:00Z,187.53,187.53,187.46,187.4701
2018-05-30T19:13:00Z,187.47,187.5,187.45,187.49
2018-05-30T19:14:00Z,187.5,187.51,187.45,187.47
2018-05-30T19:15:00Z,187.47,187.47,187.42,187.45
2018-05-30T19:16:00Z,187.44,187.515,187.44,187.49
2018-05-30T19:17:00Z,187.4852,187.54,187.485,187.5061
2018-05-30T19:18:00Z,187.505,187.51,187.4701,187.5
2018-05-30T19:19:00Z,187.49,187.51,187.4839,187.49
2018-05-30T19:20:00Z,187.495,187.52,187.465,187.48
2018-05-30T19:21:00Z,187.485,187.5,187.455,187.455
2018-05-30T19:22:00Z,187.46,187.46,187.36,187.3698
2018-05-30T19:23:00Z,187.365,187.38,187.28,187.315
2018-05-30T19:24:00Z,187.315,187.33,187.26,187.2758
2018-05-30T19:25:00Z,187.28,187.33,187.23,187.249
2018-05-30T19:26:00Z,187.24,187.26,187.21,187.26
2018-05-30T19:27:00Z,187.261,187.32,187.261,187.29
2018-05-30T19:28:00Z,187.2948,187.32,187.29,187.32
2018-05-30T19:29:00Z,187.33,187.35,187.23,187.245
2018-05-30T19:30:00Z,187.25,187.25,187.17,187.17
2018-05-30T19:31:00Z,187.17,187.17,187.1,187.1449
2018-05-30T19:32:00Z,187.14,187.27,187.14,187.2383
2018-05-30T19:33:00Z,187.25,187.35,187.25,187.31
2018-05-30T19:34:00Z,187.3,187.33,187.27,187.315
2018-05-30T19:35:00Z,187.31,187.36,187.31,187.3552
2018-05-30T19:36:00Z,187.35,187.45,187.35,187.41
2018-05-30T19:37:00Z,187.41,187.445,187.39,187.39
2018-05-30T19:38:00Z,187.395,187.395,187.31,187.33
2018-05-30T19:39:00Z,187.33,187.41,187.3242,187.345
2018-05-30T19:40:00Z,187.34,187.34,187.15,187.16
2018-05-30T19:41:00Z,187.15,187.22,187.15,187.2
2018-05-30T19:42:00Z,187.19,187.2858,187.16,187.22
2018-05-30T19:43:00Z,187.2181,187.285,187.205,187.27
2018-05-30T19:44:00Z,187.28,187.36,187.27,187.34
2018-05-30T19:45:00Z,187.33,187.33,187.22,187.29
2018-05-30T19:46:00Z,187.284,187.31,187.21,187.21
2018-05-30T19:47:00Z,187.206,187.3,187.2,187.27
2018-05-30T19:48:00Z,187.27,187.34,187.25,187.32
2018-05-30T19:49:00Z,187.3141,187.34,187.29,187.33
2018-05-30T19:50:00Z,187.31,187.65,187.31,187.58
2018-05-30T19:51:00Z,187.57,187.57,187.48,187.49
2018-05-30T19:52:00Z,187.485,187.55,187.48,187.54
2018-05-30T19:53:00Z,187.54,187.6,187.53,187.57
2018-05-30T19:54:00Z,187.5734,187.68,187.565,187.64
2018-05-30T19:55:00Z,187.64,187.65,187.57,187.6398
2018-05-30T19:56:00Z,187.64,187.67,187.59,187.625
2018-05-30T19:57:00Z,187.63,187.67,187.6,187.66
2018-05-30T19:58:00Z,187.65,187.71,187.63,187.655
2018-05-30T19:59:00Z,187.65,187.66,187.41,187.49
