2017-08-25T13:30:00Z,159.65,159.92,159.64,159.885
2017-08-25T13:31:00Z,159.9,159.9708,159.75,159.81
2017-08-25T13:32:00Z,159.77,159.82,159.7,159.76
2017-08-25T13:33:00Z,159.76,159.8,159.58,159.7901
2017-08-25T13:34:00Z,159.8,160.16,159.8,160.05
2017-08-25T13:35:00Z,160.03,160.13,160.03,160.0917
2017-08-25T13:36:00Z,160.1,160.11,159.99,160
2017-08-25T13:37:00Z,160.0199,160.15,159.93,160.08
2017-08-25T13:38:00Z,160.09,160.115,159.94,159.98
2017-08-25T13:39:00Z,159.985,160.02,159.85,159.85
2017-08-25T13:40:00Z,159.88,160.1,159.88,160.07
2017-08-25T13:41:00Z,160.08,160.14,160,160.03
2017-08-25T13:42:00Z,160.0301,160.28,160,160.15
2017-08-25T13:43:00Z,160.14,160.15,160.02,160.12
2017-08-25T13:44:00Z,160.135,160.2,160.06,160.18
2017-08-25T13:45:00Z,160.1923,160.2,160.1,160.15
2017-08-25T13:46:00Z,160.15,160.15,160.01,160.11
2017-08-25T13:47:00Z,160.11,160.145,160.0401,160.125
2017-08-25T13:48:00Z,160.13,160.14,160.06,160.0901
2017-08-25T13:49:00Z,160.1,160.14,160.03,160.135
2017-08-25T13:50:00Z,160.135,160.15,160.0539,160.1314
2017-08-25T13:51:00Z,160.1395,160.17,160,160.08
2017-08-25T13:52:00Z,160.081,160.23,160.081,160.21
2017-08-25T13:53:00Z,160.2276,160.28,160.19,160.2462
2017-08-25T13:54:00Z,160.25,160.27,160.2,160.265
2017-08-25T13:55:00Z,160.26,160.39,160.22,160.34
2017-08-25T13:56:00Z,160.35,160.38,160.24,160.27
2017-08-25T13:57:00Z,160.2599,160.26,160.08,160.1223
2017-08-25T13:58:00Z,160.12,160.2,160.1,160.1738
2017-08-25T13:59:00Z,160.18,160.23,160.11,160.15
2017-08-25T14:00:00Z,160.15,160.33,160.12,160.32
2017-08-25T14:01:00Z,160.33,160.47,160.32,160.37
2017-08-25T14:02:00Z,160.37,160.4,160.22,160.37
2017-08-25T14:03:00Z,160.38,160.43,160.3,160.312
2017-08-25T14:04:00Z,160.32,160.3546,160.21,160.22
2017-08-25T14:05:00Z,160.23,160.27,160.12,160.16
2017-08-25T14:06:00Z,160.16,160.36,160.12,160.29
2017-08-25T14:07:00Z,160.3,160.32,160.15,160.25
2017-08-25T14:08:00Z,160.26,160.29,160.19,160.2452
2017-08-25T14:09:00Z,160.2599,160.3,160.23,160.2686
2017-08-25T14:10:00Z,160.2536,160.2958,160.23,160.28
2017-08-25T14:11:00Z,160.28,160.46,160.25,160.46
2017-08-25T14:12:00Z,160.47,160.4763,160.37,160.445
2017-08-25T14:13:00Z,160.4401,160.45,160.35,160.359
2017-08-25T14:14:00Z,160.35,160.41,160.33,160.4
2017-08-25T14:15:00Z,160.4001,160.44,160.03,160.33
2017-08-25T14:16:00Z,160.325,160.36,160.29,160.32
2017-08-25T14:17:00Z,160.315,160.3344,160.26,160.29
2017-08-25T14:18:00Z,160.29,160.42,160.285,160.415
2017-08-25T14:19:00Z,160.4194,160.54,160.41,160.42
2017-08-25T14:20:00Z,160.42,160.45,160.3,160.4099
2017-08-25T14:21:00Z,160.4,160.447,160.39,160.4311
2017-08-25T14:22:00Z,160.44,160.455,160.38,160.38
2017-08-25T14:23:00Z,160.377,160.4,160.33,160.3445
2017-08-25T14:24:00Z,160.34,160.34,160.2188,160.33
2017-08-25T14:25:00Z,160.31,160.31,160.23,160.2524
2017-08-25T14:26:00Z,160.2699,160.38,160.2699,160.32
2017-08-25T14:27:00Z,160.3388,160.37,160.28,160.3638
2017-08-25T14:28:00Z,160.36,160.41,160.29,160.4
2017-08-25T14:29:00Z,160.4055,160.45,160.38,160.42
2017-08-25T14:30:00Z,160.4275,160.46,160.39,160.41
2017-08-25T14:31:00Z,160.42,160.47,160.38,160.41
2017-08-25T14:32:00Z,160.42,160.44,160.39,160.41
2017-08-25T14:33:00Z,160.4099,160.43,160.28,160.3399
2017-08-25T14:34:00Z,160.34,160.38,160.34,160.3601
2017-08-25T14:35:00Z,160.36,160.48,160.36,160.451
2017-08-25T14:36:00Z,160.45,160.5015,160.439,160.48
2017-08-25T14:37:00Z,160.49,160.5,160.46,160.47
2017-08-25T14:38:00Z,160.48,160.55,160.47,160.55
2017-08-25T14:39:00Z,160.55,160.55,160.49,160.5145
2017-08-25T14:40:00Z,160.51,160.55,160.45,160.5288
2017-08-25T14:41:00Z,160.525,160.56,160.44,160.44
2017-08-25T14:42:00Z,160.44,160.5,160.36,160.48
2017-08-25T14:43:00Z,160.465,160.5,160.44,160.44
2017-08-25T14:44:00Z,160.44,160.45,160.3,160.31
2017-08-25T14:45:00Z,160.3163,160.34,160.14,160.1652
2017-08-25T14:46:00Z,160.16,160.1734,159.99,160.05
2017-08-25T14:47:00Z,160.04,160.15,160.02,160.139
2017-08-25T14:48:00Z,160.1383,160.14,159.95,160.0784
2017-08-25T14:49:00Z,160.08,160.082,159.81,159.821
2017-08-25T14:50:00Z,159.85,159.8899,159.74,159.8
2017-08-25T14:51:00Z,159.8064,159.95,159.8064,159.91
2017-08-25T14:52:00Z,159.91,160.009,159.89,159.9287
2017-08-25T14:53:00Z,159.94,159.99,159.88,159.935
2017-08-25T14:54:00Z,159.95,159.99,159.94,159.98
2017-08-25T14:55:00Z,159.9844,160.05,159.93,160.03
2017-08-25T14:56:00Z,160.03,160.07,159.98,160.01
2017-08-25T14:57:00Z,160.02,160.0263,159.88,159.97
2017-08-25T14:58:00Z,159.97,160,159.93,159.95
2017-08-25T14:59:00Z,159.96,160.01,159.76,159.79
2017-08-25T15:00:00Z,159.79,159.7901,159.55,159.6
2017-08-25T15:01:00Z,159.61,159.74,159.61,159.63
2017-08-25T15:02:00Z,159.62,159.65,159.52,159.52
2017-08-25T15:03:00Z,159.54,159.601,159.39,159.44
2017-08-25T15:04:00Z,159.44,159.54,159.35,159.482
2017-08-25T15:05:00Z,159.47,159.489,159.29,159.38
2017-08-25T15:06:00Z,159.37,159.55,159.35,159.48
2017-08-25T15:07:00Z,159.48,159.56,159.45,159.469
2017-08-25T15:08:00Z,159.45,159.54,159.43,159.53
2017-08-25T15:09:00Z,159.53,159.59,159.49,159.56
2017-08-25T15:10:00Z,159.558,159.66,159.52,159.63
2017-08-25T15:11:00Z,159.64,159.65,159.59,159.61
2017-08-25T15:12:00Z,159.6,159.6137,159.47,159.5
2017-08-25T15:13:00Z,159.5,159.5799,159.49,159.5
2017-08-25T15:14:00Z,159.51,159.65,159.51,159.53
2017-08-25T15:15:00Z,159.51,159.51,159.32,159.49
2017-08-25T15:16:00Z,159.5,159.68,159.495,159.6
2017-08-25T15:17:00Z,159.6,159.675,159.58,159.65
2017-08-25T15:18:00Z,159.65,159.7,159.62,159.6963
2017-08-25T15:19:00Z,159.6908,159.7299,159.65,159.66
2017-08-25T15:20:00Z,159.6659,159.71,159.56,159.59
2017-08-25T15:21:00Z,159.609,159.67,159.54,159.6
2017-08-25T15:22:00Z,159.61,159.66,159.59,159.61
2017-08-25T15:23:00Z,159.61,159.65,159.58,159.64
2017-08-25T15:24:00Z,159.65,159.68,159.46,159.51
2017-08-25T15:25:00Z,159.5,159.55,159.45,159.51
2017-08-25T15:26:00Z,159.5,159.605,159.5,159.6
2017-08-25T15:27:00Z,159.605,159.63,159.58,159.59
2017-08-25T15:28:00Z,159.59,159.63,159.47,159.49
2017-08-25T15:29:00Z,159.484,159.52,159.4256,159.49
2017-08-25T15:30:00Z,159.51,159.56,159.4564,159.56
2017-08-25T15:31:00Z,159.5644,159.7,159.5644,159.63
2017-08-25T15:32:00Z,159.6346,159.6669,159.576,159.63
2017-08-25T15:33:00Z,159.62,159.65,159.44,159.44
2017-08-25T15:34:00Z,159.445,159.4899,159.33,159.42
2017-08-25T15:35:00Z,159.44,159.56,159.37,159.5142
2017-08-25T15:36:00Z,159.51,159.63,159.49,159.5
2017-08-25T15:37:00Z,159.4969,159.57,159.45,159.555
2017-08-25T15:38:00Z,159.54,159.5899,159.47,159.51
2017-08-25T15:39:00Z,159.49,159.52,159.44,159.48
2017-08-25T15:40:00Z,159.48,159.63,159.462,159.6045
2017-08-25T15:41:00Z,159.6099,159.72,159.58,159.71
2017-08-25T15:42:00Z,159.7,159.7031,159.64,159.65
2017-08-25T15:43:00Z,159.66,159.78,159.64,159.7671
2017-08-25T15:44:00Z,159.77,159.82,159.73,159.74
2017-08-25T15:45:00Z,159.77,159.84,159.75,159.83
2017-08-25T15:46:00Z,159.82,159.92,159.8156,159.89
2017-08-25T15:47:00Z,159.89,159.9241,159.79,159.7933
2017-08-25T15:48:00Z,159.79,159.79,159.72,159.74
2017-08-25T15:49:00Z,159.7376,159.76,159.72,159.7401
2017-08-25T15:50:00Z,159.75,159.81,159.75,159.78
2017-08-25T15:51:00Z,159.79,159.79,159.63,159.63
2017-08-25T15:52:00Z,159.64,159.71,159.64,159.71
2017-08-25T15:53:00Z,159.709,159.7114,159.69,159.71
2017-08-25T15:54:00Z,159.7,159.76,159.68,159.76
2017-08-25T15:55:00Z,159.751,159.7549,159.63,159.6588
2017-08-25T15:56:00Z,159.66,159.7,159.61,159.6766
2017-08-25T15:57:00Z,159.7,159.7547,159.68,159.73
2017-08-25T15:58:00Z,159.74,159.75,159.67,159.675
2017-08-25T15:59:00Z,159.6856,159.7,159.63,159.65
2017-08-25T16:00:00Z,159.65,159.66,159.58,159.66
2017-08-25T16:01:00Z,159.6662,159.7492,159.66,159.7485
2017-08-25T16:02:00Z,159.74,159.745,159.68,159.68
2017-08-25T16:03:00Z,159.68,159.72,159.68,159.715
2017-08-25T16:04:00Z,159.72,159.74,159.68,159.68
2017-08-25T16:05:00Z,159.68,159.72,159.6676,159.7
2017-08-25T16:06:00Z,159.69,159.6932,159.61,159.61
2017-08-25T16:07:00Z,159.6199,159.68,159.61,159.65
2017-08-25T16:08:00Z,159.66,159.71,159.62,159.645
2017-08-25T16:09:00Z,159.64,159.64,159.56,159.6
2017-08-25T16:10:00Z,159.59,159.63,159.59,159.61
2017-08-25T16:11:00Z,159.62,159.64,159.58,159.58
2017-08-25T16:12:00Z,159.58,159.63,159.58,159.61
2017-08-25T16:13:00Z,159.6032,159.62,159.59,159.6
2017-08-25T16:14:00Z,159.605,159.65,159.5602,159.565
2017-08-25T16:15:00Z,159.58,159.58,159.46,159.5
2017-08-25T16:16:00Z,159.5,159.5499,159.46,159.4701
2017-08-25T16:17:00Z,159.47,159.618,159.35,159.39
2017-08-25T16:18:00Z,159.3869,159.3869,159.28,159.29
2017-08-25T16:19:00Z,159.293,159.37,159.27,159.3667
2017-08-25T16:20:00Z,159.36,159.41,159.33,159.38
2017-08-25T16:21:00Z,159.38,159.47,159.38,159.4556
2017-08-25T16:22:00Z,159.45,159.45,159.4,159.445
2017-08-25T16:23:00Z,159.44,159.44,159.4027,159.44
2017-08-25T16:24:00Z,159.44,159.465,159.3954,159.43
2017-08-25T16:25:00Z,159.4345,159.5538,159.43,159.55
2017-08-25T16:26:00Z,159.56,159.62,159.547,159.55
2017-08-25T16:27:00Z,159.53,159.55,159.5,159.55
2017-08-25T16:28:00Z,159.55,159.5955,159.55,159.59
2017-08-25T16:29:00Z,159.59,159.6,159.57,159.58
2017-08-25T16:30:00Z,159.5536,159.56,159.53,159.5363
2017-08-25T16:31:00Z,159.54,159.6,159.54,159.575
2017-08-25T16:32:00Z,159.58,159.58,159.53,159.56
2017-08-25T16:33:00Z,159.559,159.56,159.47,159.49
2017-08-25T16:34:00Z,159.4801,159.54,159.45,159.52
2017-08-25T16:35:00Z,159.52,159.65,159.52,159.6
2017-08-25T16:36:00Z,159.61,159.66,159.58,159.587
2017-08-25T16:37:00Z,159.58,159.58,159.48,159.48
2017-08-25T16:38:00Z,159.476,159.53,159.44,159.51
2017-08-25T16:39:00Z,159.53,159.62,159.51,159.61
2017-08-25T16:40:00Z,159.61,159.65,159.56,159.63
2017-08-25T16:41:00Z,159.6231,159.6311,159.52,159.5611
2017-08-25T16:42:00Z,159.5588,159.5588,159.47,159.51
2017-08-25T16:43:00Z,159.51,159.5731,159.505,159.5601
2017-08-25T16:44:00Z,159.57,159.61,159.55,159.55
2017-08-25T16:45:00Z,159.55,159.5857,159.54,159.58
2017-08-25T16:46:00Z,159.59,159.61,159.575,159.603
2017-08-25T16:47:00Z,159.6,159.65,159.55,159.65
2017-08-25T16:48:00Z,159.65,159.65,159.58,159.62
2017-08-25T16:49:00Z,159.62,159.65,159.57,159.61
2017-08-25T16:50:00Z,159.62,159.68,159.6199,159.66
2017-08-25T16:51:00Z,159.65,159.715,159.65,159.7008
2017-08-25T16:52:00Z,159.6955,159.72,159.67,159.7
2017-08-25T16:53:00Z,159.705,159.78,159.705,159.7799
2017-08-25T16:54:00Z,159.775,159.85,159.775,159.84
2017-08-25T16:55:00Z,159.8336,159.86,159.81,159.8272
2017-08-25T16:56:00Z,159.83,159.87,159.81,159.87
2017-08-25T16:57:00Z,159.86,159.89,159.84,159.87
2017-08-25T16:58:00Z,159.8644,159.88,159.78,159.78
2017-08-25T16:59:00Z,159.799,159.8392,159.7901,159.83
2017-08-25T17:00:00Z,159.84,159.869,159.8156,159.83
2017-08-25T17:01:00Z,159.8256,159.8701,159.81,159.8545
2017-08-25T17:02:00Z,159.86,159.91,159.86,159.89
2017-08-25T17:03:00Z,159.9,159.91,159.87,159.9
2017-08-25T17:04:00Z,159.9,159.91,159.8799,159.9
2017-08-25T17:05:00Z,159.9,159.915,159.88,159.9
2017-08-25T17:06:00Z,159.9,159.91,159.86,159.89
2017-08-25T17:07:00Z,159.894,160.02,159.8932,159.97
2017-08-25T17:08:00Z,159.966,159.99,159.96,159.98
2017-08-25T17:09:00Z,159.97,160.03,159.965,160.0143
2017-08-25T17:10:00Z,160.0155,160.05,160.006,160.0098
2017-08-25T17:11:00Z,160.01,160.03,159.98,160.03
2017-08-25T17:12:00Z,160.0434,160.0434,160.01,160.0255
2017-08-25T17:13:00Z,160.025,160.12,160.025,160.105
2017-08-25T17:14:00Z,160.1126,160.1152,160,160.0323
2017-08-25T17:15:00Z,160.04,160.0968,160.005,160.08
2017-08-25T17:16:00Z,160.08,160.0999,160.06,160.09
2017-08-25T17:17:00Z,160.0784,160.0941,160.02,160.03
2017-08-25T17:18:00Z,160.03,160.05,160.025,160.025
2017-08-25T17:19:00Z,160.025,160.0344,160,160.02
2017-08-25T17:20:00Z,160.01,160.0134,159.95,160.01
2017-08-25T17:21:00Z,160.0125,160.03,159.97,159.98
2017-08-25T17:22:00Z,159.99,160.03,159.99,160
2017-08-25T17:23:00Z,160,160.01,159.93,159.96
2017-08-25T17:24:00Z,159.95,160.02,159.939,160.02
2017-08-25T17:25:00Z,160.015,160.03,159.9931,160.0299
2017-08-25T17:26:00Z,160.02,160.0299,159.95,159.95
2017-08-25T17:27:00Z,159.959,159.98,159.89,159.9118
2017-08-25T17:28:00Z,159.92,159.95,159.88,159.94
2017-08-25T17:29:00Z,159.92,159.95,159.9,159.95
2017-08-25T17:30:00Z,159.94,159.975,159.93,159.957
2017-08-25T17:31:00Z,159.95,159.97,159.92,159.97
2017-08-25T17:32:00Z,159.96,159.96,159.89,159.89
2017-08-25T17:33:00Z,159.89,159.914,159.85,159.8599
2017-08-25T17:34:00Z,159.851,159.86,159.8,159.84
2017-08-25T17:35:00Z,159.84,159.86,159.8,159.86
2017-08-25T17:36:00Z,159.86,159.89,159.856,159.87
2017-08-25T17:37:00Z,159.875,159.88,159.83,159.86
2017-08-25T17:38:00Z,159.87,159.89,159.86,159.8893
2017-08-25T17:39:00Z,159.885,159.95,159.87,159.93
2017-08-25T17:40:00Z,159.948,159.97,159.93,159.951
2017-08-25T17:41:00Z,159.9556,159.99,159.95,159.96
2017-08-25T17:42:00Z,159.97,159.9745,159.9399,159.95
2017-08-25T17:43:00Z,159.95,160.01,159.95,160
2017-08-25T17:44:00Z,159.99,160.0101,159.9871,160
2017-08-25T17:45:00Z,160,160,159.94,159.94
2017-08-25T17:46:00Z,159.94,159.97,159.94,159.94
2017-08-25T17:47:00Z,159.9445,159.96,159.91,159.9401
2017-08-25T17:48:00Z,159.94,159.95,159.92,159.92
2017-08-25T17:49:00Z,159.9249,159.93,159.89,159.92
2017-08-25T17:50:00Z,159.92,159.98,159.92,159.95
2017-08-25T17:51:00Z,159.9476,160.021,159.93,160.021
2017-08-25T17:52:00Z,160.02,160.05,159.98,160.01
2017-08-25T17:53:00Z,160.01,160.05,160,160.04
2017-08-25T17:54:00Z,160.0249,160.05,160.02,160.05
2017-08-25T17:55:00Z,160.04,160.0425,160.0035,160.0425
2017-08-25T17:56:00Z,160.05,160.05,159.94,159.98
2017-08-25T17:57:00Z,159.98,159.995,159.94,159.99
2017-08-25T17:58:00Z,159.99,160,159.9599,160
2017-08-25T17:59:00Z,160.01,160.04,159.99,160.03
2017-08-25T18:00:00Z,160.04,160.05,160,160
2017-08-25T18:01:00Z,160,160.05,160,160.0336
2017-08-25T18:02:00Z,160.03,160.035,160,160.025
2017-08-25T18:03:00Z,160.02,160.07,160.01,160.02
2017-08-25T18:04:00Z,160.025,160.025,159.985,159.99
2017-08-25T18:05:00Z,160,160,159.96,159.97
2017-08-25T18:06:00Z,159.975,160.063,159.97,160.06
2017-08-25T18:07:00Z,160.07,160.08,160.05,160.066
2017-08-25T18:08:00Z,160.065,160.065,160.02,160.045
2017-08-25T18:09:00Z,160.04,160.05,160.02,160.03
2017-08-25T18:10:00Z,160.03,160.119,160.03,160.0581
2017-08-25T18:11:00Z,160.0647,160.0833,160.04,160.07
2017-08-25T18:12:00Z,160.07,160.0999,160.07,160.0999
2017-08-25T18:13:00Z,160.1,160.12,160.09,160.115
2017-08-25T18:14:00Z,160.12,160.12,160.09,160.1
2017-08-25T18:15:00Z,160.1,160.16,160.1,160.13
2017-08-25T18:16:00Z,160.13,160.2145,160.13,160.2145
2017-08-25T18:17:00Z,160.21,160.219,160.13,160.17
2017-08-25T18:18:00Z,160.18,160.195,160.15,160.15
2017-08-25T18:19:00Z,160.158,160.18,160.14,160.17
2017-08-25T18:20:00Z,160.163,160.2202,160.16,160.2202
2017-08-25T18:21:00Z,160.23,160.24,160.2101,160.22
2017-08-25T18:22:00Z,160.22,160.3,160.22,160.3
2017-08-25T18:23:00Z,160.3,160.3,160.265,160.3
2017-08-25T18:24:00Z,160.2938,160.34,160.28,160.33
2017-08-25T18:25:00Z,160.33,160.3311,160.27,160.274
2017-08-25T18:26:00Z,160.2745,160.29,160.21,160.21
2017-08-25T18:27:00Z,160.21,160.23,160.18,160.21
2017-08-25T18:28:00Z,160.2134,160.2155,160.16,160.17
2017-08-25T18:29:00Z,160.18,160.1901,160.16,160.19
2017-08-25T18:30:00Z,160.19,160.25,160.19,160.23
2017-08-25T18:31:00Z,160.24,160.25,160.19,160.21
2017-08-25T18:32:00Z,160.2007,160.21,160.11,160.12
2017-08-25T18:33:00Z,160.11,160.13,160.08,160.09
2017-08-25T18:34:00Z,160.08,160.09,160.05,160.065
2017-08-25T18:35:00Z,160.069,160.1,160.05,160.06
2017-08-25T18:36:00Z,160.06,160.06,160.045,160.045
2017-08-25T18:37:00Z,160.05,160.07,160.0245,160.07
2017-08-25T18:38:00Z,160.065,160.1,160.06,160.093
2017-08-25T18:39:00Z,160.1,160.13,160.1,160.1
2017-08-25T18:40:00Z,160.09,160.11,160.08,160.11
2017-08-25T18:41:00Z,160.11,160.14,160.08,160.1166
2017-08-25T18:42:00Z,160.1115,160.15,160.11,160.14
2017-08-25T18:43:00Z,160.15,160.1794,160.13,160.15
2017-08-25T18:44:00Z,160.1401,160.15,160.13,160.13
2017-08-25T18:45:00Z,160.1345,160.1345,160.06,160.06
2017-08-25T18:46:00Z,160.055,160.11,160.05,160.1
2017-08-25T18:47:00Z,160.1,160.1,160.06,160.085
2017-08-25T18:48:00Z,160.09,160.1,160.07,160.09
2017-08-25T18:49:00Z,160.085,160.11,160.085,160.1
2017-08-25T18:50:00Z,160.1,160.1,160.07,160.08
2017-08-25T18:51:00Z,160.0768,160.12,160.075,160.085
2017-08-25T18:52:00Z,160.09,160.09,160.07,160.07
2017-08-25T18:53:00Z,160.07,160.13,160.07,160.13
2017-08-25T18:54:00Z,160.13,160.14,160.0948,160.12
2017-08-25T18:55:00Z,160.13,160.14,160.1,160.1212
2017-08-25T18:56:00Z,160.13,160.15,160.1232,160.1301
2017-08-25T18:57:00Z,160.14,160.15,160.13,160.13
2017-08-25T18:58:00Z,160.12,160.1296,160.07,160.08
2017-08-25T18:59:00Z,160.0734,160.0734,160.05,160.053
2017-08-25T19:00:00Z,160.06,160.09,160.05,160.08
2017-08-25T19:01:00Z,160.08,160.11,160.07,160.1
2017-08-25T19:02:00Z,160.1,160.13,160.092,160.1219
2017-08-25T19:03:00Z,160.1236,160.125,159.94,159.96
2017-08-25T19:04:00Z,159.97,160.08,159.97,160.04
2017-08-25T19:05:00Z,160.03,160.08,160.03,160.05
2017-08-25T19:06:00Z,160.06,160.065,159.98,160.065
2017-08-25T19:07:00Z,160.06,160.09,160.05,160.0807
2017-08-25T19:08:00Z,160.08,160.18,160.08,160.13
2017-08-25T19:09:00Z,160.13,160.16,160.11,160.15
2017-08-25T19:10:00Z,160.15,160.16,160.11,160.1444
2017-08-25T19:11:00Z,160.15,160.28,160.1208,160.27
2017-08-25T19:12:00Z,160.28,160.35,160.26,160.32
2017-08-25T19:13:00Z,160.314,160.3201,160.16,160.16
2017-08-25T19:14:00Z,160.18,160.23,160.1045,160.16
2017-08-25T19:15:00Z,160.16,160.24,160.12,160.145
2017-08-25T19:16:00Z,160.14,160.16,160.07,160.11
2017-08-25T19:17:00Z,160.13,160.18,160.11,160.125
2017-08-25T19:18:00Z,160.12,160.16,160.06,160.1
2017-08-25T19:19:00Z,160.11,160.15,160.08,160.13
2017-08-25T19:20:00Z,160.14,160.18,160.09,160.11
2017-08-25T19:21:00Z,160.1101,160.14,160.09,160.1
2017-08-25T19:22:00Z,160.1,160.1,160.02,160.035
2017-08-25T19:23:00Z,160.039,160.05,160.01,160.03
2017-08-25T19:24:00Z,160.025,160.11,159.97,160
2017-08-25T19:25:00Z,160.0101,160.059,160.005,160.03
2017-08-25T19:26:00Z,160.02,160.04,160.0055,160.03
2017-08-25T19:27:00Z,160.04,160.0886,160.01,160.01
2017-08-25T19:28:00Z,160.01,160.065,159.9755,160.06
2017-08-25T19:29:00Z,160.055,160.1101,160.055,160.0992
2017-08-25T19:30:00Z,160.09,160.1,160.015,160.0608
2017-08-25T19:31:00Z,160.06,160.12,160.0401,160.12
2017-08-25T19:32:00Z,160.1101,160.125,160.06,160.06
2017-08-25T19:33:00Z,160.055,160.1,160.02,160.0201
2017-08-25T19:34:00Z,160.02,160.03,159.96,160
2017-08-25T19:35:00Z,159.995,160.02,159.9501,159.97
2017-08-25T19:36:00Z,159.97,160.02,159.96,160
2017-08-25T19:37:00Z,160.01,160.01,159.96,160.0002
2017-08-25T19:38:00Z,160.0066,160.07,160.0066,160.03
2017-08-25T19:39:00Z,160.03,160.04,159.98,160
2017-08-25T19:40:00Z,160.005,160.04,159.97,160.02
2017-08-25T19:41:00Z,160.0281,160.03,160,160.03
2017-08-25T19:42:00Z,160.03,160.05,160.0191,160.039
2017-08-25T19:43:00Z,160.036,160.065,159.99,160
2017-08-25T19:44:00Z,160.0099,160.04,159.97,159.98
2017-08-25T19:45:00Z,159.98,160.03,159.93,160
2017-08-25T19:46:00Z,160,160.0286,159.96,159.96
2017-08-25T19:47:00Z,159.95,160.03,159.945,160.02
2017-08-25T19:48:00Z,160.02,160.02,159.95,159.975
2017-08-25T19:49:00Z,159.9689,160.01,159.96,159.98
2017-08-25T19:50:00Z,159.9701,160.03,159.79,159.94
2017-08-25T19:51:00Z,159.94,159.95,159.89,159.91
2017-08-25T19:52:00Z,159.91,159.94,159.8638,159.9
2017-08-25T19:53:00Z,159.9,159.94,159.87,159.91
2017-08-25T19:54:00Z,159.9,159.92,159.835,159.86
2017-08-25T19:55:00Z,159.86,159.91,159.85,159.9
2017-08-25T19:56:00Z,159.9,159.91,159.86,159.8933
2017-08-25T19:57:00Z,159.89,159.9,159.85,159.855
2017-08-25T19:58:00Z,159.86,159.92,159.81,159.8545
2017-08-25T19:59:00Z,159.85,159.9,159.8,159.86
