2019-05-02T13:30:00Z,209.95,210.25,209.5,209.58
2019-05-02T13:31:00Z,209.65,210.615,209.58,210.49
2019-05-02T13:32:00Z,210.41,210.95,210.41,210.9
2019-05-02T13:33:00Z,210.88,210.95,210.5,210.52
2019-05-02T13:34:00Z,210.5,210.57,210.2,210.36
2019-05-02T13:35:00Z,210.4021,210.9,210.23,210.9
2019-05-02T13:36:00Z,210.89,211,210.8,210.9779
2019-05-02T13:37:00Z,210.99,211,210.82,210.92
2019-05-02T13:38:00Z,210.92,210.95,210.6175,210.67
2019-05-02T13:39:00Z,210.67,211.09,210.62,211.02
2019-05-02T13:40:00Z,211.02,211.3004,210.9,211.2595
2019-05-02T13:41:00Z,211.25,211.3,211.073,211.13
2019-05-02T13:42:00Z,211.16,211.16,210.83,210.83
2019-05-02T13:43:00Z,210.815,211.1907,210.76,211.11
2019-05-02T13:44:00Z,211.1442,211.16,210.95,211.11
2019-05-02T13:45:00Z,211.1,211.2335,211.03,211.12
2019-05-02T13:46:00Z,211.13,211.47,211.05,211.4508
2019-05-02T13:47:00Z,211.45,211.72,211.38,211.7099
2019-05-02T13:48:00Z,211.6917,211.71,211.42,211.54
2019-05-02T13:49:00Z,211.52,211.81,211.43,211.8
2019-05-02T13:50:00Z,211.795,211.8,211.67,211.7116
2019-05-02T13:51:00Z,211.72,211.8368,211.68,211.72
2019-05-02T13:52:00Z,211.72,211.9542,211.6896,211.897
2019-05-02T13:53:00Z,211.9,212.08,211.85,212.0565
2019-05-02T13:54:00Z,212.06,212.13,211.87,212.11
2019-05-02T13:55:00Z,212.11,212.3199,211.9666,212.3054
2019-05-02T13:56:00Z,212.3,212.44,212.14,212.14
2019-05-02T13:57:00Z,212.15,212.37,212.125,212.28
2019-05-02T13:58:00Z,212.28,212.3384,212.2,212.22
2019-05-02T13:59:00Z,212.22,212.55,212.22,212.45
2019-05-02T14:00:00Z,212.46,212.65,209.57,212.47
2019-05-02T14:01:00Z,212.476,212.5,212.35,212.3798
2019-05-02T14:02:00Z,212.365,212.37,212.18,212.2
2019-05-02T14:03:00Z,212.2001,212.35,212.19,212.2771
2019-05-02T14:04:00Z,212.2728,212.47,212.24,212.38
2019-05-02T14:05:00Z,212.36,212.48,212.26,212.46
2019-05-02T14:06:00Z,212.4722,212.6,212.23,212.275
2019-05-02T14:07:00Z,212.27,212.27,212,212.03
2019-05-02T14:08:00Z,212.02,212.03,211.8,211.88
2019-05-02T14:09:00Z,211.86,211.98,211.83,211.87
2019-05-02T14:10:00Z,211.88,212.24,211.84,212.23
2019-05-02T14:11:00Z,212.23,212.48,212.16,212.4303
2019-05-02T14:12:00Z,212.43,212.54,212.38,212.4233
2019-05-02T14:13:00Z,212.4,212.415,212.24,212.32
2019-05-02T14:14:00Z,212.32,212.39,212.16,212.34
2019-05-02T14:15:00Z,212.345,212.36,212,212.01
2019-05-02T14:16:00Z,212.0256,212.08,211.934,211.96
2019-05-02T14:17:00Z,211.9784,212.21,211.88,212.21
2019-05-02T14:18:00Z,212.2,212.3148,212.13,212.14
2019-05-02T14:19:00Z,212.1209,212.16,211.84,211.881
2019-05-02T14:20:00Z,211.88,211.96,211.58,211.68
2019-05-02T14:21:00Z,211.6701,211.75,211.56,211.58
2019-05-02T14:22:00Z,211.59,211.6,211.38,211.39
2019-05-02T14:23:00Z,211.3856,211.64,211.35,211.5401
2019-05-02T14:24:00Z,211.55,211.69,211.5,211.585
2019-05-02T14:25:00Z,211.58,211.78,211.58,211.6665
2019-05-02T14:26:00Z,211.69,211.74,211.6,211.71
2019-05-02T14:27:00Z,211.7,211.79,211.59,211.67
2019-05-02T14:28:00Z,211.67,211.7,211.39,211.4263
2019-05-02T14:29:00Z,211.4354,211.46,211.26,211.4
2019-05-02T14:30:00Z,211.4,211.53,211.23,211.45
2019-05-02T14:31:00Z,211.465,211.73,211.41,211.73
2019-05-02T14:32:00Z,211.731,211.93,211.69,211.9214
2019-05-02T14:33:00Z,211.9201,212.07,211.84,211.91
2019-05-02T14:34:00Z,211.92,211.92,211.75,211.7946
2019-05-02T14:35:00Z,211.79,211.8373,211.63,211.64
2019-05-02T14:36:00Z,211.65,211.78,211.58,211.5801
2019-05-02T14:37:00Z,211.58,211.58,211.41,211.455
2019-05-02T14:38:00Z,211.46,211.7221,211.44,211.68
2019-05-02T14:39:00Z,211.705,211.85,211.705,211.8443
2019-05-02T14:40:00Z,211.824,211.949,211.69,211.81
2019-05-02T14:41:00Z,211.81,211.9,211.78,211.8484
2019-05-02T14:42:00Z,211.845,212.08,211.845,211.98
2019-05-02T14:43:00Z,211.95,212.0903,211.9,212
2019-05-02T14:44:00Z,211.98,212.02,211.5907,211.654
2019-05-02T14:45:00Z,211.66,211.68,211.4903,211.54
2019-05-02T14:46:00Z,211.54,211.58,211.39,211.46
2019-05-02T14:47:00Z,211.43,211.5308,211.43,211.482
2019-05-02T14:48:00Z,211.46,211.65,211.46,211.63
2019-05-02T14:49:00Z,211.64,211.7,211.6,211.605
2019-05-02T14:50:00Z,211.59,211.69,211.55,211.66
2019-05-02T14:51:00Z,211.64,211.6499,211.57,211.59
2019-05-02T14:52:00Z,211.6,211.69,211.5788,211.58
2019-05-02T14:53:00Z,211.57,211.62,211.33,211.33
2019-05-02T14:54:00Z,211.33,211.33,211.09,211.11
2019-05-02T14:55:00Z,211.11,211.26,211.0899,211.1901
2019-05-02T14:56:00Z,211.22,211.45,211.22,211.4418
2019-05-02T14:57:00Z,211.44,211.48,211.15,211.16
2019-05-02T14:58:00Z,211.15,211.1593,210.96,211.0311
2019-05-02T14:59:00Z,211.06,211.26,211.059,211.11
2019-05-02T15:00:00Z,211.12,211.37,211.1,211.27
2019-05-02T15:01:00Z,211.27,211.33,211.24,211.29
2019-05-02T15:02:00Z,211.28,211.32,211.07,211.08
2019-05-02T15:03:00Z,211.08,211.08,210.87,210.97
2019-05-02T15:04:00Z,210.9868,211.14,210.92,211.14
2019-05-02T15:05:00Z,211.12,211.27,211.1098,211.27
2019-05-02T15:06:00Z,211.27,211.36,211.25,211.3207
2019-05-02T15:07:00Z,211.33,211.41,211.3,211.39
2019-05-02T15:08:00Z,211.38,211.4,211.28,211.295
2019-05-02T15:09:00Z,211.295,211.52,211.295,211.46
2019-05-02T15:10:00Z,211.46,211.48,211.2717,211.32
2019-05-02T15:11:00Z,211.33,211.39,211.25,211.3
2019-05-02T15:12:00Z,211.3168,211.44,211.25,211.37
2019-05-02T15:13:00Z,211.35,211.39,211.22,211.23
2019-05-02T15:14:00Z,211.24,211.27,211.165,211.25
2019-05-02T15:15:00Z,211.26,211.26,211.03,211.14
2019-05-02T15:16:00Z,211.15,211.21,210.95,210.9786
2019-05-02T15:17:00Z,210.99,211.0112,210.57,210.58
2019-05-02T15:18:00Z,210.61,210.66,210.5,210.55
2019-05-02T15:19:00Z,210.54,210.67,210.4,210.405
2019-05-02T15:20:00Z,210.405,210.47,210.27,210.29
2019-05-02T15:21:00Z,210.32,210.3214,210.11,210.205
2019-05-02T15:22:00Z,210.1901,210.27,210.04,210.05
2019-05-02T15:23:00Z,210.05,210.2,209.92,209.9486
2019-05-02T15:24:00Z,209.95,210,209.77,209.8074
2019-05-02T15:25:00Z,209.83,209.99,209.77,209.92
2019-05-02T15:26:00Z,209.95,210.14,209.79,210.12
2019-05-02T15:27:00Z,210.1154,210.23,210.04,210.0956
2019-05-02T15:28:00Z,210.095,210.235,209.97,210.14
2019-05-02T15:29:00Z,210.1297,210.16,209.8,209.81
2019-05-02T15:30:00Z,209.81,210.091,209.78,210.05
2019-05-02T15:31:00Z,210.0431,210.22,210,210.19
2019-05-02T15:32:00Z,210.19,210.48,210.18,210.47
2019-05-02T15:33:00Z,210.47,210.49,210.06,210.06
2019-05-02T15:34:00Z,210.09,210.24,210.07,210.1001
2019-05-02T15:35:00Z,210.1,210.11,209.8693,209.96
2019-05-02T15:36:00Z,209.9797,210.08,209.92,210.03
2019-05-02T15:37:00Z,210.0348,210.05,209.83,209.85
2019-05-02T15:38:00Z,209.86,209.86,209.61,209.6897
2019-05-02T15:39:00Z,209.68,209.711,209.34,209.5052
2019-05-02T15:40:00Z,209.5,209.53,209.27,209.48
2019-05-02T15:41:00Z,209.46,209.69,209.3768,209.3768
2019-05-02T15:42:00Z,209.4,209.43,209.08,209.1697
2019-05-02T15:43:00Z,209.18,209.44,209.07,209.29
2019-05-02T15:44:00Z,209.28,209.4,208.95,208.97
2019-05-02T15:45:00Z,208.96,208.98,208.73,208.94
2019-05-02T15:46:00Z,208.93,208.98,208.6,208.64
2019-05-02T15:47:00Z,208.62,208.62,208.28,208.43
2019-05-02T15:48:00Z,208.45,208.76,208.45,208.7
2019-05-02T15:49:00Z,208.7,209.01,208.7,208.93
2019-05-02T15:50:00Z,208.92,208.94,208.59,208.79
2019-05-02T15:51:00Z,208.75,209.13,208.68,209.03
2019-05-02T15:52:00Z,209.06,209.21,209.03,209.1
2019-05-02T15:53:00Z,209.1,209.1199,208.64,208.7724
2019-05-02T15:54:00Z,208.8,208.8414,208.63,208.69
2019-05-02T15:55:00Z,208.65,208.72,208.59,208.7052
2019-05-02T15:56:00Z,208.72,208.72,208.13,208.39
2019-05-02T15:57:00Z,208.4,208.57,208.2793,208.545
2019-05-02T15:58:00Z,208.52,208.7078,208.37,208.649
2019-05-02T15:59:00Z,208.62,208.72,208.41,208.63
2019-05-02T16:00:00Z,208.65,208.94,208.6325,208.7974
2019-05-02T16:01:00Z,208.83,208.84,208.57,208.62
2019-05-02T16:02:00Z,208.625,208.83,208.6,208.81
2019-05-02T16:03:00Z,208.82,208.88,208.7,208.84
2019-05-02T16:04:00Z,208.8418,208.94,208.68,208.8396
2019-05-02T16:05:00Z,208.81,209.15,208.81,209.1499
2019-05-02T16:06:00Z,209.14,209.15,208.87,208.88
2019-05-02T16:07:00Z,208.9098,208.925,208.69,208.88
2019-05-02T16:08:00Z,208.8768,208.94,208.75,208.7866
2019-05-02T16:09:00Z,208.76,208.9533,208.735,208.9164
2019-05-02T16:10:00Z,208.925,208.925,208.7644,208.8637
2019-05-02T16:11:00Z,208.852,209.0109,208.8,208.99
2019-05-02T16:12:00Z,208.99,209.13,208.91,208.99
2019-05-02T16:13:00Z,208.97,209.02,208.75,208.85
2019-05-02T16:14:00Z,208.82,208.82,208.56,208.5916
2019-05-02T16:15:00Z,208.59,208.77,208.55,208.73
2019-05-02T16:16:00Z,208.77,208.84,208.54,208.63
2019-05-02T16:17:00Z,208.62,208.8519,208.57,208.78
2019-05-02T16:18:00Z,208.78,208.78,208.56,208.59
2019-05-02T16:19:00Z,208.57,208.71,208.45,208.7099
2019-05-02T16:20:00Z,208.7046,209.02,208.7046,208.97
2019-05-02T16:21:00Z,208.96,208.96,208.76,208.88
2019-05-02T16:22:00Z,208.87,209.2,208.82,209.2
2019-05-02T16:23:00Z,209.21,209.38,209.03,209.1163
2019-05-02T16:24:00Z,209.15,209.31,209.12,209.21
2019-05-02T16:25:00Z,209.21,209.245,209.12,209.195
2019-05-02T16:26:00Z,209.19,209.28,209.15,209.25
2019-05-02T16:27:00Z,209.25,209.25,209,209.02
2019-05-02T16:28:00Z,209,209.12,208.9656,208.9656
2019-05-02T16:29:00Z,208.9716,209.195,208.9716,209.15
2019-05-02T16:30:00Z,209.16,209.1857,209.0101,209.03
2019-05-02T16:31:00Z,209.04,209.16,209,209.115
2019-05-02T16:32:00Z,209.1,209.34,209.06,209.3
2019-05-02T16:33:00Z,209.28,209.36,209.24,209.34
2019-05-02T16:34:00Z,209.33,209.43,209.2704,209.43
2019-05-02T16:35:00Z,209.4,209.569,209.38,209.4891
2019-05-02T16:36:00Z,209.4911,209.57,209.44,209.44
2019-05-02T16:37:00Z,209.46,209.56,209.3,209.36
2019-05-02T16:38:00Z,209.3347,209.4599,209.29,209.4
2019-05-02T16:39:00Z,209.4038,209.53,209.4,209.53
2019-05-02T16:40:00Z,209.53,209.69,209.49,209.6782
2019-05-02T16:41:00Z,209.67,209.67,209.31,209.32
2019-05-02T16:42:00Z,209.36,209.365,209.24,209.25
2019-05-02T16:43:00Z,209.22,209.345,209.16,209.345
2019-05-02T16:44:00Z,209.36,209.365,209.19,209.205
2019-05-02T16:45:00Z,209.21,209.245,209.1,209.21
2019-05-02T16:46:00Z,209.19,209.39,209.16,209.28
2019-05-02T16:47:00Z,209.25,209.325,209.15,209.204
2019-05-02T16:48:00Z,209.2124,209.23,209.07,209.09
2019-05-02T16:49:00Z,209.1,209.19,209.1,209.13
2019-05-02T16:50:00Z,209.1226,209.15,209.06,209.0643
2019-05-02T16:51:00Z,209.0756,209.09,208.85,208.86
2019-05-02T16:52:00Z,208.8657,208.965,208.82,208.94
2019-05-02T16:53:00Z,208.9401,209.1,208.905,209.09
2019-05-02T16:54:00Z,209.08,209.32,209.0492,209.3107
2019-05-02T16:55:00Z,209.32,209.32,209.05,209.06
2019-05-02T16:56:00Z,209.08,209.175,209.02,209.135
2019-05-02T16:57:00Z,209.13,209.14,208.95,208.97
2019-05-02T16:58:00Z,208.93,208.9628,208.6,208.68
2019-05-02T16:59:00Z,208.6876,208.78,208.64,208.72
2019-05-02T17:00:00Z,208.71,208.84,208.67,208.84
2019-05-02T17:01:00Z,208.82,208.82,208.57,208.5815
2019-05-02T17:02:00Z,208.61,208.67,208.58,208.61
2019-05-02T17:03:00Z,208.6059,208.63,208.44,208.56
2019-05-02T17:04:00Z,208.6,208.6,208.41,208.5
2019-05-02T17:05:00Z,208.54,208.7033,208.54,208.67
2019-05-02T17:06:00Z,208.7,208.82,208.65,208.7646
2019-05-02T17:07:00Z,208.765,208.9,208.75,208.899
2019-05-02T17:08:00Z,208.8801,209.17,208.82,209.14
2019-05-02T17:09:00Z,209.1631,209.39,209.13,209.37
2019-05-02T17:10:00Z,209.37,209.46,209.3,209.4499
2019-05-02T17:11:00Z,209.45,209.578,209.45,209.51
2019-05-02T17:12:00Z,209.5,209.58,209.41,209.49
2019-05-02T17:13:00Z,209.5,209.55,209.42,209.4701
2019-05-02T17:14:00Z,209.4967,209.51,209.42,209.4595
2019-05-02T17:15:00Z,209.48,209.74,209.42,209.66
2019-05-02T17:16:00Z,209.6569,209.7499,209.64,209.65
2019-05-02T17:17:00Z,209.6531,209.73,209.64,209.71
2019-05-02T17:18:00Z,209.73,209.88,209.7181,209.86
2019-05-02T17:19:00Z,209.86,209.86,209.71,209.78
2019-05-02T17:20:00Z,209.78,209.87,209.76,209.85
2019-05-02T17:21:00Z,209.86,209.96,209.82,209.93
2019-05-02T17:22:00Z,209.92,209.92,209.73,209.77
2019-05-02T17:23:00Z,209.77,209.79,209.62,209.62
2019-05-02T17:24:00Z,209.626,209.66,209.36,209.37
2019-05-02T17:25:00Z,209.3426,209.41,209.28,209.32
2019-05-02T17:26:00Z,209.32,209.54,209.29,209.52
2019-05-02T17:27:00Z,209.53,209.67,209.47,209.51
2019-05-02T17:28:00Z,209.53,209.56,209.47,209.51
2019-05-02T17:29:00Z,209.4848,209.65,209.46,209.615
2019-05-02T17:30:00Z,209.63,209.74,209.54,209.71
2019-05-02T17:31:00Z,209.72,209.76,209.6735,209.74
2019-05-02T17:32:00Z,209.73,209.76,209.6,209.65
2019-05-02T17:33:00Z,209.665,209.76,209.61,209.74
2019-05-02T17:34:00Z,209.7404,209.78,209.68,209.7
2019-05-02T17:35:00Z,209.72,209.76,209.65,209.6808
2019-05-02T17:36:00Z,209.69,210.03,209.66,209.9544
2019-05-02T17:37:00Z,209.95,210.05,209.8501,210.05
2019-05-02T17:38:00Z,210.05,210.29,210.05,210.19
2019-05-02T17:39:00Z,210.16,210.25,210.11,210.12
2019-05-02T17:40:00Z,210.12,210.2,210.08,210.1
2019-05-02T17:41:00Z,210.11,210.12,209.94,209.98
2019-05-02T17:42:00Z,209.98,209.9805,209.87,209.94
2019-05-02T17:43:00Z,209.94,209.96,209.86,209.95
2019-05-02T17:44:00Z,209.95,209.965,209.85,209.87
2019-05-02T17:45:00Z,209.875,209.895,209.69,209.69
2019-05-02T17:46:00Z,209.6824,209.75,209.62,209.69
2019-05-02T17:47:00Z,209.71,209.77,209.65,209.66
2019-05-02T17:48:00Z,209.67,209.68,209.53,209.62
2019-05-02T17:49:00Z,209.6087,209.61,209.49,209.61
2019-05-02T17:50:00Z,209.6204,209.66,209.5,209.6489
2019-05-02T17:51:00Z,209.65,209.95,209.64,209.93
2019-05-02T17:52:00Z,209.92,210,209.86,209.968
2019-05-02T17:53:00Z,209.97,210.08,209.96,209.9998
2019-05-02T17:54:00Z,210,210.05,209.83,209.84
2019-05-02T17:55:00Z,209.84,209.84,209.75,209.79
2019-05-02T17:56:00Z,209.79,209.94,209.79,209.8355
2019-05-02T17:57:00Z,209.8415,209.98,209.77,209.77
2019-05-02T17:58:00Z,209.77,209.813,209.73,209.745
2019-05-02T17:59:00Z,209.74,209.76,209.6,209.61
2019-05-02T18:00:00Z,209.64,209.685,209.53,209.54
2019-05-02T18:01:00Z,209.54,209.608,209.51,209.556
2019-05-02T18:02:00Z,209.565,209.63,209.56,209.63
2019-05-02T18:03:00Z,209.61,209.67,209.561,209.6624
2019-05-02T18:04:00Z,209.66,209.88,209.6449,209.855
2019-05-02T18:05:00Z,209.85,209.8574,209.68,209.75
2019-05-02T18:06:00Z,209.74,209.75,209.65,209.7
2019-05-02T18:07:00Z,209.72,209.885,209.67,209.84
2019-05-02T18:08:00Z,209.85,209.9,209.63,209.63
2019-05-02T18:09:00Z,209.65,209.65,209.48,209.53
2019-05-02T18:10:00Z,209.52,209.67,209.52,209.6
2019-05-02T18:11:00Z,209.61,209.72,209.61,209.6202
2019-05-02T18:12:00Z,209.6259,209.68,209.56,209.6751
2019-05-02T18:13:00Z,209.67,209.88,209.63,209.88
2019-05-02T18:14:00Z,209.89,209.95,209.85,209.923
2019-05-02T18:15:00Z,209.92,210,209.88,209.92
2019-05-02T18:16:00Z,209.92,210.07,209.9,210.0102
2019-05-02T18:17:00Z,210,210.22,209.95,210.19
2019-05-02T18:18:00Z,210.16,210.19,210.05,210.07
2019-05-02T18:19:00Z,210.08,210.1,209.87,209.8852
2019-05-02T18:20:00Z,209.89,209.96,209.81,209.9199
2019-05-02T18:21:00Z,209.9073,209.94,209.85,209.9
2019-05-02T18:22:00Z,209.8999,209.94,209.85,209.94
2019-05-02T18:23:00Z,209.94,210.04,209.93,209.98
2019-05-02T18:24:00Z,209.97,210.069,209.94,210
2019-05-02T18:25:00Z,209.99,210.02,209.92,209.95
2019-05-02T18:26:00Z,209.97,209.98,209.75,209.75
2019-05-02T18:27:00Z,209.78,209.82,209.63,209.65
2019-05-02T18:28:00Z,209.66,209.72,209.61,209.69
2019-05-02T18:29:00Z,209.7,209.74,209.56,209.6
2019-05-02T18:30:00Z,209.61,209.73,209.57,209.68
2019-05-02T18:31:00Z,209.7,209.76,209.65,209.72
2019-05-02T18:32:00Z,209.72,209.73,209.5,209.538
2019-05-02T18:33:00Z,209.55,209.6,209.49,209.5
2019-05-02T18:34:00Z,209.5104,209.63,209.51,209.54
2019-05-02T18:35:00Z,209.55,209.56,209.4,209.4
2019-05-02T18:36:00Z,209.4,209.46,209.37,209.43
2019-05-02T18:37:00Z,209.43,209.47,209.36,209.42
2019-05-02T18:38:00Z,209.42,209.56,209.42,209.55
2019-05-02T18:39:00Z,209.55,209.57,209.4097,209.5
2019-05-02T18:40:00Z,209.52,209.56,209.45,209.468
2019-05-02T18:41:00Z,209.44,209.4687,209.34,209.41
2019-05-02T18:42:00Z,209.42,209.49,209.4,209.475
2019-05-02T18:43:00Z,209.47,209.57,209.47,209.52
2019-05-02T18:44:00Z,209.53,209.6285,209.51,209.55
2019-05-02T18:45:00Z,209.55,209.63,209.51,209.63
2019-05-02T18:46:00Z,209.64,209.73,209.54,209.57
2019-05-02T18:47:00Z,209.57,209.574,209.43,209.47
2019-05-02T18:48:00Z,209.46,209.46,209.2,209.23
2019-05-02T18:49:00Z,209.22,209.3123,209.1897,209.23
2019-05-02T18:50:00Z,209.2123,209.2279,208.97,209.0001
2019-05-02T18:51:00Z,209.02,209.22,209.01,209.156
2019-05-02T18:52:00Z,209.15,209.28,209.08,209.18
2019-05-02T18:53:00Z,209.15,209.24,209.1477,209.1477
2019-05-02T18:54:00Z,209.156,209.24,209.13,209.2147
2019-05-02T18:55:00Z,209.21,209.44,209.2001,209.37
2019-05-02T18:56:00Z,209.3799,209.5,209.35,209.5
2019-05-02T18:57:00Z,209.4932,209.52,209.392,209.392
2019-05-02T18:58:00Z,209.4,209.5122,209.37,209.42
2019-05-02T18:59:00Z,209.42,209.49,209.38,209.4
2019-05-02T19:00:00Z,209.38,209.51,209.38,209.49
2019-05-02T19:01:00Z,209.46,209.46,209.26,209.26
2019-05-02T19:02:00Z,209.27,209.37,209.27,209.2801
2019-05-02T19:03:00Z,209.3,209.32,209.18,209.22
2019-05-02T19:04:00Z,209.22,209.4,209.22,209.39
2019-05-02T19:05:00Z,209.39,209.44,209.3201,209.3893
2019-05-02T19:06:00Z,209.39,209.53,209.28,209.3013
2019-05-02T19:07:00Z,209.329,209.33,209.1488,209.17
2019-05-02T19:08:00Z,209.2,209.32,209.19,209.23
2019-05-02T19:09:00Z,209.21,209.2133,209.08,209.12
2019-05-02T19:10:00Z,209.12,209.22,209.03,209.2
2019-05-02T19:11:00Z,209.26,209.36,209.21,209.2895
2019-05-02T19:12:00Z,209.27,209.47,209.26,209.37
2019-05-02T19:13:00Z,209.37,209.5,209.35,209.4301
2019-05-02T19:14:00Z,209.43,209.51,209.37,209.48
2019-05-02T19:15:00Z,209.45,209.68,209.41,209.67
2019-05-02T19:16:00Z,209.68,209.72,209.6,209.69
2019-05-02T19:17:00Z,209.7,209.7,209.56,209.615
2019-05-02T19:18:00Z,209.6,209.6,209.47,209.5
2019-05-02T19:19:00Z,209.5084,209.6,209.48,209.58
2019-05-02T19:20:00Z,209.56,209.8,209.55,209.6693
2019-05-02T19:21:00Z,209.68,209.74,209.64,209.68
2019-05-02T19:22:00Z,209.68,209.7361,209.59,209.7
2019-05-02T19:23:00Z,209.71,209.75,209.67,209.7
2019-05-02T19:24:00Z,209.68,209.8,209.68,209.75
2019-05-02T19:25:00Z,209.75,209.77,209.6303,209.7373
2019-05-02T19:26:00Z,209.75,209.9,209.75,209.8676
2019-05-02T19:27:00Z,209.88,209.88,209.7,209.71
2019-05-02T19:28:00Z,209.7062,209.82,209.6705,209.81
2019-05-02T19:29:00Z,209.81,209.86,209.69,209.7199
2019-05-02T19:30:00Z,209.7,209.7,209.54,209.61
2019-05-02T19:31:00Z,209.59,209.63,209.52,209.61
2019-05-02T19:32:00Z,209.61,209.6644,209.54,209.66
2019-05-02T19:33:00Z,209.66,209.7,209.47,209.47
2019-05-02T19:34:00Z,209.47,209.52,209.22,209.2839
2019-05-02T19:35:00Z,209.27,209.28,209.18,209.19
2019-05-02T19:36:00Z,209.21,209.23,209.05,209.0969
2019-05-02T19:37:00Z,209.1099,209.33,209.0657,209.29
2019-05-02T19:38:00Z,209.27,209.4,209.26,209.33
2019-05-02T19:39:00Z,209.35,209.46,209.32,209.351
2019-05-02T19:40:00Z,209.35,209.35,209.0786,209.11
2019-05-02T19:41:00Z,209.1,209.15,208.95,209.05
2019-05-02T19:42:00Z,209.0452,209.15,209,209.025
2019-05-02T19:43:00Z,209.0243,209.13,208.99,209.06
2019-05-02T19:44:00Z,209.06,209.25,209.05,209.19
2019-05-02T19:45:00Z,209.19,209.2,208.87,208.89
2019-05-02T19:46:00Z,208.9,208.98,208.75,208.85
2019-05-02T19:47:00Z,208.8669,208.88,208.67,208.82
2019-05-02T19:48:00Z,208.82,208.87,208.7,208.8
2019-05-02T19:49:00Z,208.7937,209.07,208.7937,208.9
2019-05-02T19:50:00Z,208.87,209.14,208.85,209.0456
2019-05-02T19:51:00Z,209.04,209.3,209.04,209.26
2019-05-02T19:52:00Z,209.26,209.35,209.07,209.16
2019-05-02T19:53:00Z,209.17,209.28,209.14,209.2
2019-05-02T19:54:00Z,209.2,209.37,208.91,209.02
2019-05-02T19:55:00Z,209.02,209.19,208.97,208.98
2019-05-02T19:56:00Z,208.98,209.04,208.87,209.04
2019-05-02T19:57:00Z,209.02,209.04,208.83,208.858
2019-05-02T19:58:00Z,208.85,208.98,208.8,208.925
2019-05-02T19:59:00Z,208.925,209.3,208.925,209.17
