2020-06-15T13:30:00Z,333.15,334.73,333.05,334.73
2020-06-15T13:31:00Z,334.76,335.75,333.9996,335.2429
2020-06-15T13:32:00Z,335.19,335.72,334.5,334.5884
2020-06-15T13:33:00Z,334.6,334.63,333.3401,333.54
2020-06-15T13:34:00Z,333.645,333.645,332.58,333.2775
2020-06-15T13:35:00Z,333.31,335.15,333.18,334.8
2020-06-15T13:36:00Z,334.965,335.88,334.91,335.7839
2020-06-15T13:37:00Z,335.72,336.57,335.58,336.4
2020-06-15T13:38:00Z,336.3995,336.3995,335.61,336
2020-06-15T13:39:00Z,335.95,336.8,335.95,336.27
2020-06-15T13:40:00Z,336.33,336.4,335.68,335.915
2020-06-15T13:41:00Z,335.92,336.18,335.4716,335.55
2020-06-15T13:42:00Z,335.5924,335.8,335.39,335.43
2020-06-15T13:43:00Z,335.4204,335.55,334.6389,334.73
2020-06-15T13:44:00Z,334.71,334.86,333.8441,333.91
2020-06-15T13:45:00Z,333.9,334.1,333.33,333.51
2020-06-15T13:46:00Z,333.511,333.89,333.26,333.26
2020-06-15T13:47:00Z,333.2732,333.9899,333.2732,333.64
2020-06-15T13:48:00Z,333.64,333.86,333.55,333.75
2020-06-15T13:49:00Z,333.71,333.71,333.0323,333.05
2020-06-15T13:50:00Z,333.06,333.62,332.73,333.5257
2020-06-15T13:51:00Z,333.56,333.93,333.32,333.45
2020-06-15T13:52:00Z,333.45,333.82,333,333.79
2020-06-15T13:53:00Z,333.82,334.67,333.775,334.58
2020-06-15T13:54:00Z,334.5938,335.13,334.56,334.94
2020-06-15T13:55:00Z,334.935,335.39,334.8,335.31
2020-06-15T13:56:00Z,335.326,335.59,335.05,335.42
2020-06-15T13:57:00Z,335.4544,335.5,334.89,334.91
2020-06-15T13:58:00Z,334.9435,335.66,334.74,335.62
2020-06-15T13:59:00Z,335.66,336.2179,335.59,336.1
2020-06-15T14:00:00Z,336.16,336.26,335.64,335.67
2020-06-15T14:01:00Z,335.71,336.26,335.64,336.04
2020-06-15T14:02:00Z,336.0809,336.36,335.83,335.9991
2020-06-15T14:03:00Z,335.9999,336.47,335.69,336.47
2020-06-15T14:04:00Z,336.45,336.859,336.43,336.527
2020-06-15T14:05:00Z,336.5286,336.9,336.41,336.79
2020-06-15T14:06:00Z,336.7601,337.13,336.64,337.09
2020-06-15T14:07:00Z,337.11,337.17,336.58,336.64
2020-06-15T14:08:00Z,336.6599,337.27,336.6,337.1
2020-06-15T14:09:00Z,337.13,337.645,337.03,337.47
2020-06-15T14:10:00Z,337.49,337.55,336.98,337.23
2020-06-15T14:11:00Z,337.21,337.585,336.97,336.99
2020-06-15T14:12:00Z,336.97,336.99,336.48,336.7662
2020-06-15T14:13:00Z,336.8,337.15,336.72,336.96
2020-06-15T14:14:00Z,337,337.2092,336.5,336.52
2020-06-15T14:15:00Z,336.52,336.6099,336.09,336.24
2020-06-15T14:16:00Z,336.2138,336.3749,335.8801,335.9267
2020-06-15T14:17:00Z,335.94,336.6399,335.935,336.6
2020-06-15T14:18:00Z,336.615,336.91,336.168,336.31
2020-06-15T14:19:00Z,336.32,336.86,336.315,336.8
2020-06-15T14:20:00Z,336.76,336.8599,336.38,336.48
2020-06-15T14:21:00Z,336.5,337.18,336.34,336.93
2020-06-15T14:22:00Z,336.9567,337,336.0794,336.1717
2020-06-15T14:23:00Z,336.15,336.4,335.97,336.29
2020-06-15T14:24:00Z,336.28,336.7676,336.12,336.16
2020-06-15T14:25:00Z,336.14,336.74,336.11,336.21
2020-06-15T14:26:00Z,336.2131,336.43,336.04,336.165
2020-06-15T14:27:00Z,336.17,336.32,335.37,335.7132
2020-06-15T14:28:00Z,335.72,335.88,335.49,335.7101
2020-06-15T14:29:00Z,335.73,335.775,335.5,335.52
2020-06-15T14:30:00Z,335.5,335.5,334.89,335.115
2020-06-15T14:31:00Z,335.1399,335.445,335.12,335.42
2020-06-15T14:32:00Z,335.44,335.885,335.4355,335.88
2020-06-15T14:33:00Z,335.88,336.16,335.71,336.13
2020-06-15T14:34:00Z,336.16,336.3994,335.84,336.33
2020-06-15T14:35:00Z,336.32,336.42,335.4301,335.56
2020-06-15T14:36:00Z,335.54,335.62,335.1701,335.591
2020-06-15T14:37:00Z,335.6,336.16,335.6,335.79
2020-06-15T14:38:00Z,335.7868,335.83,335.36,335.535
2020-06-15T14:39:00Z,335.5999,335.8599,335.18,335.1808
2020-06-15T14:40:00Z,335.16,335.17,334.4,334.49
2020-06-15T14:41:00Z,334.48,334.92,334.44,334.745
2020-06-15T14:42:00Z,334.77,335.15,334.72,334.92
2020-06-15T14:43:00Z,334.9144,335.12,334.81,335.08
2020-06-15T14:44:00Z,335.1,335.39,335.05,335.39
2020-06-15T14:45:00Z,335.34,335.62,335.15,335.595
2020-06-15T14:46:00Z,335.6,336.27,335.5082,336.2464
2020-06-15T14:47:00Z,336.24,336.41,335.96,336.34
2020-06-15T14:48:00Z,336.4,336.5,336.11,336.215
2020-06-15T14:49:00Z,336.19,336.26,335.93,336.08
2020-06-15T14:50:00Z,336.07,336.0999,335.6,335.79
2020-06-15T14:51:00Z,335.82,336.253,335.82,336.01
2020-06-15T14:52:00Z,336.06,336.41,335.79,336.38
2020-06-15T14:53:00Z,336.34,336.46,336.214,336.33
2020-06-15T14:54:00Z,336.3346,336.45,336.2,336.2201
2020-06-15T14:55:00Z,336.24,336.69,336.041,336.59
2020-06-15T14:56:00Z,336.625,336.6899,336.3,336.45
2020-06-15T14:57:00Z,336.45,336.52,335.93,336.115
2020-06-15T14:58:00Z,336.115,336.38,335.61,335.64
2020-06-15T14:59:00Z,335.67,335.72,335.41,335.59
2020-06-15T15:00:00Z,335.57,335.79,335.4401,335.79
2020-06-15T15:01:00Z,335.78,336.28,335.78,336.2
2020-06-15T15:02:00Z,336.25,336.65,336.25,336.53
2020-06-15T15:03:00Z,336.56,337.185,336.4301,337.045
2020-06-15T15:04:00Z,337.05,337.37,336.7934,337.33
2020-06-15T15:05:00Z,337.33,337.43,337.02,337.4
2020-06-15T15:06:00Z,337.43,337.44,336.9,336.9
2020-06-15T15:07:00Z,336.8945,337.24,336.86,337.04
2020-06-15T15:08:00Z,337.1,337.48,336.8301,337.46
2020-06-15T15:09:00Z,337.46,337.64,337.2,337.56
2020-06-15T15:10:00Z,337.6099,337.79,337.22,337.2955
2020-06-15T15:11:00Z,337.3,337.33,336.7,336.8743
2020-06-15T15:12:00Z,336.89,337.27,336.81,337.27
2020-06-15T15:13:00Z,337.28,337.6997,337.28,337.53
2020-06-15T15:14:00Z,337.52,337.5799,337.31,337.4391
2020-06-15T15:15:00Z,337.41,337.44,333.93,336.73
2020-06-15T15:16:00Z,336.75,336.93,336.48,336.88
2020-06-15T15:17:00Z,336.9,337.17,336.86,336.9562
2020-06-15T15:18:00Z,336.91,337.1599,336.8,336.92
2020-06-15T15:19:00Z,336.96,337.12,336.48,336.7903
2020-06-15T15:20:00Z,336.82,337.07,336.58,336.8948
2020-06-15T15:21:00Z,336.885,336.8899,336.51,336.73
2020-06-15T15:22:00Z,336.75,337.175,336.6,336.9
2020-06-15T15:23:00Z,336.895,337.18,336.79,337.16
2020-06-15T15:24:00Z,337.18,337.8,337.18,337.69
2020-06-15T15:25:00Z,337.705,337.75,337.12,337.43
2020-06-15T15:26:00Z,337.42,337.42,336.65,336.69
2020-06-15T15:27:00Z,336.68,337.06,336.56,336.9401
2020-06-15T15:28:00Z,337.01,337.4934,336.93,337.43
2020-06-15T15:29:00Z,337.45,337.53,336.94,337.22
2020-06-15T15:30:00Z,337.17,337.7,336.8607,336.96
2020-06-15T15:31:00Z,336.99,337.22,336.68,336.69
2020-06-15T15:32:00Z,336.68,337.43,336.63,337.305
2020-06-15T15:33:00Z,337.34,337.7,337.245,337.62
2020-06-15T15:34:00Z,337.61,337.67,337.07,337.14
2020-06-15T15:35:00Z,337.185,337.6,337.09,337.58
2020-06-15T15:36:00Z,337.59,337.59,337.18,337.53
2020-06-15T15:37:00Z,337.56,337.91,337.399,337.8832
2020-06-15T15:38:00Z,337.8786,337.9,337.68,337.7357
2020-06-15T15:39:00Z,337.7329,337.86,337.52,337.587
2020-06-15T15:40:00Z,337.64,337.9,337.56,337.7902
2020-06-15T15:41:00Z,337.79,337.82,337.58,337.6998
2020-06-15T15:42:00Z,337.725,337.75,337.37,337.39
2020-06-15T15:43:00Z,337.36,337.61,337.13,337.16
2020-06-15T15:44:00Z,337.14,337.18,336.96,337.105
2020-06-15T15:45:00Z,337.14,337.72,337.0891,337.16
2020-06-15T15:46:00Z,337.15,337.38,337.04,337.226
2020-06-15T15:47:00Z,337.29,337.58,337.26,337.35
2020-06-15T15:48:00Z,337.38,337.46,337.27,337.31
2020-06-15T15:49:00Z,337.295,337.5,337.28,337.4394
2020-06-15T15:50:00Z,337.42,337.5,337.05,337.48
2020-06-15T15:51:00Z,337.48,337.8,337.345,337.54
2020-06-15T15:52:00Z,337.53,337.6437,337.32,337.32
2020-06-15T15:53:00Z,337.3325,337.35,336.8806,336.89
2020-06-15T15:54:00Z,336.92,337.09,336.62,336.76
2020-06-15T15:55:00Z,336.79,337.0839,336.79,336.9201
2020-06-15T15:56:00Z,336.89,337.23,336.89,337.19
2020-06-15T15:57:00Z,337.19,337.45,337.1601,337.3001
2020-06-15T15:58:00Z,337.28,337.89,337.28,337.74
2020-06-15T15:59:00Z,337.7,337.779,337.46,337.58
2020-06-15T16:00:00Z,337.5671,337.6545,337.36,337.62
2020-06-15T16:01:00Z,337.5901,338.47,337.5901,338.38
2020-06-15T16:02:00Z,338.4,338.65,338.12,338.57
2020-06-15T16:03:00Z,338.5999,338.9,338.5679,338.9
2020-06-15T16:04:00Z,338.87,339.38,338.815,339.1
2020-06-15T16:05:00Z,339.11,339.195,338.94,339.09
2020-06-15T16:06:00Z,339.06,339.09,338.81,338.965
2020-06-15T16:07:00Z,338.98,339.345,338.91,339.345
2020-06-15T16:08:00Z,339.39,339.45,339.01,339.1199
2020-06-15T16:09:00Z,339.085,339.2118,339.04,339.1847
2020-06-15T16:10:00Z,339.2,339.2734,338.965,339.06
2020-06-15T16:11:00Z,339.05,339.05,338.64,338.6616
2020-06-15T16:12:00Z,338.67,338.81,338.545,338.6699
2020-06-15T16:13:00Z,338.71,338.8599,338.6801,338.7787
2020-06-15T16:14:00Z,338.77,338.91,338.43,338.52
2020-06-15T16:15:00Z,338.5357,338.8,338.5352,338.65
2020-06-15T16:16:00Z,338.67,338.91,338.5401,338.775
2020-06-15T16:17:00Z,338.81,339.02,338.77,338.95
2020-06-15T16:18:00Z,339,339.5,339,339.335
2020-06-15T16:19:00Z,339.3334,339.55,339.25,339.3498
2020-06-15T16:20:00Z,339.345,339.345,339.05,339.2
2020-06-15T16:21:00Z,339.24,339.5,339.21,339.43
2020-06-15T16:22:00Z,339.42,339.6,339.28,339.5601
2020-06-15T16:23:00Z,339.5873,339.66,339.5,339.6101
2020-06-15T16:24:00Z,339.68,339.85,339.51,339.8
2020-06-15T16:25:00Z,339.7975,339.88,339.55,339.7699
2020-06-15T16:26:00Z,339.7767,339.86,339.6667,339.7801
2020-06-15T16:27:00Z,339.8229,339.905,339.69,339.69
2020-06-15T16:28:00Z,339.7,339.725,339.32,339.6
2020-06-15T16:29:00Z,339.625,339.625,339.28,339.38
2020-06-15T16:30:00Z,339.38,339.4,339.17,339.33
2020-06-15T16:31:00Z,339.3799,339.555,338.99,339
2020-06-15T16:32:00Z,339,339.1853,338.87,339.05
2020-06-15T16:33:00Z,339.055,339.42,339.055,339.195
2020-06-15T16:34:00Z,339.21,339.29,339,339.14
2020-06-15T16:35:00Z,339.14,339.5999,339.14,339.59
2020-06-15T16:36:00Z,339.55,339.7,339.23,339.4017
2020-06-15T16:37:00Z,339.37,339.46,339.06,339.074
2020-06-15T16:38:00Z,339.075,339.1799,338.85,339.13
2020-06-15T16:39:00Z,339.1499,339.32,339.05,339.305
2020-06-15T16:40:00Z,339.3,339.44,338.97,339.42
2020-06-15T16:41:00Z,339.4,339.4199,339.17,339.3
2020-06-15T16:42:00Z,339.32,339.5,339.32,339.5
2020-06-15T16:43:00Z,339.49,339.62,339.23,339.525
2020-06-15T16:44:00Z,339.62,339.65,339.43,339.455
2020-06-15T16:45:00Z,339.46,339.5697,339.29,339.37
2020-06-15T16:46:00Z,339.37,339.6211,339.32,339.6211
2020-06-15T16:47:00Z,339.6399,340.09,339.628,339.99
2020-06-15T16:48:00Z,339.99,340.27,339.95,340.23
2020-06-15T16:49:00Z,340.2599,340.2988,340.1188,340.1188
2020-06-15T16:50:00Z,340.1226,340.16,339.8362,339.97
2020-06-15T16:51:00Z,339.98,339.98,339.64,339.77
2020-06-15T16:52:00Z,339.77,339.78,339.48,339.53
2020-06-15T16:53:00Z,339.53,339.8465,339.53,339.83
2020-06-15T16:54:00Z,339.81,339.8999,339.6,339.67
2020-06-15T16:55:00Z,339.6,339.61,339.36,339.37
2020-06-15T16:56:00Z,339.39,339.44,339.21,339.425
2020-06-15T16:57:00Z,339.4356,339.66,339.28,339.4362
2020-06-15T16:58:00Z,339.44,339.78,339.41,339.76
2020-06-15T16:59:00Z,339.79,339.86,339.69,339.8277
2020-06-15T17:00:00Z,339.86,339.9064,339.64,339.68
2020-06-15T17:01:00Z,339.7,339.71,339.34,339.54
2020-06-15T17:02:00Z,339.54,339.6,339.03,339.0901
2020-06-15T17:03:00Z,339.1,339.56,339,339.49
2020-06-15T17:04:00Z,339.5032,339.8,339.501,339.7
2020-06-15T17:05:00Z,339.72,339.73,339.2001,339.2001
2020-06-15T17:06:00Z,339.21,339.42,339.1501,339.325
2020-06-15T17:07:00Z,339.35,339.4899,339.3,339.33
2020-06-15T17:08:00Z,339.33,339.48,339.33,339.4
2020-06-15T17:09:00Z,339.3899,339.86,339.37,339.8317
2020-06-15T17:10:00Z,339.835,340.08,339.7206,339.83
2020-06-15T17:11:00Z,339.83,339.93,339.6401,339.73
2020-06-15T17:12:00Z,339.7345,339.81,339.54,339.79
2020-06-15T17:13:00Z,339.805,339.99,339.69,339.97
2020-06-15T17:14:00Z,339.96,340.1,339.88,340.1
2020-06-15T17:15:00Z,340.1,340.26,340.0301,340.05
2020-06-15T17:16:00Z,340.09,340.2383,340.05,340.22
2020-06-15T17:17:00Z,340.22,340.6099,340.21,340.54
2020-06-15T17:18:00Z,340.555,340.555,340.03,340.0688
2020-06-15T17:19:00Z,340.085,340.175,339.84,339.855
2020-06-15T17:20:00Z,339.8675,340.1699,339.86,340.11
2020-06-15T17:21:00Z,340.095,340.149,339.78,339.85
2020-06-15T17:22:00Z,339.89,339.9044,339.51,339.735
2020-06-15T17:23:00Z,339.7254,339.9399,339.68,339.79
2020-06-15T17:24:00Z,339.83,340,339.71,339.75
2020-06-15T17:25:00Z,339.76,339.85,339.44,339.57
2020-06-15T17:26:00Z,339.61,339.823,339.48,339.715
2020-06-15T17:27:00Z,339.73,339.95,339.6594,339.6594
2020-06-15T17:28:00Z,339.7,339.92,339.68,339.765
2020-06-15T17:29:00Z,339.78,339.78,339.433,339.6
2020-06-15T17:30:00Z,339.57,339.82,339.49,339.67
2020-06-15T17:31:00Z,339.7,339.835,339.54,339.57
2020-06-15T17:32:00Z,339.54,339.87,339.54,339.86
2020-06-15T17:33:00Z,339.84,339.9,339.72,339.878
2020-06-15T17:34:00Z,339.885,340.0099,339.7805,339.8221
2020-06-15T17:35:00Z,339.8215,340.16,339.8215,340.13
2020-06-15T17:36:00Z,340.14,340.3099,340.06,340.26
2020-06-15T17:37:00Z,340.24,340.46,340.1681,340.3264
2020-06-15T17:38:00Z,340.35,340.3598,339.85,340.26
2020-06-15T17:39:00Z,340.23,340.49,340.23,340.32
2020-06-15T17:40:00Z,340.3,340.4289,340.1621,340.36
2020-06-15T17:41:00Z,340.38,340.4086,340.25,340.26
2020-06-15T17:42:00Z,340.3,340.3,339.95,340.05
2020-06-15T17:43:00Z,340.0999,340.19,339.89,339.9
2020-06-15T17:44:00Z,339.88,339.95,339.68,339.9408
2020-06-15T17:45:00Z,339.92,339.95,339.65,339.65
2020-06-15T17:46:00Z,339.7,340.06,339.68,339.7682
2020-06-15T17:47:00Z,339.775,339.85,339.6601,339.6976
2020-06-15T17:48:00Z,339.72,339.9799,339.6715,339.88
2020-06-15T17:49:00Z,339.88,340.23,339.86,340.1633
2020-06-15T17:50:00Z,340.15,340.54,340.13,340.46
2020-06-15T17:51:00Z,340.45,340.82,340.43,340.73
2020-06-15T17:52:00Z,340.7505,340.8,340.58,340.6604
2020-06-15T17:53:00Z,340.67,340.75,340.47,340.7056
2020-06-15T17:54:00Z,340.72,340.74,340.48,340.49
2020-06-15T17:55:00Z,340.5283,340.74,340.46,340.67
2020-06-15T17:56:00Z,340.64,341.08,340.5,340.72
2020-06-15T17:57:00Z,340.71,340.98,340.6899,340.9401
2020-06-15T17:58:00Z,340.965,341.06,340.8448,340.875
2020-06-15T17:59:00Z,340.86,340.97,340.7807,340.88
2020-06-15T18:00:00Z,340.92,342.27,340.89,341.8
2020-06-15T18:01:00Z,341.83,342.4588,341.76,342.27
2020-06-15T18:02:00Z,342.2402,342.62,341.8,342.56
2020-06-15T18:03:00Z,342.56,342.94,342.44,342.8512
2020-06-15T18:04:00Z,342.8799,343.37,342.7901,342.815
2020-06-15T18:05:00Z,342.79,342.94,342.33,342.8
2020-06-15T18:06:00Z,342.825,343.42,342.57,343.39
2020-06-15T18:07:00Z,343.42,343.88,343.38,343.855
2020-06-15T18:08:00Z,343.8799,344.17,343.61,344.06
2020-06-15T18:09:00Z,344.065,344.16,343.28,343.32
2020-06-15T18:10:00Z,343.2838,343.84,343.19,343.6036
2020-06-15T18:11:00Z,343.65,343.65,343.1,343.3035
2020-06-15T18:12:00Z,343.315,343.77,343.21,343.7284
2020-06-15T18:13:00Z,343.7,343.83,343.17,343.44
2020-06-15T18:14:00Z,343.4699,343.47,342.91,343.37
2020-06-15T18:15:00Z,343.32,343.88,343.29,343.805
2020-06-15T18:16:00Z,343.81,343.97,343.59,343.78
2020-06-15T18:17:00Z,343.8006,344.41,343.69,344.1676
2020-06-15T18:18:00Z,344.19,344.68,344.14,344.5978
2020-06-15T18:19:00Z,344.56,344.5652,343.965,344.3625
2020-06-15T18:20:00Z,344.3299,344.59,344.14,344.345
2020-06-15T18:21:00Z,344.3627,344.6,344.16,344.26
2020-06-15T18:22:00Z,344.2762,344.2894,343.82,343.82
2020-06-15T18:23:00Z,343.88,344.2,343.72,343.95
2020-06-15T18:24:00Z,343.955,344.4051,343.81,344.3899
2020-06-15T18:25:00Z,344.39,344.574,344.24,344.5614
2020-06-15T18:26:00Z,344.51,344.56,344.25,344.44
2020-06-15T18:27:00Z,344.4401,344.54,344.0301,344.1271
2020-06-15T18:28:00Z,344.14,344.14,343.82,344.07
2020-06-15T18:29:00Z,344.0618,344.26,343.9701,344.2001
2020-06-15T18:30:00Z,344.21,344.61,343.9,343.95
2020-06-15T18:31:00Z,344.0199,344.13,343.16,343.605
2020-06-15T18:32:00Z,343.66,344.215,343.55,344.0304
2020-06-15T18:33:00Z,344.03,344.43,344.02,344.12
2020-06-15T18:34:00Z,344.1001,344.2,343.85,344
2020-06-15T18:35:00Z,344.11,344.5699,344.11,344.2299
2020-06-15T18:36:00Z,344.22,344.35,343.88,344.2581
2020-06-15T18:37:00Z,344.27,344.38,344.08,344.32
2020-06-15T18:38:00Z,344.29,344.35,343.97,344.17
2020-06-15T18:39:00Z,344.19,344.31,343.97,344.14
2020-06-15T18:40:00Z,344.155,344.57,344.04,344.43
2020-06-15T18:41:00Z,344.4,344.66,344.11,344.48
2020-06-15T18:42:00Z,344.51,344.73,344.37,344.5898
2020-06-15T18:43:00Z,344.5678,344.68,344.41,344.56
2020-06-15T18:44:00Z,344.59,344.68,344.07,344.235
2020-06-15T18:45:00Z,344.235,344.77,344.235,344.61
2020-06-15T18:46:00Z,344.6285,344.75,344.34,344.68
2020-06-15T18:47:00Z,344.7015,344.705,344.41,344.43
2020-06-15T18:48:00Z,344.4,344.75,344.3,344.43
2020-06-15T18:49:00Z,344.46,344.77,344.21,344.55
2020-06-15T18:50:00Z,344.555,344.8,344.5501,344.69
2020-06-15T18:51:00Z,344.73,344.7699,344.25,344.2784
2020-06-15T18:52:00Z,344.2842,344.42,344.06,344.2757
2020-06-15T18:53:00Z,344.28,344.44,344.15,344.225
2020-06-15T18:54:00Z,344.2499,344.43,344.2,344.29
2020-06-15T18:55:00Z,344.285,344.58,344.1901,344.46
2020-06-15T18:56:00Z,344.5,344.55,344.07,344.11
2020-06-15T18:57:00Z,344.06,344.4,344.06,344.21
2020-06-15T18:58:00Z,344.2211,344.45,344.125,344.3
2020-06-15T18:59:00Z,344.27,344.28,344.05,344.16
2020-06-15T19:00:00Z,344.14,344.27,344.09,344.19
2020-06-15T19:01:00Z,344.185,344.4,344.1,344.4
2020-06-15T19:02:00Z,344.4,344.75,344.4,344.48
2020-06-15T19:03:00Z,344.48,344.78,344.48,344.644
2020-06-15T19:04:00Z,344.64,344.67,344.4,344.52
2020-06-15T19:05:00Z,344.49,344.49,344.01,344.0332
2020-06-15T19:06:00Z,344.0338,344.26,343.87,344.217
2020-06-15T19:07:00Z,344.2144,344.37,344.0111,344.0402
2020-06-15T19:08:00Z,344.03,344.28,343.97,344.18
2020-06-15T19:09:00Z,344.1776,344.1776,343.73,343.9967
2020-06-15T19:10:00Z,344.03,344.3,344.025,344.3
2020-06-15T19:11:00Z,344.322,344.45,344.294,344.4
2020-06-15T19:12:00Z,344.405,344.45,344.101,344.12
2020-06-15T19:13:00Z,344.12,344.125,343.79,343.96
2020-06-15T19:14:00Z,343.93,344.16,343.8701,343.9501
2020-06-15T19:15:00Z,343.96,344.2,343.76,344.0945
2020-06-15T19:16:00Z,344.1075,344.1075,343.87,344.03
2020-06-15T19:17:00Z,344.05,344.09,343.66,343.86
2020-06-15T19:18:00Z,343.86,343.99,343.41,343.4444
2020-06-15T19:19:00Z,343.46,343.54,343.2,343.24
2020-06-15T19:20:00Z,343.24,343.43,343.2,343.3
2020-06-15T19:21:00Z,343.29,343.36,342.22,342.4691
2020-06-15T19:22:00Z,342.49,343.06,342.47,343.0218
2020-06-15T19:23:00Z,343.08,343.24,342.91,343.2217
2020-06-15T19:24:00Z,343.19,343.38,343.01,343.33
2020-06-15T19:25:00Z,343.32,343.6251,343.32,343.4161
2020-06-15T19:26:00Z,343.39,343.39,342.87,342.9199
2020-06-15T19:27:00Z,342.9,343.16,342.83,343.02
2020-06-15T19:28:00Z,342.99,343.17,342.77,342.9
2020-06-15T19:29:00Z,342.89,343.05,342.5,342.55
2020-06-15T19:30:00Z,342.5717,342.85,342.24,342.24
2020-06-15T19:31:00Z,342.2799,342.34,341.71,341.91
2020-06-15T19:32:00Z,341.9,342.03,341.63,341.93
2020-06-15T19:33:00Z,341.93,341.98,341.57,341.8736
2020-06-15T19:34:00Z,341.84,341.84,341.3002,341.6337
2020-06-15T19:35:00Z,341.59,341.9,341.23,341.8893
2020-06-15T19:36:00Z,341.885,342.05,341.19,341.58
2020-06-15T19:37:00Z,341.5509,341.81,341.3,341.81
2020-06-15T19:38:00Z,341.81,342.4,341.72,342.35
2020-06-15T19:39:00Z,342.27,342.339,341.9399,341.9399
2020-06-15T19:40:00Z,341.9298,342.106,341.2712,341.56
2020-06-15T19:41:00Z,341.576,341.69,341.3,341.44
2020-06-15T19:42:00Z,341.43,342.04,341.36,342.01
2020-06-15T19:43:00Z,342.01,342.3331,341.75,342.0999
2020-06-15T19:44:00Z,342.075,342.29,341.95,342.1016
2020-06-15T19:45:00Z,342.06,342.56,341.86,342.14
2020-06-15T19:46:00Z,342.14,342.29,341.8201,342.2799
2020-06-15T19:47:00Z,342.28,342.48,342.2117,342.42
2020-06-15T19:48:00Z,342.44,342.46,342.06,342.146
2020-06-15T19:49:00Z,342.14,342.93,341.89,342.12
2020-06-15T19:50:00Z,342.15,342.39,341.5,342.115
2020-06-15T19:51:00Z,342.13,342.67,342,342.67
2020-06-15T19:52:00Z,342.65,342.78,342.33,342.66
2020-06-15T19:53:00Z,342.63,342.83,342.345,342.605
2020-06-15T19:54:00Z,342.635,342.68,342.07,342.0899
2020-06-15T19:55:00Z,342.1,342.87,342.1,342.62
2020-06-15T19:56:00Z,342.6,342.95,342.43,342.79
2020-06-15T19:57:00Z,342.78,342.8099,342.34,342.65
2020-06-15T19:58:00Z,342.665,343,342.2827,342.41
2020-06-15T19:59:00Z,342.41,345.68,342.41,343.07
