2019-09-09T13:30:00Z,214.84,214.8633,214.4249,214.71
2019-09-09T13:31:00Z,214.71,215.12,214.67,215.12
2019-09-09T13:32:00Z,215.1,215.45,215.08,215.41
2019-09-09T13:33:00Z,215.43,215.46,215.22,215.39
2019-09-09T13:34:00Z,215.38,215.39,214.77,215.1801
2019-09-09T13:35:00Z,215.19,215.31,214.92,215.1474
2019-09-09T13:36:00Z,215.13,215.28,215.02,215.2
2019-09-09T13:37:00Z,215.2,215.345,215.158,215.22
2019-09-09T13:38:00Z,215.21,215.235,215.06,215.21
2019-09-09T13:39:00Z,215.22,215.355,215.155,215.3249
2019-09-09T13:40:00Z,215.34,215.7163,215.28,215.71
2019-09-09T13:41:00Z,215.705,215.92,215.68,215.9
2019-09-09T13:42:00Z,215.91,215.9868,215.87,215.942
2019-09-09T13:43:00Z,215.94,215.94,215.63,215.715
2019-09-09T13:44:00Z,215.72,215.81,215.67,215.78
2019-09-09T13:45:00Z,215.78,215.92,215.6301,215.88
2019-09-09T13:46:00Z,215.88,215.895,215.69,215.73
2019-09-09T13:47:00Z,215.725,215.7399,215.54,215.57
2019-09-09T13:48:00Z,215.565,215.565,215.34,215.53
2019-09-09T13:49:00Z,215.525,215.62,215.49,215.6
2019-09-09T13:50:00Z,215.6,215.89,215.57,215.735
2019-09-09T13:51:00Z,215.76,215.92,215.76,215.89
2019-09-09T13:52:00Z,215.883,216.01,215.84,215.9423
2019-09-09T13:53:00Z,215.945,216.0399,215.54,215.56
2019-09-09T13:54:00Z,215.565,215.66,215.55,215.59
2019-09-09T13:55:00Z,215.6,215.76,215.51,215.5111
2019-09-09T13:56:00Z,215.51,215.52,215.11,215.31
2019-09-09T13:57:00Z,215.31,215.4215,215.2297,215.36
2019-09-09T13:58:00Z,215.3721,215.395,215.2,215.24
2019-09-09T13:59:00Z,215.24,215.29,215.1599,215.215
2019-09-09T14:00:00Z,215.21,215.44,215.21,215.4176
2019-09-09T14:01:00Z,215.4187,215.42,215.18,215.26
2019-09-09T14:02:00Z,215.26,215.32,215.15,215.32
2019-09-09T14:03:00Z,215.3164,215.48,215.29,215.32
2019-09-09T14:04:00Z,215.31,215.42,215.31,215.36
2019-09-09T14:05:00Z,215.37,215.38,215.22,215.26
2019-09-09T14:06:00Z,215.26,215.38,215.24,215.3048
2019-09-09T14:07:00Z,215.29,215.32,215.21,215.26
2019-09-09T14:08:00Z,215.27,215.33,215.22,215.31
2019-09-09T14:09:00Z,215.32,215.34,215.22,215.22
2019-09-09T14:10:00Z,215.21,215.25,215.07,215.0966
2019-09-09T14:11:00Z,215.11,215.11,214.92,214.996
2019-09-09T14:12:00Z,214.995,215.29,214.985,215.2862
2019-09-09T14:13:00Z,215.2802,215.34,215.22,215.27
2019-09-09T14:14:00Z,215.26,215.32,215.05,215.12
2019-09-09T14:15:00Z,215.1065,215.21,215.1065,215.14
2019-09-09T14:16:00Z,215.15,215.26,215.1,215.1601
2019-09-09T14:17:00Z,215.16,215.17,215.0469,215.09
2019-09-09T14:18:00Z,215.09,215.17,215.0835,215.09
2019-09-09T14:19:00Z,215.08,215.08,214.95,214.95
2019-09-09T14:20:00Z,214.96,215.03,214.8643,214.88
2019-09-09T14:21:00Z,214.88,214.95,214.64,214.6684
2019-09-09T14:22:00Z,214.66,214.91,214.64,214.856
2019-09-09T14:23:00Z,214.8521,215.08,214.805,215.0699
2019-09-09T14:24:00Z,215.0635,215.33,215.01,215.31
2019-09-09T14:25:00Z,215.29,215.34,215.22,215.29
2019-09-09T14:26:00Z,215.27,215.29,215.13,215.22
2019-09-09T14:27:00Z,215.24,215.27,215.09,215.09
2019-09-09T14:28:00Z,215.1,215.18,215.05,215.14
2019-09-09T14:29:00Z,215.1599,215.1699,215.04,215.12
2019-09-09T14:30:00Z,215.13,215.2101,215.11,215.15
2019-09-09T14:31:00Z,215.14,215.19,215.08,215.09
2019-09-09T14:32:00Z,215.06,215.07,215,215.0457
2019-09-09T14:33:00Z,215.04,215.08,214.94,215.08
2019-09-09T14:34:00Z,215.08,215.13,215.02,215.105
2019-09-09T14:35:00Z,215.1,215.1,214.98,214.99
2019-09-09T14:36:00Z,214.99,215.05,214.97,215.0384
2019-09-09T14:37:00Z,215.03,215.08,215,215.05
2019-09-09T14:38:00Z,215.06,215.09,214.97,214.97
2019-09-09T14:39:00Z,214.97,215.01,214.91,215.01
2019-09-09T14:40:00Z,215,215.02,214.93,215
2019-09-09T14:41:00Z,214.99,215.05,214.94,214.99
2019-09-09T14:42:00Z,214.98,215.04,214.94,215.01
2019-09-09T14:43:00Z,215.005,215.18,215.005,215.108
2019-09-09T14:44:00Z,215.11,215.2,215.1,215.17
2019-09-09T14:45:00Z,215.18,215.305,215.17,215.21
2019-09-09T14:46:00Z,215.23,215.24,215.15,215.1982
2019-09-09T14:47:00Z,215.19,215.24,215.175,215.19
2019-09-09T14:48:00Z,215.19,215.21,215.17,215.19
2019-09-09T14:49:00Z,215.19,215.31,215.19,215.29
2019-09-09T14:50:00Z,215.31,215.35,215.275,215.3104
2019-09-09T14:51:00Z,215.315,215.37,215.31,215.31
2019-09-09T14:52:00Z,215.311,215.3497,215.26,215.27
2019-09-09T14:53:00Z,215.26,215.27,215.2,215.245
2019-09-09T14:54:00Z,215.25,215.29,215.18,215.21
2019-09-09T14:55:00Z,215.205,215.23,215.17,215.2068
2019-09-09T14:56:00Z,215.19,215.2,215.15,215.18
2019-09-09T14:57:00Z,215.18,215.28,215.17,215.28
2019-09-09T14:58:00Z,215.28,215.34,215.263,215.275
2019-09-09T14:59:00Z,215.275,215.39,215.275,215.32
2019-09-09T15:00:00Z,215.33,215.4,215.28,215.37
2019-09-09T15:01:00Z,215.375,215.435,215.375,215.41
2019-09-09T15:02:00Z,215.42,215.455,215.37,215.37
2019-09-09T15:03:00Z,215.375,215.38,215.2,215.21
2019-09-09T15:04:00Z,215.23,215.3,215.18,215.28
2019-09-09T15:05:00Z,215.29,215.4,215.29,215.355
2019-09-09T15:06:00Z,215.355,215.4,215.35,215.39
2019-09-09T15:07:00Z,215.39,215.43,215.38,215.41
2019-09-09T15:08:00Z,215.42,215.465,215.38,215.455
2019-09-09T15:09:00Z,215.4516,215.66,215.44,215.66
2019-09-09T15:10:00Z,215.67,215.69,215.58,215.585
2019-09-09T15:11:00Z,215.585,215.61,215.55,215.585
2019-09-09T15:12:00Z,215.57,215.7357,215.57,215.7167
2019-09-09T15:13:00Z,215.72,215.88,215.72,215.85
2019-09-09T15:14:00Z,215.83,215.84,215.71,215.72
2019-09-09T15:15:00Z,215.73,215.77,215.685,215.72
2019-09-09T15:16:00Z,215.73,215.8,215.726,215.8
2019-09-09T15:17:00Z,215.78,215.78,215.7,215.75
2019-09-09T15:18:00Z,215.75,215.855,215.75,215.8131
2019-09-09T15:19:00Z,215.81,215.885,215.81,215.835
2019-09-09T15:20:00Z,215.84,215.93,215.84,215.92
2019-09-09T15:21:00Z,215.92,215.92,215.86,215.89
2019-09-09T15:22:00Z,215.875,215.905,215.86,215.875
2019-09-09T15:23:00Z,215.88,215.88,215.83,215.865
2019-09-09T15:24:00Z,215.865,215.92,215.84,215.8853
2019-09-09T15:25:00Z,215.885,216.02,215.86,215.95
2019-09-09T15:26:00Z,215.95,216.1606,215.95,216.1555
2019-09-09T15:27:00Z,216.1538,216.27,216.13,216.21
2019-09-09T15:28:00Z,216.21,216.39,216.195,216.375
2019-09-09T15:29:00Z,216.37,216.44,216.3,216.39
2019-09-09T15:30:00Z,216.38,216.38,216.21,216.28
2019-09-09T15:31:00Z,216.26,216.3,216.24,216.29
2019-09-09T15:32:00Z,216.28,216.28,216.19,216.273
2019-09-09T15:33:00Z,216.26,216.27,216.21,216.21
2019-09-09T15:34:00Z,216.2041,216.21,216.11,216.1801
2019-09-09T15:35:00Z,216.19,216.254,216.18,216.2061
2019-09-09T15:36:00Z,216.21,216.23,216.18,216.205
2019-09-09T15:37:00Z,216.2,216.24,216.07,216.07
2019-09-09T15:38:00Z,216.071,216.15,216.03,216.12
2019-09-09T15:39:00Z,216.1265,216.13,216.04,216.042
2019-09-09T15:40:00Z,216.04,216.17,216.024,216.1
2019-09-09T15:41:00Z,216.1,216.1,215.98,215.98
2019-09-09T15:42:00Z,215.96,215.98,215.81,215.8487
2019-09-09T15:43:00Z,215.84,215.84,215.75,215.8
2019-09-09T15:44:00Z,215.77,215.89,215.77,215.87
2019-09-09T15:45:00Z,215.87,215.89,215.82,215.85
2019-09-09T15:46:00Z,215.84,215.88,215.82,215.88
2019-09-09T15:47:00Z,215.88,215.982,215.855,215.982
2019-09-09T15:48:00Z,215.9853,216,215.9616,215.99
2019-09-09T15:49:00Z,216,216.06,215.95,216.04
2019-09-09T15:50:00Z,216.05,216.15,216.05,216.128
2019-09-09T15:51:00Z,216.12,216.1263,216.055,216.1249
2019-09-09T15:52:00Z,216.1247,216.1794,216.1136,216.12
2019-09-09T15:53:00Z,216.12,216.15,216.05,216.12
2019-09-09T15:54:00Z,216.1301,216.2,216.11,216.2
2019-09-09T15:55:00Z,216.21,216.25,216.2099,216.238
2019-09-09T15:56:00Z,216.23,216.33,216.23,216.3
2019-09-09T15:57:00Z,216.3132,216.364,216.3068,216.3335
2019-09-09T15:58:00Z,216.3311,216.37,216.3,216.32
2019-09-09T15:59:00Z,216.32,216.34,216.29,216.3353
2019-09-09T16:00:00Z,216.34,216.38,216.33,216.34
2019-09-09T16:01:00Z,216.34,216.38,216.285,216.32
2019-09-09T16:02:00Z,216.31,216.32,216.22,216.22
2019-09-09T16:03:00Z,216.215,216.22,216.09,216.09
2019-09-09T16:04:00Z,216.09,216.16,216.075,216.09
2019-09-09T16:05:00Z,216.0944,216.15,216.05,216.05
2019-09-09T16:06:00Z,216.045,216.045,215.97,216.03
2019-09-09T16:07:00Z,216.02,216.02,215.89,215.895
2019-09-09T16:08:00Z,215.895,215.96,215.82,215.88
2019-09-09T16:09:00Z,215.8601,215.91,215.85,215.85
2019-09-09T16:10:00Z,215.8489,215.88,215.8101,215.87
2019-09-09T16:11:00Z,215.86,215.98,215.86,215.89
2019-09-09T16:12:00Z,215.87,215.87,215.77,215.85
2019-09-09T16:13:00Z,215.87,215.87,215.67,215.71
2019-09-09T16:14:00Z,215.7,215.74,215.65,215.67
2019-09-09T16:15:00Z,215.66,215.74,215.55,215.6
2019-09-09T16:16:00Z,215.59,215.64,215.41,215.64
2019-09-09T16:17:00Z,215.63,215.68,215.57,215.62
2019-09-09T16:18:00Z,215.62,215.64,215.4901,215.4901
2019-09-09T16:19:00Z,215.46,215.49,215.35,215.38
2019-09-09T16:20:00Z,215.38,215.52,215.38,215.48
2019-09-09T16:21:00Z,215.49,215.5653,215.47,215.4855
2019-09-09T16:22:00Z,215.48,215.52,215.4337,215.47
2019-09-09T16:23:00Z,215.48,215.48,215.3061,215.3407
2019-09-09T16:24:00Z,215.32,215.3435,215.22,215.26
2019-09-09T16:25:00Z,215.25,215.27,215.13,215.16
2019-09-09T16:26:00Z,215.15,215.1522,213.36,214.91
2019-09-09T16:27:00Z,214.91,214.98,214.76,214.86
2019-09-09T16:28:00Z,214.86,214.94,214.79,214.92
2019-09-09T16:29:00Z,214.92,214.937,214.72,214.8
2019-09-09T16:30:00Z,214.7938,214.7938,214.62,214.72
2019-09-09T16:31:00Z,214.72,214.72,214.59,214.64
2019-09-09T16:32:00Z,214.6401,214.77,214.61,214.7052
2019-09-09T16:33:00Z,214.7,214.99,214.68,214.967
2019-09-09T16:34:00Z,214.9605,215.18,214.94,215.09
2019-09-09T16:35:00Z,215.075,215.075,214.66,214.7
2019-09-09T16:36:00Z,214.7,214.7,214.3101,214.3396
2019-09-09T16:37:00Z,214.33,214.4468,214.23,214.4
2019-09-09T16:38:00Z,214.4,214.43,214.31,214.38
2019-09-09T16:39:00Z,214.3755,214.4939,214.3755,214.41
2019-09-09T16:40:00Z,214.4176,214.6099,214.3958,214.55
2019-09-09T16:41:00Z,214.545,214.68,214.53,214.62
2019-09-09T16:42:00Z,214.62,214.68,214.575,214.68
2019-09-09T16:43:00Z,214.67,214.83,214.6501,214.83
2019-09-09T16:44:00Z,214.83,214.86,214.7783,214.86
2019-09-09T16:45:00Z,214.87,214.9114,214.84,214.86
2019-09-09T16:46:00Z,214.86,214.89,214.824,214.84
2019-09-09T16:47:00Z,214.84,214.8863,214.82,214.85
2019-09-09T16:48:00Z,214.86,214.925,214.82,214.9
2019-09-09T16:49:00Z,214.89,214.92,214.77,214.82
2019-09-09T16:50:00Z,214.81,214.98,214.78,214.96
2019-09-09T16:51:00Z,214.96,214.98,214.88,214.9
2019-09-09T16:52:00Z,214.89,215.07,214.8334,215.07
2019-09-09T16:53:00Z,215.08,215.26,215.07,215.245
2019-09-09T16:54:00Z,215.24,215.25,215.2015,215.2399
2019-09-09T16:55:00Z,215.24,215.27,215.18,215.22
2019-09-09T16:56:00Z,215.23,215.245,215.1856,215.23
2019-09-09T16:57:00Z,215.21,215.22,215.15,215.1517
2019-09-09T16:58:00Z,215.17,215.28,215.17,215.2469
2019-09-09T16:59:00Z,215.23,215.32,215.12,215.13
2019-09-09T17:00:00Z,215.1373,215.15,215.06,215.08
2019-09-09T17:01:00Z,215.08,215.16,215.08,215.1395
2019-09-09T17:02:00Z,215.13,215.2,215.12,215.1602
2019-09-09T17:03:00Z,215.16,215.19,215.14,215.17
2019-09-09T17:04:00Z,215.1777,215.2,215.0314,215.04
2019-09-09T17:05:00Z,215.03,215.09,214.95,214.95
2019-09-09T17:06:00Z,214.955,215.07,214.95,215.07
2019-09-09T17:07:00Z,215.07,215.07,214.97,214.97
2019-09-09T17:08:00Z,214.96,215.03,214.95,214.985
2019-09-09T17:09:00Z,214.98,214.98,214.87,214.9
2019-09-09T17:10:00Z,214.9,214.93,214.9,214.92
2019-09-09T17:11:00Z,214.92,214.92,214.83,214.83
2019-09-09T17:12:00Z,214.83,214.85,214.8,214.8368
2019-09-09T17:13:00Z,214.82,214.82,214.75,214.77
2019-09-09T17:14:00Z,214.77,214.81,214.69,214.725
2019-09-09T17:15:00Z,214.7254,214.76,214.69,214.708
2019-09-09T17:16:00Z,214.7019,214.74,214.7,214.7
2019-09-09T17:17:00Z,214.69,214.715,214.66,214.66
2019-09-09T17:18:00Z,214.65,214.67,214.58,214.655
2019-09-09T17:19:00Z,214.66,214.69,214.62,214.66
2019-09-09T17:20:00Z,214.65,214.65,214.52,214.5406
2019-09-09T17:21:00Z,214.56,214.594,214.5,214.5
2019-09-09T17:22:00Z,214.51,214.56,214.49,214.5165
2019-09-09T17:23:00Z,214.52,214.5506,214.47,214.47
2019-09-09T17:24:00Z,214.4786,214.48,214.36,214.37
2019-09-09T17:25:00Z,214.37,214.41,214.34,214.34
2019-09-09T17:26:00Z,214.33,214.35,214.31,214.35
2019-09-09T17:27:00Z,214.34,214.38,214.28,214.29
2019-09-09T17:28:00Z,214.3,214.3,214.16,214.21
2019-09-09T17:29:00Z,214.22,214.24,214.15,214.17
2019-09-09T17:30:00Z,214.1692,214.25,214.15,214.2001
2019-09-09T17:31:00Z,214.2,214.26,214.15,214.25
2019-09-09T17:32:00Z,214.245,214.25,214.06,214.06
2019-09-09T17:33:00Z,214.07,214.09,214.0299,214.07
2019-09-09T17:34:00Z,214.06,214.12,214.05,214.0858
2019-09-09T17:35:00Z,214.081,214.085,213.88,213.89
2019-09-09T17:36:00Z,213.875,214.09,213.85,214.08
2019-09-09T17:37:00Z,214.0799,214.08,214.01,214.06
2019-09-09T17:38:00Z,214.07,214.11,214.0202,214.11
2019-09-09T17:39:00Z,214.1,214.16,214.05,214.16
2019-09-09T17:40:00Z,214.1685,214.28,214.165,214.243
2019-09-09T17:41:00Z,214.2425,214.2699,214.19,214.19
2019-09-09T17:42:00Z,214.195,214.25,214.1472,214.23
2019-09-09T17:43:00Z,214.2296,214.26,214.1847,214.21
2019-09-09T17:44:00Z,214.24,214.3,214.21,214.26
2019-09-09T17:45:00Z,214.29,214.29,214.11,214.21
2019-09-09T17:46:00Z,214.22,214.52,214.205,214.4853
2019-09-09T17:47:00Z,214.4836,214.5,214.4,214.42
2019-09-09T17:48:00Z,214.43,214.48,214.41,214.445
2019-09-09T17:49:00Z,214.445,214.4617,214.39,214.4459
2019-09-09T17:50:00Z,214.44,214.59,214.44,214.59
2019-09-09T17:51:00Z,214.6,214.72,214.6,214.6501
2019-09-09T17:52:00Z,214.65,214.77,214.64,214.74
2019-09-09T17:53:00Z,214.75,214.78,214.71,214.71
2019-09-09T17:54:00Z,214.71,214.73,214.66,214.6739
2019-09-09T17:55:00Z,214.6755,214.7135,214.66,214.6995
2019-09-09T17:56:00Z,214.7,214.72,214.67,214.6801
2019-09-09T17:57:00Z,214.68,214.69,214.59,214.6
2019-09-09T17:58:00Z,214.5901,214.63,214.58,214.6119
2019-09-09T17:59:00Z,214.6,214.6,214.552,214.57
2019-09-09T18:00:00Z,214.57,214.57,214.47,214.5
2019-09-09T18:01:00Z,214.5,214.52,214.42,214.5
2019-09-09T18:02:00Z,214.4911,214.56,214.47,214.47
2019-09-09T18:03:00Z,214.46,214.47,214.3881,214.4
2019-09-09T18:04:00Z,214.41,214.42,214.3714,214.41
2019-09-09T18:05:00Z,214.4,214.41,214.24,214.28
2019-09-09T18:06:00Z,214.31,214.38,214.29,214.34
2019-09-09T18:07:00Z,214.33,214.33,214.1,214.1
2019-09-09T18:08:00Z,214.1037,214.11,213.97,214.01
2019-09-09T18:09:00Z,214.02,214.02,213.9446,213.95
2019-09-09T18:10:00Z,213.95,213.97,213.87,213.92
2019-09-09T18:11:00Z,213.93,214.07,213.93,214.06
2019-09-09T18:12:00Z,214.06,214.16,214.035,214.11
2019-09-09T18:13:00Z,214.1198,214.2,214.1,214.16
2019-09-09T18:14:00Z,214.1699,214.23,214.16,214.16
2019-09-09T18:15:00Z,214.18,214.18,214.04,214.09
2019-09-09T18:16:00Z,214.08,214.33,214.06,214.3211
2019-09-09T18:17:00Z,214.33,214.3899,214.3,214.33
2019-09-09T18:18:00Z,214.35,214.3746,214.27,214.31
2019-09-09T18:19:00Z,214.3,214.3,214.19,214.24
2019-09-09T18:20:00Z,214.22,214.22,214.04,214.1186
2019-09-09T18:21:00Z,214.13,214.28,214.1273,214.24
2019-09-09T18:22:00Z,214.25,214.2643,214.15,214.16
2019-09-09T18:23:00Z,214.1602,214.2,214.033,214.07
2019-09-09T18:24:00Z,214.07,214.1,214.02,214.05
2019-09-09T18:25:00Z,214.06,214.1146,214.03,214.1
2019-09-09T18:26:00Z,214.1,214.11,214.0456,214.05
2019-09-09T18:27:00Z,214.05,214.0776,213.98,214.02
2019-09-09T18:28:00Z,214.025,214.06,213.97,214.05
2019-09-09T18:29:00Z,214.05,214.08,213.96,214.06
2019-09-09T18:30:00Z,214.07,214.07,213.95,214.01
2019-09-09T18:31:00Z,214,214.32,213.99,214.2888
2019-09-09T18:32:00Z,214.3,214.45,214.3,214.44
2019-09-09T18:33:00Z,214.44,214.5,214.41,214.43
2019-09-09T18:34:00Z,214.45,214.48,214.43,214.44
2019-09-09T18:35:00Z,214.4559,214.4561,214.29,214.33
2019-09-09T18:36:00Z,214.34,214.34,214.24,214.24
2019-09-09T18:37:00Z,214.24,214.27,214.19,214.25
2019-09-09T18:38:00Z,214.27,214.28,214.18,214.24
2019-09-09T18:39:00Z,214.23,214.3488,214.21,214.3
2019-09-09T18:40:00Z,214.3,214.35,214.25,214.31
2019-09-09T18:41:00Z,214.33,214.34,214.28,214.295
2019-09-09T18:42:00Z,214.29,214.3,214.12,214.16
2019-09-09T18:43:00Z,214.16,214.2404,214.16,214.23
2019-09-09T18:44:00Z,214.23,214.31,214.15,214.19
2019-09-09T18:45:00Z,214.2,214.24,214.14,214.235
2019-09-09T18:46:00Z,214.24,214.26,214.22,214.255
2019-09-09T18:47:00Z,214.245,214.27,214.22,214.2588
2019-09-09T18:48:00Z,214.27,214.3248,214.265,214.29
2019-09-09T18:49:00Z,214.28,214.2937,214.26,214.27
2019-09-09T18:50:00Z,214.275,214.3,214.17,214.19
2019-09-09T18:51:00Z,214.2,214.26,214.179,214.24
2019-09-09T18:52:00Z,214.24,214.2418,214.1795,214.2
2019-09-09T18:53:00Z,214.2,214.26,214.15,214.1588
2019-09-09T18:54:00Z,214.16,214.18,214.05,214.08
2019-09-09T18:55:00Z,214.06,214.19,214.05,214.19
2019-09-09T18:56:00Z,214.18,214.26,214.18,214.25
2019-09-09T18:57:00Z,214.26,214.33,214.26,214.29
2019-09-09T18:58:00Z,214.285,214.31,214.27,214.2853
2019-09-09T18:59:00Z,214.2865,214.2911,214.27,214.285
2019-09-09T19:00:00Z,214.2815,214.2815,214.05,214.16
2019-09-09T19:01:00Z,214.18,214.41,214.18,214.4047
2019-09-09T19:02:00Z,214.41,214.44,214.37,214.38
2019-09-09T19:03:00Z,214.4,214.63,214.38,214.52
2019-09-09T19:04:00Z,214.52,214.65,214.51,214.6399
2019-09-09T19:05:00Z,214.63,214.6384,214.57,214.605
2019-09-09T19:06:00Z,214.58,214.6,214.48,214.5
2019-09-09T19:07:00Z,214.495,214.52,214.42,214.45
2019-09-09T19:08:00Z,214.44,214.44,214.3781,214.422
2019-09-09T19:09:00Z,214.42,214.5,214.41,214.45
2019-09-09T19:10:00Z,214.45,214.5952,214.42,214.55
2019-09-09T19:11:00Z,214.54,214.59,214.51,214.58
2019-09-09T19:12:00Z,214.58,214.9,214.57,214.8699
2019-09-09T19:13:00Z,214.875,214.875,214.735,214.74
2019-09-09T19:14:00Z,214.735,214.75,214.625,214.66
2019-09-09T19:15:00Z,214.66,214.67,214.59,214.66
2019-09-09T19:16:00Z,214.6605,214.7,214.63,214.64
2019-09-09T19:17:00Z,214.63,214.66,214.57,214.58
2019-09-09T19:18:00Z,214.57,214.57,214.47,214.4755
2019-09-09T19:19:00Z,214.48,214.66,214.465,214.62
2019-09-09T19:20:00Z,214.63,214.74,214.6,214.64
2019-09-09T19:21:00Z,214.64,214.69,214.6368,214.67
2019-09-09T19:22:00Z,214.675,214.68,214.65,214.665
2019-09-09T19:23:00Z,214.67,214.67,214.6038,214.635
2019-09-09T19:24:00Z,214.635,214.635,214.57,214.58
2019-09-09T19:25:00Z,214.575,214.58,214.45,214.47
2019-09-09T19:26:00Z,214.46,214.5066,214.46,214.48
2019-09-09T19:27:00Z,214.48,214.58,214.48,214.56
2019-09-09T19:28:00Z,214.56,214.62,214.56,214.5873
2019-09-09T19:29:00Z,214.59,214.59,214.51,214.54
2019-09-09T19:30:00Z,214.55,214.57,214.47,214.48
2019-09-09T19:31:00Z,214.46,214.46,214.36,214.3773
2019-09-09T19:32:00Z,214.37,214.44,214.34,214.385
2019-09-09T19:33:00Z,214.38,214.38,214.23,214.2599
2019-09-09T19:34:00Z,214.26,214.31,214.24,214.31
2019-09-09T19:35:00Z,214.3,214.31,214.16,214.18
2019-09-09T19:36:00Z,214.1748,214.25,214.16,214.24
2019-09-09T19:37:00Z,214.24,214.34,214.22,214.32
2019-09-09T19:38:00Z,214.33,214.43,214.3251,214.405
2019-09-09T19:39:00Z,214.4,214.53,214.38,214.495
2019-09-09T19:40:00Z,214.49,214.51,214.4,214.41
2019-09-09T19:41:00Z,214.4,214.407,214.31,214.35
2019-09-09T19:42:00Z,214.35,214.45,214.345,214.405
2019-09-09T19:43:00Z,214.4,214.42,214.31,214.325
2019-09-09T19:44:00Z,214.33,214.33,214.27,214.285
2019-09-09T19:45:00Z,214.2899,214.2899,214.19,214.25
2019-09-09T19:46:00Z,214.255,214.49,214.255,214.475
2019-09-09T19:47:00Z,214.47,214.61,214.4235,214.5452
2019-09-09T19:48:00Z,214.54,214.6485,214.535,214.57
2019-09-09T19:49:00Z,214.55,214.56,214.4474,214.45
2019-09-09T19:50:00Z,214.46,214.59,214.435,214.52
2019-09-09T19:51:00Z,214.5223,214.5223,214.46,214.5089
2019-09-09T19:52:00Z,214.51,214.55,214.43,214.435
2019-09-09T19:53:00Z,214.44,214.51,214.42,214.51
2019-09-09T19:54:00Z,214.5,214.62,214.44,214.45
2019-09-09T19:55:00Z,214.44,214.46,214.16,214.43
2019-09-09T19:56:00Z,214.43,214.45,214.21,214.35
2019-09-09T19:57:00Z,214.35,214.3602,214.26,214.27
2019-09-09T19:58:00Z,214.27,214.325,214.23,214.2401
2019-09-09T19:59:00Z,214.24,214.39,211.07,214.15
