2017-01-17T13:30:00Z,118.61,118.61,118.61,118.61
2017-01-17T13:32:00Z,118.61,118.61,118.61,118.61
2017-01-17T13:34:00Z,118.61,118.61,118.61,118.61
2017-01-17T13:35:00Z,118.61,118.61,118.61,118.61
2017-01-17T13:36:00Z,118.65,118.65,118.65,118.65
2017-01-17T13:38:00Z,118.6,118.6,118.6,118.6
2017-01-17T13:39:00Z,118.61,118.61,118.61,118.61
2017-01-17T13:40:00Z,118.62,118.62,118.62,118.62
2017-01-17T13:42:00Z,118.64,118.64,118.6,118.6
2017-01-17T13:43:00Z,118.6,118.61,118.6,118.61
2017-01-17T13:44:00Z,118.65,118.65,118.64,118.64
2017-01-17T13:45:00Z,118.65,118.65,118.65,118.65
2017-01-17T13:47:00Z,118.6,118.6,118.6,118.6
2017-01-17T13:49:00Z,118.63,118.63,118.63,118.63
2017-01-17T13:53:00Z,118.67,118.67,118.67,118.67
2017-01-17T13:54:00Z,118.68,118.69,118.67,118.69
2017-01-17T13:55:00Z,118.67,118.67,118.67,118.67
2017-01-17T14:00:00Z,118.69,118.69,118.69,118.69
2017-01-17T14:01:00Z,118.65,118.65,118.65,118.65
2017-01-17T14:04:00Z,118.6,118.6,118.59,118.59
2017-01-17T14:05:00Z,118.59,118.59,118.58,118.58
2017-01-17T14:06:00Z,118.58,118.58,118.58,118.58
2017-01-17T14:12:00Z,118.58,118.58,118.58,118.58
2017-01-17T14:13:00Z,118.6,118.6,118.58,118.58
2017-01-17T14:14:00Z,118.61,118.62,118.58,118.58
2017-01-17T14:18:00Z,118.58,118.6,118.58,118.58
2017-01-17T14:19:00Z,118.58,118.6,118.58,118.6
2017-01-17T14:21:00Z,118.6,118.6,118.6,118.6
2017-01-17T14:23:00Z,118.6,118.6,118.55,118.55
2017-01-17T14:24:00Z,118.55,118.55,118.45,118.45
2017-01-17T14:25:00Z,118.5,118.5,118.5,118.5
2017-01-17T14:26:00Z,118.5,118.5,118.5,118.5
2017-01-17T14:27:00Z,118.43,118.43,118.42,118.42
2017-01-17T14:28:00Z,118.42,118.42,118.28,118.3
2017-01-17T14:29:00Z,118.32,118.34,118.3,118.32
2017-01-17T14:30:00Z,118.32,118.69,118.22,118.69
2017-01-17T14:31:00Z,118.7,119.04,118.49,118.92
2017-01-17T14:32:00Z,118.92,119.04,118.91,118.98
2017-01-17T14:33:00Z,118.98,119.032,118.85,118.95
2017-01-17T14:34:00Z,118.95,119.04,118.81,119.0301
2017-01-17T14:35:00Z,119.035,119.23,119.03,119.225
2017-01-17T14:36:00Z,119.2265,119.33,119.15,119.23
2017-01-17T14:37:00Z,119.24,119.24,119.06,119.15
2017-01-17T14:38:00Z,119.15,119.15,119.09,119.1
2017-01-17T14:39:00Z,119.1,119.1,119.05,119.0747
2017-01-17T14:40:00Z,119.07,119.29,119.07,119.2799
2017-01-17T14:41:00Z,119.275,119.31,119.225,119.295
2017-01-17T14:42:00Z,119.3,119.6,119.295,119.58
2017-01-17T14:43:00Z,119.58,119.645,119.57,119.59
2017-01-17T14:44:00Z,119.59,119.61,119.5474,119.56
2017-01-17T14:45:00Z,119.55,119.56,119.4527,119.47
2017-01-17T14:46:00Z,119.47,119.4825,119.365,119.38
2017-01-17T14:47:00Z,119.375,119.46,119.32,119.43
2017-01-17T14:48:00Z,119.4201,119.54,119.4099,119.5384
2017-01-17T14:49:00Z,119.5365,119.61,119.52,119.575
2017-01-17T14:50:00Z,119.5741,119.63,119.53,119.58
2017-01-17T14:51:00Z,119.575,119.58,119.41,119.465
2017-01-17T14:52:00Z,119.4641,119.465,119.37,119.425
2017-01-17T14:53:00Z,119.425,119.59,119.3892,119.59
2017-01-17T14:54:00Z,119.585,119.61,119.49,119.57
2017-01-17T14:55:00Z,119.57,119.61,119.54,119.6
2017-01-17T14:56:00Z,119.6,119.76,119.56,119.76
2017-01-17T14:57:00Z,119.7599,119.76,119.62,119.6502
2017-01-17T14:58:00Z,119.66,119.78,119.655,119.74
2017-01-17T14:59:00Z,119.74,119.745,119.53,119.5775
2017-01-17T15:00:00Z,119.58,119.68,119.57,119.675
2017-01-17T15:01:00Z,119.675,119.73,119.67,119.7
2017-01-17T15:02:00Z,119.695,119.7,119.57,119.6235
2017-01-17T15:03:00Z,119.635,119.65,119.58,119.6
2017-01-17T15:04:00Z,119.605,119.64,119.55,119.625
2017-01-17T15:05:00Z,119.62,119.63,119.58,119.5975
2017-01-17T15:06:00Z,119.59,119.68,119.59,119.68
2017-01-17T15:07:00Z,119.685,119.71,119.59,119.64
2017-01-17T15:08:00Z,119.64,119.765,119.63,119.705
2017-01-17T15:09:00Z,119.7,119.75,119.5753,119.69
2017-01-17T15:10:00Z,119.7,119.83,119.695,119.8
2017-01-17T15:11:00Z,119.8099,119.825,119.78,119.815
2017-01-17T15:12:00Z,119.815,119.83,119.8,119.8
2017-01-17T15:13:00Z,119.8037,119.82,119.75,119.76
2017-01-17T15:14:00Z,119.77,119.83,119.76,119.77
2017-01-17T15:15:00Z,119.775,119.78,119.71,119.78
2017-01-17T15:16:00Z,119.78,119.82,119.76,119.8
2017-01-17T15:17:00Z,119.8,119.8592,119.78,119.81
2017-01-17T15:18:00Z,119.805,119.865,119.785,119.7985
2017-01-17T15:19:00Z,119.8,119.82,119.79,119.82
2017-01-17T15:20:00Z,119.815,119.87,119.8,119.81
2017-01-17T15:21:00Z,119.81,119.89,119.81,119.874
2017-01-17T15:22:00Z,119.87,119.89,119.86,119.87
2017-01-17T15:23:00Z,119.875,119.91,119.87,119.91
2017-01-17T15:24:00Z,119.91,119.91,119.87,119.88
2017-01-17T15:25:00Z,119.885,119.89,119.85,119.865
2017-01-17T15:26:00Z,119.865,119.89,119.85,119.8733
2017-01-17T15:27:00Z,119.875,119.875,119.81,119.825
2017-01-17T15:28:00Z,119.83,119.84,119.7927,119.815
2017-01-17T15:29:00Z,119.815,119.91,119.81,119.91
2017-01-17T15:30:00Z,119.9,119.95,119.9,119.95
2017-01-17T15:31:00Z,119.945,119.95,119.92,119.935
2017-01-17T15:32:00Z,119.9343,119.96,119.885,119.8941
2017-01-17T15:33:00Z,119.89,119.935,119.88,119.9
2017-01-17T15:34:00Z,119.895,119.93,119.89,119.92
2017-01-17T15:35:00Z,119.925,119.945,119.9,119.925
2017-01-17T15:36:00Z,119.92,119.92,119.87,119.9
2017-01-17T15:37:00Z,119.895,119.925,119.88,119.9101
2017-01-17T15:38:00Z,119.92,119.92,119.85,119.85
2017-01-17T15:39:00Z,119.85,119.86,119.81,119.8175
2017-01-17T15:40:00Z,119.81,119.895,119.81,119.895
2017-01-17T15:41:00Z,119.89,119.92,119.87,119.9131
2017-01-17T15:42:00Z,119.91,119.92,119.89,119.91
2017-01-17T15:43:00Z,119.906,119.91,119.885,119.895
2017-01-17T15:44:00Z,119.9,119.9,119.85,119.86
2017-01-17T15:45:00Z,119.86,119.91,119.84,119.91
2017-01-17T15:46:00Z,119.91,119.96,119.9,119.96
2017-01-17T15:47:00Z,119.959,119.96,119.92,119.94
2017-01-17T15:48:00Z,119.945,119.945,119.88,119.8845
2017-01-17T15:49:00Z,119.88,119.92,119.88,119.9053
2017-01-17T15:50:00Z,119.9,119.905,119.86,119.875
2017-01-17T15:51:00Z,119.87,119.875,119.85,119.86
2017-01-17T15:52:00Z,119.86,119.875,119.85,119.86
2017-01-17T15:53:00Z,119.86,119.8663,119.84,119.8663
2017-01-17T15:54:00Z,119.86,119.895,119.86,119.89
2017-01-17T15:55:00Z,119.89,119.9,119.88,119.8943
2017-01-17T15:56:00Z,119.89,119.93,119.87,119.92
2017-01-17T15:57:00Z,119.929,119.96,119.92,119.96
2017-01-17T15:58:00Z,119.95,119.96,119.93,119.945
2017-01-17T15:59:00Z,119.94,119.96,119.93,119.96
2017-01-17T16:00:00Z,119.955,119.97,119.95,119.96
2017-01-17T16:01:00Z,119.96,120,119.96,119.96
2017-01-17T16:02:00Z,119.97,119.97,119.8837,119.8837
2017-01-17T16:03:00Z,119.88,119.92,119.85,119.865
2017-01-17T16:04:00Z,119.87,119.9099,119.85,119.9
2017-01-17T16:05:00Z,119.9,119.92,119.88,119.895
2017-01-17T16:06:00Z,119.8839,119.885,119.86,119.88
2017-01-17T16:07:00Z,119.87,119.875,119.79,119.79
2017-01-17T16:08:00Z,119.795,119.83,119.79,119.82
2017-01-17T16:09:00Z,119.81,119.83,119.795,119.8
2017-01-17T16:10:00Z,119.8,119.83,119.77,119.82
2017-01-17T16:11:00Z,119.8243,119.83,119.76,119.795
2017-01-17T16:12:00Z,119.7943,119.81,119.76,119.76
2017-01-17T16:13:00Z,119.75,119.78,119.74,119.775
2017-01-17T16:14:00Z,119.77,119.775,119.72,119.73
2017-01-17T16:15:00Z,119.725,119.78,119.72,119.76
2017-01-17T16:16:00Z,119.76,119.77,119.72,119.75
2017-01-17T16:17:00Z,119.75,119.755,119.64,119.7
2017-01-17T16:18:00Z,119.7,119.74,119.69,119.71
2017-01-17T16:19:00Z,119.7,119.73,119.69,119.73
2017-01-17T16:20:00Z,119.73,119.75,119.68,119.68
2017-01-17T16:21:00Z,119.69,119.7,119.65,119.6953
2017-01-17T16:22:00Z,119.6941,119.77,119.69,119.75
2017-01-17T16:23:00Z,119.75,119.79,119.735,119.7847
2017-01-17T16:24:00Z,119.78,119.81,119.77,119.81
2017-01-17T16:25:00Z,119.81,119.85,119.76,119.8451
2017-01-17T16:26:00Z,119.8435,119.89,119.84,119.88
2017-01-17T16:27:00Z,119.89,119.94,119.87,119.925
2017-01-17T16:28:00Z,119.9235,119.95,119.92,119.925
2017-01-17T16:29:00Z,119.925,119.9457,119.91,119.945
2017-01-17T16:30:00Z,119.94,119.95,119.91,119.93
2017-01-17T16:31:00Z,119.935,119.94,119.89,119.895
2017-01-17T16:32:00Z,119.89,119.9299,119.89,119.9243
2017-01-17T16:33:00Z,119.92,119.95,119.915,119.94
2017-01-17T16:34:00Z,119.93,119.96,119.915,119.955
2017-01-17T16:35:00Z,119.96,120,119.95,119.99
2017-01-17T16:36:00Z,119.995,120,119.96,119.996
2017-01-17T16:37:00Z,119.9943,120,119.97,119.975
2017-01-17T16:38:00Z,119.975,119.99,119.97,119.99
2017-01-17T16:39:00Z,119.99,120.15,119.98,120.1417
2017-01-17T16:40:00Z,120.15,120.23,120.135,120.17
2017-01-17T16:41:00Z,120.175,120.24,120.16,120.19
2017-01-17T16:42:00Z,120.19,120.2,120.07,120.11
2017-01-17T16:43:00Z,120.114,120.125,120.0301,120.0401
2017-01-17T16:44:00Z,120.045,120.06,120,120.024
2017-01-17T16:45:00Z,120.02,120.04,120,120.04
2017-01-17T16:46:00Z,120.04,120.12,120.0316,120.095
2017-01-17T16:47:00Z,120.09,120.1,120.07,120.0757
2017-01-17T16:48:00Z,120.07,120.09,120.03,120.065
2017-01-17T16:49:00Z,120.07,120.095,120.069,120.09
2017-01-17T16:50:00Z,120.085,120.15,120.08,120.1208
2017-01-17T16:51:00Z,120.1228,120.135,120.11,120.1157
2017-01-17T16:52:00Z,120.11,120.135,120.11,120.115
2017-01-17T16:53:00Z,120.12,120.12,120.05,120.07
2017-01-17T16:54:00Z,120.065,120.0716,120.05,120.0693
2017-01-17T16:55:00Z,120.0693,120.12,120.065,120.0924
2017-01-17T16:56:00Z,120.1,120.1099,120.065,120.09
2017-01-17T16:57:00Z,120.093,120.11,120.08,120.11
2017-01-17T16:58:00Z,120.11,120.12,120.08,120.1001
2017-01-17T16:59:00Z,120.105,120.115,120.0425,120.055
2017-01-17T17:00:00Z,120.05,120.058,119.97,119.99
2017-01-17T17:01:00Z,119.99,120.015,119.97,120.01
2017-01-17T17:02:00Z,120.01,120.03,120,120.02
2017-01-17T17:03:00Z,120.01,120.015,119.97,120.01
2017-01-17T17:04:00Z,120,120.01,119.98,119.98
2017-01-17T17:05:00Z,119.985,120.02,119.98,120.02
2017-01-17T17:06:00Z,120.02,120.045,120.01,120.0257
2017-01-17T17:07:00Z,120.025,120.07,120.02,120.02
2017-01-17T17:08:00Z,120.025,120.025,119.98,119.985
2017-01-17T17:09:00Z,119.985,120,119.91,119.9153
2017-01-17T17:10:00Z,119.9108,119.915,119.8202,119.89
2017-01-17T17:11:00Z,119.87,119.89,119.84,119.88
2017-01-17T17:12:00Z,119.8799,119.89,119.85,119.88
2017-01-17T17:13:00Z,119.88,119.9,119.87,119.895
2017-01-17T17:14:00Z,119.9,119.9,119.88,119.89
2017-01-17T17:15:00Z,119.8801,119.89,119.86,119.88
2017-01-17T17:16:00Z,119.87,119.9,119.87,119.895
2017-01-17T17:17:00Z,119.9,119.91,119.89,119.8933
2017-01-17T17:18:00Z,119.895,119.91,119.89,119.905
2017-01-17T17:19:00Z,119.9,119.9225,119.9,119.9157
2017-01-17T17:20:00Z,119.91,119.915,119.875,119.885
2017-01-17T17:21:00Z,119.88,119.9158,119.88,119.89
2017-01-17T17:22:00Z,119.88,119.909,119.86,119.899
2017-01-17T17:23:00Z,119.895,119.895,119.84,119.885
2017-01-17T17:24:00Z,119.8843,119.9,119.88,119.885
2017-01-17T17:25:00Z,119.885,119.89,119.85,119.8747
2017-01-17T17:26:00Z,119.88,119.92,119.87,119.91
2017-01-17T17:27:00Z,119.905,119.955,119.9,119.955
2017-01-17T17:28:00Z,119.955,119.97,119.93,119.945
2017-01-17T17:29:00Z,119.9457,119.97,119.91,119.97
2017-01-17T17:30:00Z,119.964,119.98,119.95,119.98
2017-01-17T17:31:00Z,119.98,119.98,119.9,119.91
2017-01-17T17:32:00Z,119.91,119.96,119.9035,119.94
2017-01-17T17:33:00Z,119.9465,119.9514,119.9,119.93
2017-01-17T17:34:00Z,119.93,119.93,119.91,119.93
2017-01-17T17:35:00Z,119.93,119.93,119.92,119.9235
2017-01-17T17:36:00Z,119.9243,119.93,119.9,119.9035
2017-01-17T17:37:00Z,119.9,119.905,119.86,119.88
2017-01-17T17:38:00Z,119.88,119.89,119.85,119.855
2017-01-17T17:39:00Z,119.855,119.88,119.8502,119.86
2017-01-17T17:40:00Z,119.86,119.89,119.86,119.8854
2017-01-17T17:41:00Z,119.89,119.955,119.8802,119.935
2017-01-17T17:42:00Z,119.94,119.94,119.925,119.94
2017-01-17T17:43:00Z,119.94,119.96,119.94,119.94
2017-01-17T17:44:00Z,119.94,119.94,119.9005,119.91
2017-01-17T17:45:00Z,119.92,119.965,119.91,119.96
2017-01-17T17:46:00Z,119.96,119.965,119.93,119.935
2017-01-17T17:47:00Z,119.935,119.955,119.92,119.92
2017-01-17T17:48:00Z,119.92,119.95,119.92,119.94
2017-01-17T17:49:00Z,119.95,119.95,119.905,119.905
2017-01-17T17:50:00Z,119.9057,119.91,119.88,119.89
2017-01-17T17:51:00Z,119.895,119.9,119.87,119.9
2017-01-17T17:52:00Z,119.9,119.92,119.8887,119.8887
2017-01-17T17:53:00Z,119.88,119.9,119.8574,119.8949
2017-01-17T17:54:00Z,119.89,119.9,119.86,119.865
2017-01-17T17:55:00Z,119.8699,119.87,119.86,119.86
2017-01-17T17:56:00Z,119.8648,119.89,119.86,119.8636
2017-01-17T17:57:00Z,119.8653,119.87,119.78,119.82
2017-01-17T17:58:00Z,119.83,119.84,119.77,119.79
2017-01-17T17:59:00Z,119.7948,119.815,119.78,119.815
2017-01-17T18:00:00Z,119.81,119.85,119.8,119.84
2017-01-17T18:01:00Z,119.835,119.8587,119.83,119.845
2017-01-17T18:02:00Z,119.845,119.86,119.835,119.86
2017-01-17T18:03:00Z,119.855,119.89,119.855,119.87
2017-01-17T18:04:00Z,119.8738,119.875,119.84,119.865
2017-01-17T18:05:00Z,119.8641,119.875,119.86,119.86
2017-01-17T18:06:00Z,119.865,119.88,119.86,119.865
2017-01-17T18:07:00Z,119.86,119.875,119.85,119.85
2017-01-17T18:08:00Z,119.85,119.87,119.83,119.865
2017-01-17T18:09:00Z,119.86,119.8736,119.84,119.85
2017-01-17T18:10:00Z,119.86,119.875,119.85,119.8547
2017-01-17T18:11:00Z,119.86,119.88,119.8499,119.8742
2017-01-17T18:12:00Z,119.8712,119.93,119.87,119.92
2017-01-17T18:13:00Z,119.92,119.93,119.91,119.913
2017-01-17T18:14:00Z,119.91,119.94,119.9,119.94
2017-01-17T18:15:00Z,119.9435,119.95,119.93,119.94
2017-01-17T18:16:00Z,119.9441,119.96,119.91,119.91
2017-01-17T18:17:00Z,119.91,119.92,119.895,119.92
2017-01-17T18:18:00Z,119.91,119.95,119.905,119.95
2017-01-17T18:19:00Z,119.9437,119.99,119.94,119.9835
2017-01-17T18:20:00Z,119.98,119.99,119.96,119.96
2017-01-17T18:21:00Z,119.9632,119.99,119.96,119.99
2017-01-17T18:22:00Z,119.98,119.99,119.96,119.9699
2017-01-17T18:23:00Z,119.9601,119.97,119.935,119.9502
2017-01-17T18:24:00Z,119.96,119.965,119.95,119.9565
2017-01-17T18:25:00Z,119.9543,119.9699,119.945,119.9543
2017-01-17T18:26:00Z,119.9525,119.96,119.94,119.9547
2017-01-17T18:27:00Z,119.9543,119.98,119.9535,119.9703
2017-01-17T18:28:00Z,119.98,119.9857,119.96,119.97
2017-01-17T18:29:00Z,119.9784,119.9875,119.96,119.9737
2017-01-17T18:30:00Z,119.975,120,119.97,119.9875
2017-01-17T18:31:00Z,119.9847,120,119.95,119.955
2017-01-17T18:32:00Z,119.96,119.99,119.95,119.99
2017-01-17T18:33:00Z,119.98,119.99,119.97,119.985
2017-01-17T18:34:00Z,119.985,120,119.97,119.98
2017-01-17T18:35:00Z,119.9835,119.99,119.975,119.99
2017-01-17T18:36:00Z,119.99,119.99,119.9641,119.975
2017-01-17T18:37:00Z,119.97,119.99,119.97,119.9843
2017-01-17T18:38:00Z,119.98,120.03,119.98,120.0143
2017-01-17T18:39:00Z,120.015,120.03,120,120.01
2017-01-17T18:40:00Z,120.01,120.01,120,120.0014
2017-01-17T18:41:00Z,120.01,120.05,120,120.0343
2017-01-17T18:42:00Z,120.04,120.04,120,120.0101
2017-01-17T18:43:00Z,120.015,120.015,119.99,119.99
2017-01-17T18:44:00Z,119.9947,120.01,119.99,119.9959
2017-01-17T18:45:00Z,119.9999,120.0069,119.9637,120
2017-01-17T18:46:00Z,119.995,120.01,119.99,119.995
2017-01-17T18:47:00Z,120,120.01,119.985,119.9899
2017-01-17T18:48:00Z,119.98,119.99,119.97,119.97
2017-01-17T18:49:00Z,119.965,119.965,119.93,119.93
2017-01-17T18:50:00Z,119.93,119.9416,119.91,119.9416
2017-01-17T18:51:00Z,119.944,119.95,119.92,119.93
2017-01-17T18:52:00Z,119.93,119.94,119.91,119.91
2017-01-17T18:53:00Z,119.915,119.92,119.9,119.9158
2017-01-17T18:54:00Z,119.92,119.92,119.9,119.91
2017-01-17T18:55:00Z,119.9,119.93,119.88,119.925
2017-01-17T18:56:00Z,119.93,119.96,119.93,119.935
2017-01-17T18:57:00Z,119.9399,119.95,119.91,119.92
2017-01-17T18:58:00Z,119.92,119.96,119.92,119.9419
2017-01-17T18:59:00Z,119.945,119.97,119.93,119.9675
2017-01-17T19:00:00Z,119.9631,119.98,119.93,119.94
2017-01-17T19:01:00Z,119.94,119.98,119.94,119.98
2017-01-17T19:02:00Z,119.975,119.975,119.931,119.945
2017-01-17T19:03:00Z,119.945,120,119.945,119.97
2017-01-17T19:04:00Z,119.98,119.985,119.95,119.955
2017-01-17T19:05:00Z,119.9501,119.955,119.94,119.94
2017-01-17T19:06:00Z,119.94,119.95,119.92,119.93
2017-01-17T19:07:00Z,119.935,119.94,119.92,119.9321
2017-01-17T19:08:00Z,119.93,120,119.93,119.99
2017-01-17T19:09:00Z,119.995,120.02,119.95,119.96
2017-01-17T19:10:00Z,119.97,119.975,119.94,119.95
2017-01-17T19:11:00Z,119.95,119.95,119.92,119.95
2017-01-17T19:12:00Z,119.95,119.99,119.94,119.98
2017-01-17T19:13:00Z,119.9837,119.99,119.96,119.9629
2017-01-17T19:14:00Z,119.9643,119.98,119.93,119.97
2017-01-17T19:15:00Z,119.97,119.985,119.9643,119.9705
2017-01-17T19:16:00Z,119.97,119.975,119.94,119.9553
2017-01-17T19:17:00Z,119.95,119.98,119.95,119.955
2017-01-17T19:18:00Z,119.95,119.98,119.94,119.975
2017-01-17T19:19:00Z,119.975,120,119.97,119.97
2017-01-17T19:20:00Z,119.96,119.9698,119.86,119.89
2017-01-17T19:21:00Z,119.8899,119.97,119.88,119.941
2017-01-17T19:22:00Z,119.945,119.95,119.91,119.92
2017-01-17T19:23:00Z,119.9203,119.945,119.88,119.89
2017-01-17T19:24:00Z,119.9,119.93,119.88,119.9
2017-01-17T19:25:00Z,119.9,119.905,119.84,119.885
2017-01-17T19:26:00Z,119.88,119.91,119.88,119.9
2017-01-17T19:27:00Z,119.8941,119.93,119.8941,119.915
2017-01-17T19:28:00Z,119.91,119.915,119.89,119.8912
2017-01-17T19:29:00Z,119.89,119.93,119.89,119.895
2017-01-17T19:30:00Z,119.89,119.895,119.84,119.8601
2017-01-17T19:31:00Z,119.87,119.915,119.85,119.91
2017-01-17T19:32:00Z,119.905,119.92,119.87,119.875
2017-01-17T19:33:00Z,119.8719,119.89,119.86,119.885
2017-01-17T19:34:00Z,119.887,119.91,119.87,119.9
2017-01-17T19:35:00Z,119.905,119.905,119.81,119.814
2017-01-17T19:36:00Z,119.8101,119.82,119.76,119.78
2017-01-17T19:37:00Z,119.775,119.78,119.58,119.6299
2017-01-17T19:38:00Z,119.63,119.72,119.61,119.72
2017-01-17T19:39:00Z,119.715,119.73,119.7,119.705
2017-01-17T19:40:00Z,119.705,119.705,119.62,119.65
2017-01-17T19:41:00Z,119.645,119.69,119.64,119.69
2017-01-17T19:42:00Z,119.68,119.73,119.68,119.725
2017-01-17T19:43:00Z,119.725,119.88,119.72,119.8432
2017-01-17T19:44:00Z,119.85,119.88,119.84,119.87
2017-01-17T19:45:00Z,119.86,119.8601,119.81,119.81
2017-01-17T19:46:00Z,119.815,119.83,119.8138,119.82
2017-01-17T19:47:00Z,119.825,119.83,119.8,119.8275
2017-01-17T19:48:00Z,119.83,119.86,119.825,119.85
2017-01-17T19:49:00Z,119.85,119.86,119.8,119.815
2017-01-17T19:50:00Z,119.8157,119.85,119.81,119.81
2017-01-17T19:51:00Z,119.8159,119.85,119.815,119.83
2017-01-17T19:52:00Z,119.83,119.87,119.82,119.83
2017-01-17T19:53:00Z,119.82,119.86,119.79,119.845
2017-01-17T19:54:00Z,119.845,119.87,119.84,119.85
2017-01-17T19:55:00Z,119.855,119.86,119.82,119.835
2017-01-17T19:56:00Z,119.8347,119.88,119.832,119.875
2017-01-17T19:57:00Z,119.87,119.885,119.84,119.85
2017-01-17T19:58:00Z,119.86,119.87,119.83,119.8512
2017-01-17T19:59:00Z,119.85,119.87,119.83,119.8447
