2021-05-19T13:30:00Z,123.16,123.47,122.86,123.45
2021-05-19T13:31:00Z,123.44,123.8781,123.44,123.78
2021-05-19T13:32:00Z,123.78,123.9,123.72,123.76
2021-05-19T13:33:00Z,123.75,123.99,123.67,123.9
2021-05-19T13:34:00Z,123.9,123.99,123.7287,123.84
2021-05-19T13:35:00Z,123.84,124.05,123.803,123.8501
2021-05-19T13:36:00Z,123.8569,124.07,123.78,123.87
2021-05-19T13:37:00Z,123.88,123.975,123.67,123.7209
2021-05-19T13:38:00Z,123.71,123.83,123.58,123.64
2021-05-19T13:39:00Z,123.64,123.67,123.33,123.4
2021-05-19T13:40:00Z,123.395,123.47,123.2,123.27
2021-05-19T13:41:00Z,123.26,123.3,123.11,123.2655
2021-05-19T13:42:00Z,123.27,123.69,123.26,123.65
2021-05-19T13:43:00Z,123.655,123.93,123.61,123.8512
2021-05-19T13:44:00Z,123.86,123.94,123.805,123.875
2021-05-19T13:45:00Z,123.87,123.93,123.765,123.865
2021-05-19T13:46:00Z,123.86,123.89,123.71,123.76
2021-05-19T13:47:00Z,123.765,123.83,123.57,123.58
2021-05-19T13:48:00Z,123.5601,123.82,123.51,123.815
2021-05-19T13:49:00Z,123.815,123.89,123.67,123.7401
2021-05-19T13:50:00Z,123.74,124.01,123.71,123.96
2021-05-19T13:51:00Z,123.955,123.98,123.69,123.7509
2021-05-19T13:52:00Z,123.74,123.8515,123.66,123.8482
2021-05-19T13:53:00Z,123.85,123.88,123.57,123.61
2021-05-19T13:54:00Z,123.605,123.76,123.52,123.52
2021-05-19T13:55:00Z,123.52,123.57,123.35,123.4568
2021-05-19T13:56:00Z,123.45,123.73,123.37,123.73
2021-05-19T13:57:00Z,123.74,123.76,123.52,123.585
2021-05-19T13:58:00Z,123.585,123.585,123.37,123.39
2021-05-19T13:59:00Z,123.3964,123.43,123.33,123.35
2021-05-19T14:00:00Z,123.345,123.6,123.29,123.4
2021-05-19T14:01:00Z,123.4,123.45,123.22,123.26
2021-05-19T14:02:00Z,123.26,123.32,123.1075,123.155
2021-05-19T14:03:00Z,123.15,123.2456,123.13,123.165
2021-05-19T14:04:00Z,123.17,123.28,123.15,123.16
2021-05-19T14:05:00Z,123.16,123.31,123.11,123.2082
2021-05-19T14:06:00Z,123.2,123.39,123.18,123.27
2021-05-19T14:07:00Z,123.26,123.35,123.235,123.33
2021-05-19T14:08:00Z,123.34,123.39,123.3,123.325
2021-05-19T14:09:00Z,123.325,123.54,123.3124,123.4501
2021-05-19T14:10:00Z,123.45,123.6599,123.375,123.57
2021-05-19T14:11:00Z,123.57,123.6336,123.49,123.5
2021-05-19T14:12:00Z,123.5091,123.51,123.39,123.51
2021-05-19T14:13:00Z,123.5121,123.667,123.51,123.565
2021-05-19T14:14:00Z,123.5637,123.69,123.545,123.6
2021-05-19T14:15:00Z,123.59,123.605,123.39,123.495
2021-05-19T14:16:00Z,123.495,123.528,123.36,123.36
2021-05-19T14:17:00Z,123.37,123.637,123.36,123.58
2021-05-19T14:18:00Z,123.58,123.74,123.5791,123.63
2021-05-19T14:19:00Z,123.63,123.785,123.6244,123.755
2021-05-19T14:20:00Z,123.755,123.7979,123.59,123.6053
2021-05-19T14:21:00Z,123.61,123.629,123.47,123.553
2021-05-19T14:22:00Z,123.56,123.7,123.53,123.6761
2021-05-19T14:23:00Z,123.6744,123.7199,123.62,123.68
2021-05-19T14:24:00Z,123.67,123.68,123.53,123.6142
2021-05-19T14:25:00Z,123.615,123.74,123.53,123.7
2021-05-19T14:26:00Z,123.71,123.805,123.71,123.7713
2021-05-19T14:27:00Z,123.77,123.85,123.73,123.78
2021-05-19T14:28:00Z,123.77,123.78,123.67,123.7
2021-05-19T14:29:00Z,123.69,123.8,123.65,123.76
2021-05-19T14:30:00Z,123.7557,123.875,123.6708,123.875
2021-05-19T14:31:00Z,123.88,123.92,123.77,123.92
2021-05-19T14:32:00Z,123.9201,123.98,123.8,123.81
2021-05-19T14:33:00Z,123.81,123.84,123.68,123.745
2021-05-19T14:34:00Z,123.7409,123.77,123.65,123.7
2021-05-19T14:35:00Z,123.71,123.81,123.66,123.77
2021-05-19T14:36:00Z,123.78,123.9099,123.69,123.7
2021-05-19T14:37:00Z,123.705,123.7399,123.66,123.725
2021-05-19T14:38:00Z,123.73,123.73,123.51,123.5502
2021-05-19T14:39:00Z,123.55,123.64,123.48,123.5274
2021-05-19T14:40:00Z,123.52,123.57,123.45,123.51
2021-05-19T14:41:00Z,123.52,123.59,123.46,123.545
2021-05-19T14:42:00Z,123.54,123.58,123.48,123.54
2021-05-19T14:43:00Z,123.54,123.645,123.5,123.625
2021-05-19T14:44:00Z,123.625,123.715,123.54,123.715
2021-05-19T14:45:00Z,123.715,123.89,123.66,123.87
2021-05-19T14:46:00Z,123.87,123.9,123.78,123.795
2021-05-19T14:47:00Z,123.79,123.85,123.76,123.76
2021-05-19T14:48:00Z,123.765,123.855,123.73,123.825
2021-05-19T14:49:00Z,123.82,123.85,123.7501,123.757
2021-05-19T14:50:00Z,123.7599,124.05,123.75,123.991
2021-05-19T14:51:00Z,124,124.005,123.91,123.965
2021-05-19T14:52:00Z,123.965,124.04,123.925,123.99
2021-05-19T14:53:00Z,123.9899,123.9999,123.875,123.875
2021-05-19T14:54:00Z,123.8799,123.955,123.86,123.919
2021-05-19T14:55:00Z,123.92,123.95,123.83,123.885
2021-05-19T14:56:00Z,123.88,123.91,123.77,123.79
2021-05-19T14:57:00Z,123.7999,123.81,123.7299,123.775
2021-05-19T14:58:00Z,123.78,123.8201,123.7,123.73
2021-05-19T14:59:00Z,123.73,123.76,123.6,123.62
2021-05-19T15:00:00Z,123.62,123.65,123.5101,123.55
2021-05-19T15:01:00Z,123.5501,123.5985,123.4701,123.5985
2021-05-19T15:02:00Z,123.6,123.625,123.47,123.495
2021-05-19T15:03:00Z,123.49,123.499,123.415,123.4274
2021-05-19T15:04:00Z,123.42,123.43,123.34,123.38
2021-05-19T15:05:00Z,123.38,123.47,123.37,123.424
2021-05-19T15:06:00Z,123.42,123.44,123.31,123.415
2021-05-19T15:07:00Z,123.429,123.475,123.3312,123.475
2021-05-19T15:08:00Z,123.48,123.77,123.43,123.76
2021-05-19T15:09:00Z,123.75,123.8,123.7,123.73
2021-05-19T15:10:00Z,123.72,123.72,123.64,123.71
2021-05-19T15:11:00Z,123.72,123.84,123.72,123.81
2021-05-19T15:12:00Z,123.8199,123.85,123.78,123.8375
2021-05-19T15:13:00Z,123.84,123.8999,123.83,123.87
2021-05-19T15:14:00Z,123.862,123.94,123.8245,123.86
2021-05-19T15:15:00Z,123.8501,123.95,123.82,123.85
2021-05-19T15:16:00Z,123.855,123.88,123.76,123.775
2021-05-19T15:17:00Z,123.7814,123.87,123.7625,123.7901
2021-05-19T15:18:00Z,123.79,123.8,123.725,123.74
2021-05-19T15:19:00Z,123.743,123.87,123.7399,123.7399
2021-05-19T15:20:00Z,123.74,123.93,123.73,123.9252
2021-05-19T15:21:00Z,123.9291,123.96,123.84,123.94
2021-05-19T15:22:00Z,123.94,124.07,123.92,124.07
2021-05-19T15:23:00Z,124.07,124.12,124.04,124.05
2021-05-19T15:24:00Z,124.055,124.08,123.97,124.0099
2021-05-19T15:25:00Z,124,124.035,123.92,123.9386
2021-05-19T15:26:00Z,123.9301,124.0178,123.89,124
2021-05-19T15:27:00Z,124.0089,124.01,123.9,123.91
2021-05-19T15:28:00Z,123.92,123.93,123.78,123.835
2021-05-19T15:29:00Z,123.84,123.8499,123.745,123.7517
2021-05-19T15:30:00Z,123.755,123.78,123.66,123.67
2021-05-19T15:31:00Z,123.6799,123.757,123.635,123.73
2021-05-19T15:32:00Z,123.735,123.75,123.6575,123.72
2021-05-19T15:33:00Z,123.72,123.7698,123.7,123.72
2021-05-19T15:34:00Z,123.725,123.77,123.58,123.605
2021-05-19T15:35:00Z,123.61,123.6885,123.57,123.68
2021-05-19T15:36:00Z,123.7,123.72,123.615,123.65
2021-05-19T15:37:00Z,123.645,123.705,123.645,123.6836
2021-05-19T15:38:00Z,123.69,123.79,123.69,123.7182
2021-05-19T15:39:00Z,123.71,123.8777,123.69,123.82
2021-05-19T15:40:00Z,123.8187,123.85,123.76,123.81
2021-05-19T15:41:00Z,123.809,123.8138,123.62,123.725
2021-05-19T15:42:00Z,123.72,123.73,123.61,123.6143
2021-05-19T15:43:00Z,123.6116,123.687,123.6,123.67
2021-05-19T15:44:00Z,123.67,123.76,123.64,123.74
2021-05-19T15:45:00Z,123.735,123.76,123.6587,123.6711
2021-05-19T15:46:00Z,123.67,123.705,123.6,123.66
2021-05-19T15:47:00Z,123.66,123.77,123.6569,123.68
2021-05-19T15:48:00Z,123.68,123.705,123.595,123.645
2021-05-19T15:49:00Z,123.64,123.68,123.625,123.66
2021-05-19T15:50:00Z,123.66,123.7,123.599,123.69
2021-05-19T15:51:00Z,123.69,123.7,123.64,123.7
2021-05-19T15:52:00Z,123.7,123.74,123.68,123.69
2021-05-19T15:53:00Z,123.69,123.69,123.55,123.55
2021-05-19T15:54:00Z,123.57,123.64,123.5545,123.6101
2021-05-19T15:55:00Z,123.615,123.7,123.58,123.655
2021-05-19T15:56:00Z,123.65,123.909,123.65,123.88
2021-05-19T15:57:00Z,123.873,123.99,123.84,123.86
2021-05-19T15:58:00Z,123.86,123.86,123.7827,123.845
2021-05-19T15:59:00Z,123.84,123.9001,123.7891,123.9001
2021-05-19T16:00:00Z,123.8901,123.895,123.765,123.835
2021-05-19T16:01:00Z,123.839,123.87,123.79,123.8301
2021-05-19T16:02:00Z,123.84,123.8501,123.78,123.815
2021-05-19T16:03:00Z,123.82,123.84,123.715,123.78
2021-05-19T16:04:00Z,123.78,123.875,123.74,123.865
2021-05-19T16:05:00Z,123.87,123.9,123.8,123.81
2021-05-19T16:06:00Z,123.81,123.86,123.76,123.86
2021-05-19T16:07:00Z,123.86,123.92,123.82,123.91
2021-05-19T16:08:00Z,123.9105,123.95,123.845,123.94
2021-05-19T16:09:00Z,123.95,123.95,123.87,123.88
2021-05-19T16:10:00Z,123.88,123.9799,123.88,123.9799
2021-05-19T16:11:00Z,123.976,123.976,123.92,123.94
2021-05-19T16:12:00Z,123.93,123.97,123.9,123.9501
2021-05-19T16:13:00Z,123.96,124.0198,123.955,123.9698
2021-05-19T16:14:00Z,123.97,124.0093,123.95,123.9708
2021-05-19T16:15:00Z,123.97,124.03,123.95,124.02
2021-05-19T16:16:00Z,124.0101,124.11,123.7573,124.0801
2021-05-19T16:17:00Z,124.08,124.17,124.05,124.1601
2021-05-19T16:18:00Z,124.165,124.17,124.095,124.1298
2021-05-19T16:19:00Z,124.13,124.135,124.035,124.0901
2021-05-19T16:20:00Z,124.09,124.11,124.02,124.0288
2021-05-19T16:21:00Z,124.03,124.07,123.97,124.03
2021-05-19T16:22:00Z,124.04,124.125,124.04,124.0914
2021-05-19T16:23:00Z,124.1,124.2,124.0799,124.15
2021-05-19T16:24:00Z,124.1645,124.215,124.1488,124.2
2021-05-19T16:25:00Z,124.1957,124.205,124.13,124.181
2021-05-19T16:26:00Z,124.19,124.21,124.14,124.1558
2021-05-19T16:27:00Z,124.16,124.2,124.13,124.14
2021-05-19T16:28:00Z,124.14,124.1701,124.03,124.105
2021-05-19T16:29:00Z,124.1,124.1569,124.05,124.15
2021-05-19T16:30:00Z,124.16,124.165,124.09,124.16
2021-05-19T16:31:00Z,124.1699,124.23,124.1699,124.18
2021-05-19T16:32:00Z,124.17,124.25,124.16,124.23
2021-05-19T16:33:00Z,124.24,124.25,124.14,124.145
2021-05-19T16:34:00Z,124.14,124.17,124.1,124.12
2021-05-19T16:35:00Z,124.13,124.23,124.12,124.14
2021-05-19T16:36:00Z,124.13,124.16,124.05,124.0589
2021-05-19T16:37:00Z,124.06,124.115,124.0201,124.03
2021-05-19T16:38:00Z,124.035,124.08,124.01,124.0201
2021-05-19T16:39:00Z,124.025,124.1,124.02,124.0589
2021-05-19T16:40:00Z,124.065,124.09,124.0201,124.0701
2021-05-19T16:41:00Z,124.065,124.07,123.96,123.97
2021-05-19T16:42:00Z,123.97,124.07,123.97,124.06
2021-05-19T16:43:00Z,124.06,124.1799,124.06,124.14
2021-05-19T16:44:00Z,124.15,124.15,123.93,123.96
2021-05-19T16:45:00Z,123.96,124.04,123.96,124.01
2021-05-19T16:46:00Z,124,124.0037,123.87,123.98
2021-05-19T16:47:00Z,123.9789,124,123.88,123.91
2021-05-19T16:48:00Z,123.9001,124.01,123.9,123.9201
2021-05-19T16:49:00Z,123.93,124,123.91,123.93
2021-05-19T16:50:00Z,123.9299,123.93,123.86,123.865
2021-05-19T16:51:00Z,123.87,123.9498,123.84,123.85
2021-05-19T16:52:00Z,123.86,123.96,123.86,123.925
2021-05-19T16:53:00Z,123.93,123.9399,123.8636,123.935
2021-05-19T16:54:00Z,123.925,123.95,123.88,123.935
2021-05-19T16:55:00Z,123.94,124.001,123.9223,124.001
2021-05-19T16:56:00Z,124.0084,124.085,123.96,124.0699
2021-05-19T16:57:00Z,124.06,124.085,124.015,124.06
2021-05-19T16:58:00Z,124.05,124.05,123.95,123.96
2021-05-19T16:59:00Z,123.9641,124,123.935,123.99
2021-05-19T17:00:00Z,123.98,124.05,123.9789,124.05
2021-05-19T17:01:00Z,124.0515,124.24,124.0515,124.2017
2021-05-19T17:02:00Z,124.19,124.28,124.16,124.1999
2021-05-19T17:03:00Z,124.19,124.232,124.19,124.22
2021-05-19T17:04:00Z,124.22,124.2301,124.165,124.18
2021-05-19T17:05:00Z,124.19,124.25,124.15,124.16
2021-05-19T17:06:00Z,124.1689,124.26,124.143,124.26
2021-05-19T17:07:00Z,124.265,124.41,124.265,124.37
2021-05-19T17:08:00Z,124.3792,124.3801,124.33,124.34
2021-05-19T17:09:00Z,124.34,124.3487,124.28,124.3384
2021-05-19T17:10:00Z,124.34,124.377,124.3201,124.3501
2021-05-19T17:11:00Z,124.36,124.39,124.34,124.39
2021-05-19T17:12:00Z,124.385,124.4375,124.36,124.42
2021-05-19T17:13:00Z,124.425,124.439,124.38,124.3968
2021-05-19T17:14:00Z,124.3999,124.3999,124.33,124.3389
2021-05-19T17:15:00Z,124.34,124.3828,124.31,124.35
2021-05-19T17:16:00Z,124.35,124.3532,124.32,124.34
2021-05-19T17:17:00Z,124.345,124.345,124.27,124.3056
2021-05-19T17:18:00Z,124.305,124.32,124.24,124.275
2021-05-19T17:19:00Z,124.275,124.32,124.25,124.285
2021-05-19T17:20:00Z,124.285,124.32,124.271,124.285
2021-05-19T17:21:00Z,124.29,124.31,124.21,124.2185
2021-05-19T17:22:00Z,124.215,124.2482,124.19,124.21
2021-05-19T17:23:00Z,124.2,124.2596,124.2,124.24
2021-05-19T17:24:00Z,124.24,124.26,124.14,124.15
2021-05-19T17:25:00Z,124.145,124.21,124.12,124.16
2021-05-19T17:26:00Z,124.16,124.2,124.15,124.17
2021-05-19T17:27:00Z,124.18,124.2099,124.15,124.1759
2021-05-19T17:28:00Z,124.18,124.1988,124.14,124.15
2021-05-19T17:29:00Z,124.15,124.27,124.14,124.2501
2021-05-19T17:30:00Z,124.25,124.27,124.17,124.22
2021-05-19T17:31:00Z,124.22,124.2398,124.14,124.165
2021-05-19T17:32:00Z,124.16,124.18,124.1268,124.147
2021-05-19T17:33:00Z,124.145,124.166,124.09,124.11
2021-05-19T17:34:00Z,124.12,124.1201,124.05,124.0713
2021-05-19T17:35:00Z,124.08,124.12,124.05,124.075
2021-05-19T17:36:00Z,124.075,124.085,123.97,124.01
2021-05-19T17:37:00Z,124.01,124.0756,124,124.03
2021-05-19T17:38:00Z,124.03,124.1,124.02,124.06
2021-05-19T17:39:00Z,124.0622,124.135,124.061,124.085
2021-05-19T17:40:00Z,124.09,124.0999,124.03,124.044
2021-05-19T17:41:00Z,124.045,124.055,123.97,124.0126
2021-05-19T17:42:00Z,124.02,124.035,123.99,124.025
2021-05-19T17:43:00Z,124.03,124.04,124,124.03
2021-05-19T17:44:00Z,124.03,124.1,124.005,124.085
2021-05-19T17:45:00Z,124.09,124.16,124.08,124.0801
2021-05-19T17:46:00Z,124.085,124.1283,124.05,124.12
2021-05-19T17:47:00Z,124.1299,124.1782,124.11,124.12
2021-05-19T17:48:00Z,124.13,124.21,124.12,124.206
2021-05-19T17:49:00Z,124.2099,124.2099,124.1531,124.1936
2021-05-19T17:50:00Z,124.1957,124.26,124.17,124.245
2021-05-19T17:51:00Z,124.24,124.24,124.16,124.2
2021-05-19T17:52:00Z,124.195,124.2599,124.1947,124.2599
2021-05-19T17:53:00Z,124.26,124.35,124.26,124.31
2021-05-19T17:54:00Z,124.3,124.3598,124.27,124.34
2021-05-19T17:55:00Z,124.345,124.42,124.34,124.35
2021-05-19T17:56:00Z,124.3401,124.3473,124.29,124.3
2021-05-19T17:57:00Z,124.305,124.325,124.275,124.29
2021-05-19T17:58:00Z,124.295,124.31,124.23,124.24
2021-05-19T17:59:00Z,124.25,124.33,124.24,124.26
2021-05-19T18:00:00Z,124.26,124.31,124.18,124.285
2021-05-19T18:01:00Z,124.28,124.4,124.22,124.345
2021-05-19T18:02:00Z,124.365,124.5,124.34,124.4701
2021-05-19T18:03:00Z,124.46,124.49,124.4299,124.44
2021-05-19T18:04:00Z,124.44,124.4599,123.92,123.93
2021-05-19T18:05:00Z,123.95,123.9999,123.63,123.682
2021-05-19T18:06:00Z,123.69,123.81,123.61,123.74
2021-05-19T18:07:00Z,123.7399,123.74,123.58,123.58
2021-05-19T18:08:00Z,123.588,123.6279,123.5,123.62
2021-05-19T18:09:00Z,123.63,123.7588,123.618,123.7401
2021-05-19T18:10:00Z,123.74,123.8301,123.7,123.745
2021-05-19T18:11:00Z,123.74,123.76,123.62,123.67
2021-05-19T18:12:00Z,123.66,123.74,123.62,123.69
2021-05-19T18:13:00Z,123.69,123.83,123.66,123.82
2021-05-19T18:14:00Z,123.815,123.91,123.765,123.78
2021-05-19T18:15:00Z,123.775,123.775,123.54,123.603
2021-05-19T18:16:00Z,123.6028,123.755,123.6026,123.73
2021-05-19T18:17:00Z,123.73,123.87,123.705,123.87
2021-05-19T18:18:00Z,123.86,123.88,123.78,123.87
2021-05-19T18:19:00Z,123.86,123.9316,123.82,123.919
2021-05-19T18:20:00Z,123.94,124.29,123.92,124.16
2021-05-19T18:21:00Z,124.1501,124.2899,124.15,124.2799
2021-05-19T18:22:00Z,124.28,124.49,124.26,124.49
2021-05-19T18:23:00Z,124.48,124.72,124.48,124.705
2021-05-19T18:24:00Z,124.71,124.7199,124.52,124.605
2021-05-19T18:25:00Z,124.58,124.63,124.53,124.6043
2021-05-19T18:26:00Z,124.6,124.669,124.57,124.6
2021-05-19T18:27:00Z,124.6001,124.665,124.55,124.5722
2021-05-19T18:28:00Z,124.58,124.6999,124.56,124.685
2021-05-19T18:29:00Z,124.69,124.79,124.675,124.7199
2021-05-19T18:30:00Z,124.71,124.915,124.7014,124.845
2021-05-19T18:31:00Z,124.85,124.865,124.68,124.69
2021-05-19T18:32:00Z,124.695,124.78,124.59,124.605
2021-05-19T18:33:00Z,124.605,124.71,124.47,124.48
2021-05-19T18:34:00Z,124.48,124.54,124.43,124.49
2021-05-19T18:35:00Z,124.5,124.52,124.4081,124.47
2021-05-19T18:36:00Z,124.47,124.54,124.44,124.48
2021-05-19T18:37:00Z,124.487,124.5,124.2009,124.2658
2021-05-19T18:38:00Z,124.27,124.27,124.11,124.1787
2021-05-19T18:39:00Z,124.1858,124.235,124.12,124.15
2021-05-19T18:40:00Z,124.15,124.2,124.0321,124.11
2021-05-19T18:41:00Z,124.1188,124.17,124.05,124.1093
2021-05-19T18:42:00Z,124.1,124.21,124.02,124.2
2021-05-19T18:43:00Z,124.2,124.2,124.04,124.125
2021-05-19T18:44:00Z,124.12,124.1299,124.05,124.0856
2021-05-19T18:45:00Z,124.09,124.125,123.971,124.04
2021-05-19T18:46:00Z,124.055,124.07,123.9514,123.96
2021-05-19T18:47:00Z,123.95,123.99,123.91,123.971
2021-05-19T18:48:00Z,123.97,124.04,123.91,124
2021-05-19T18:49:00Z,123.99,124.008,123.92,124
2021-05-19T18:50:00Z,124,124.0313,123.92,123.96
2021-05-19T18:51:00Z,123.97,124.0603,123.91,124
2021-05-19T18:52:00Z,123.99,124.02,123.935,123.935
2021-05-19T18:53:00Z,123.94,124,123.91,123.9782
2021-05-19T18:54:00Z,123.97,123.995,123.87,123.995
2021-05-19T18:55:00Z,123.99,124.05,123.83,123.91
2021-05-19T18:56:00Z,123.91,123.95,123.81,123.91
2021-05-19T18:57:00Z,123.91,124.12,123.88,124.075
2021-05-19T18:58:00Z,124.0873,124.22,124.04,124.089
2021-05-19T18:59:00Z,124.08,124.12,123.9211,123.95
2021-05-19T19:00:00Z,123.97,123.9717,123.8199,123.85
2021-05-19T19:01:00Z,123.85,123.94,123.835,123.88
2021-05-19T19:02:00Z,123.87,123.9,123.77,123.7816
2021-05-19T19:03:00Z,123.79,123.94,123.79,123.92
2021-05-19T19:04:00Z,123.93,123.97,123.8801,123.91
2021-05-19T19:05:00Z,123.9201,124.07,123.89,124.0501
2021-05-19T19:06:00Z,124.06,124.06,123.93,124.03
2021-05-19T19:07:00Z,124.03,124.18,124.03,124.15
2021-05-19T19:08:00Z,124.16,124.1794,124.11,124.165
2021-05-19T19:09:00Z,124.1694,124.185,124.11,124.1299
2021-05-19T19:10:00Z,124.1125,124.27,124.09,124.205
2021-05-19T19:11:00Z,124.2,124.255,124.1609,124.21
2021-05-19T19:12:00Z,124.22,124.2643,124.17,124.2115
2021-05-19T19:13:00Z,124.21,124.34,124.18,124.315
2021-05-19T19:14:00Z,124.315,124.315,124.22,124.22
2021-05-19T19:15:00Z,124.21,124.32,124.2,124.305
2021-05-19T19:16:00Z,124.3001,124.34,124.22,124.25
2021-05-19T19:17:00Z,124.24,124.29,124.23,124.24
2021-05-19T19:18:00Z,124.23,124.27,124.18,124.21
2021-05-19T19:19:00Z,124.205,124.27,124.175,124.2149
2021-05-19T19:20:00Z,124.22,124.22,124.07,124.1695
2021-05-19T19:21:00Z,124.17,124.205,124.0799,124.085
2021-05-19T19:22:00Z,124.0874,124.25,124.085,124.22
2021-05-19T19:23:00Z,124.215,124.35,124.16,124.33
2021-05-19T19:24:00Z,124.34,124.46,124.31,124.38
2021-05-19T19:25:00Z,124.38,124.45,124.36,124.37
2021-05-19T19:26:00Z,124.36,124.41,124.34,124.36
2021-05-19T19:27:00Z,124.36,124.365,124.31,124.35
2021-05-19T19:28:00Z,124.36,124.56,124.36,124.5597
2021-05-19T19:29:00Z,124.5501,124.64,124.49,124.5472
2021-05-19T19:30:00Z,124.545,124.57,124.4399,124.45
2021-05-19T19:31:00Z,124.45,124.48,124.3311,124.37
2021-05-19T19:32:00Z,124.365,124.39,124.23,124.25
2021-05-19T19:33:00Z,124.24,124.27,124.172,124.195
2021-05-19T19:34:00Z,124.195,124.295,124.175,124.27
2021-05-19T19:35:00Z,124.2799,124.315,124.23,124.27
2021-05-19T19:36:00Z,124.26,124.3,124.19,124.24
2021-05-19T19:37:00Z,124.24,124.28,124.18,124.235
2021-05-19T19:38:00Z,124.2322,124.27,124.18,124.2001
2021-05-19T19:39:00Z,124.21,124.28,124.18,124.28
2021-05-19T19:40:00Z,124.27,124.28,124.13,124.14
2021-05-19T19:41:00Z,124.145,124.19,124.11,124.15
2021-05-19T19:42:00Z,124.155,124.17,124.12,124.135
2021-05-19T19:43:00Z,124.135,124.16,124.1,124.12
2021-05-19T19:44:00Z,124.13,124.17,124.02,124.07
2021-05-19T19:45:00Z,124.07,124.15,124.04,124.09
2021-05-19T19:46:00Z,124.095,124.095,124.03,124.05
2021-05-19T19:47:00Z,124.045,124.08,123.88,123.94
2021-05-19T19:48:00Z,123.95,123.99,123.9,123.966
2021-05-19T19:49:00Z,123.96,124.04,123.945,124.011
2021-05-19T19:50:00Z,124.02,124.28,123.97,124.205
2021-05-19T19:51:00Z,124.2,124.38,124.1485,124.355
2021-05-19T19:52:00Z,124.35,124.425,124.265,124.3173
2021-05-19T19:53:00Z,124.32,124.36,124.25,124.31
2021-05-19T19:54:00Z,124.31,124.56,124.29,124.46
2021-05-19T19:55:00Z,124.45,124.5396,124.38,124.538
2021-05-19T19:56:00Z,124.53,124.61,124.48,124.6028
2021-05-19T19:57:00Z,124.605,124.62,124.459,124.515
2021-05-19T19:58:00Z,124.51,124.66,124.48,124.655
2021-05-19T19:59:00Z,124.66,124.79,124.58,124.69
