2018-03-15T13:30:00Z,178.45,178.79,178.43,178.705
2018-03-15T13:31:00Z,178.705,178.75,178.45,178.61
2018-03-15T13:32:00Z,178.61,178.82,178.61,178.8
2018-03-15T13:33:00Z,178.7803,178.83,178.7,178.71
2018-03-15T13:34:00Z,178.69,178.72,178.47,178.55
2018-03-15T13:35:00Z,178.55,178.66,178.27,178.4
2018-03-15T13:36:00Z,178.4,178.57,178.4,178.5686
2018-03-15T13:37:00Z,178.5732,178.7632,178.53,178.7
2018-03-15T13:38:00Z,178.7,178.73,178.61,178.6725
2018-03-15T13:39:00Z,178.67,178.7,178.6,178.68
2018-03-15T13:40:00Z,178.6601,178.68,178.45,178.46
2018-03-15T13:41:00Z,178.47,178.6,178.4551,178.59
2018-03-15T13:42:00Z,178.56,178.66,178.52,178.64
2018-03-15T13:43:00Z,178.6455,178.73,178.59,178.69
2018-03-15T13:44:00Z,178.68,178.69,178.59,178.68
2018-03-15T13:45:00Z,178.67,178.7,178.32,178.4232
2018-03-15T13:46:00Z,178.41,178.52,178.4,178.48
2018-03-15T13:47:00Z,178.49,178.5,178.38,178.44
2018-03-15T13:48:00Z,178.4125,178.51,178.405,178.51
2018-03-15T13:49:00Z,178.5,178.5,178.4,178.425
2018-03-15T13:50:00Z,178.42,178.55,178.42,178.54
2018-03-15T13:51:00Z,178.545,178.64,178.51,178.62
2018-03-15T13:52:00Z,178.625,178.66,178.57,178.649
2018-03-15T13:53:00Z,178.63,178.69,178.58,178.62
2018-03-15T13:54:00Z,178.61,178.65,178.58,178.63
2018-03-15T13:55:00Z,178.62,178.65,178.58,178.63
2018-03-15T13:56:00Z,178.63,178.65,178.58,178.61
2018-03-15T13:57:00Z,178.61,178.61,178.46,178.55
2018-03-15T13:58:00Z,178.565,178.64,178.56,178.6398
2018-03-15T13:59:00Z,178.64,178.67,178.63,178.649
2018-03-15T14:00:00Z,178.64,178.96,178.64,178.9552
2018-03-15T14:01:00Z,178.9599,179.14,178.9488,179.09
2018-03-15T14:02:00Z,179.1,179.11,178.97,179.01
2018-03-15T14:03:00Z,179.01,179.11,178.9,179.09
2018-03-15T14:04:00Z,179.09,179.32,179.08,179.31
2018-03-15T14:05:00Z,179.29,179.44,179.29,179.42
2018-03-15T14:06:00Z,179.42,179.44,179.26,179.34
2018-03-15T14:07:00Z,179.34,179.46,179.32,179.46
2018-03-15T14:08:00Z,179.445,179.5,179.29,179.31
2018-03-15T14:09:00Z,179.3149,179.48,179.3,179.46
2018-03-15T14:10:00Z,179.47,179.56,179.46,179.495
2018-03-15T14:11:00Z,179.515,179.52,179.34,179.3542
2018-03-15T14:12:00Z,179.3558,179.4,179.1767,179.196
2018-03-15T14:13:00Z,179.1938,179.33,179.17,179.3202
2018-03-15T14:14:00Z,179.31,179.35,179.15,179.17
2018-03-15T14:15:00Z,179.17,179.33,179.155,179.33
2018-03-15T14:16:00Z,179.32,179.405,179.31,179.32
2018-03-15T14:17:00Z,179.325,179.325,179.22,179.23
2018-03-15T14:18:00Z,179.225,179.23,179.15,179.2175
2018-03-15T14:19:00Z,179.21,179.28,179.205,179.25
2018-03-15T14:20:00Z,179.25,179.2756,179.22,179.2724
2018-03-15T14:21:00Z,179.28,179.33,179.25,179.33
2018-03-15T14:22:00Z,179.33,179.4,179.3193,179.4
2018-03-15T14:23:00Z,179.3975,179.48,179.39,179.47
2018-03-15T14:24:00Z,179.48,179.51,179.45,179.46
2018-03-15T14:25:00Z,179.46,179.5,179.421,179.49
2018-03-15T14:26:00Z,179.49,179.53,179.47,179.49
2018-03-15T14:27:00Z,179.49,179.52,179.35,179.41
2018-03-15T14:28:00Z,179.41,179.5,179.4,179.49
2018-03-15T14:29:00Z,179.49,179.52,179.4544,179.4544
2018-03-15T14:30:00Z,179.46,179.74,179.46,179.71
2018-03-15T14:31:00Z,179.7,179.73,179.65,179.67
2018-03-15T14:32:00Z,179.66,179.67,179.55,179.59
2018-03-15T14:33:00Z,179.6,179.6503,179.54,179.61
2018-03-15T14:34:00Z,179.6,179.6,179.5,179.54
2018-03-15T14:35:00Z,179.54,179.62,179.53,179.5804
2018-03-15T14:36:00Z,179.58,179.62,179.55,179.61
2018-03-15T14:37:00Z,179.61,179.6193,179.5,179.5038
2018-03-15T14:38:00Z,179.505,179.5199,179.4,179.43
2018-03-15T14:39:00Z,179.43,179.43,179.18,179.2675
2018-03-15T14:40:00Z,179.25,179.33,179.24,179.3
2018-03-15T14:41:00Z,179.32,179.34,179.29,179.3201
2018-03-15T14:42:00Z,179.339,179.42,179.3,179.36
2018-03-15T14:43:00Z,179.33,179.44,179.33,179.4156
2018-03-15T14:44:00Z,179.41,179.42,179.22,179.28
2018-03-15T14:45:00Z,179.28,179.3,179.2,179.25
2018-03-15T14:46:00Z,179.2401,179.269,179.2,179.2198
2018-03-15T14:47:00Z,179.22,179.25,179.13,179.1818
2018-03-15T14:48:00Z,179.16,179.438,179.16,179.42
2018-03-15T14:49:00Z,179.41,179.42,179.32,179.36
2018-03-15T14:50:00Z,179.3575,179.4,179.22,179.26
2018-03-15T14:51:00Z,179.2555,179.35,179.25,179.35
2018-03-15T14:52:00Z,179.35,179.39,179.29,179.39
2018-03-15T14:53:00Z,179.39,179.39,179.3,179.35
2018-03-15T14:54:00Z,179.36,179.37,179.31,179.3352
2018-03-15T14:55:00Z,179.33,179.51,179.33,179.49
2018-03-15T14:56:00Z,179.5,179.57,179.48,179.57
2018-03-15T14:57:00Z,179.58,179.58,179.53,179.54
2018-03-15T14:58:00Z,179.545,179.6,179.54,179.5748
2018-03-15T14:59:00Z,179.5745,179.58,179.47,179.4903
2018-03-15T15:00:00Z,179.49,179.63,179.49,179.621
2018-03-15T15:01:00Z,179.62,179.77,179.58,179.749
2018-03-15T15:02:00Z,179.74,179.79,179.68,179.68
2018-03-15T15:03:00Z,179.7,179.74,179.66,179.74
2018-03-15T15:04:00Z,179.73,179.74,179.6,179.6119
2018-03-15T15:05:00Z,179.62,179.74,179.61,179.72
2018-03-15T15:06:00Z,179.72,179.83,179.72,179.7535
2018-03-15T15:07:00Z,179.76,179.89,179.76,179.88
2018-03-15T15:08:00Z,179.88,179.89,179.7576,179.76
2018-03-15T15:09:00Z,179.76,179.83,179.7347,179.82
2018-03-15T15:10:00Z,179.83,179.89,179.76,179.77
2018-03-15T15:11:00Z,179.7601,179.95,179.7498,179.931
2018-03-15T15:12:00Z,179.935,179.95,179.8284,179.9
2018-03-15T15:13:00Z,179.9,179.95,179.89,179.93
2018-03-15T15:14:00Z,179.94,179.97,179.91,179.95
2018-03-15T15:15:00Z,179.95,180.05,179.95,179.97
2018-03-15T15:16:00Z,179.975,180.09,179.975,180.03
2018-03-15T15:17:00Z,180.0253,180.07,179.99,179.99
2018-03-15T15:18:00Z,179.97,180.05,179.94,180.0388
2018-03-15T15:19:00Z,180.03,180.06,179.95,180.06
2018-03-15T15:20:00Z,180.0626,180.13,180.001,180.06
2018-03-15T15:21:00Z,180.05,180.0946,179.991,180.01
2018-03-15T15:22:00Z,180.03,180.05,180,180.01
2018-03-15T15:23:00Z,180.02,180.06,180,180.05
2018-03-15T15:24:00Z,180.0466,180.0966,180.0391,180.0966
2018-03-15T15:25:00Z,180.1,180.15,180.1,180.14
2018-03-15T15:26:00Z,180.14,180.24,180.13,180.16
2018-03-15T15:27:00Z,180.15,180.16,180.04,180.0501
2018-03-15T15:28:00Z,180.06,180.07,179.93,180.0251
2018-03-15T15:29:00Z,180.01,180.02,179.94,179.96
2018-03-15T15:30:00Z,179.97,179.9798,179.82,179.8501
2018-03-15T15:31:00Z,179.85,179.86,179.75,179.81
2018-03-15T15:32:00Z,179.82,179.82,179.77,179.78
2018-03-15T15:33:00Z,179.78,179.78,179.7,179.7352
2018-03-15T15:34:00Z,179.7298,179.75,179.68,179.68
2018-03-15T15:35:00Z,179.68,179.81,179.67,179.81
2018-03-15T15:36:00Z,179.815,179.85,179.795,179.8143
2018-03-15T15:37:00Z,179.815,179.95,179.815,179.94
2018-03-15T15:38:00Z,179.94,179.99,179.93,179.95
2018-03-15T15:39:00Z,179.95,179.95,179.885,179.94
2018-03-15T15:40:00Z,179.945,179.95,179.915,179.925
2018-03-15T15:41:00Z,179.92,179.94,179.73,179.73
2018-03-15T15:42:00Z,179.72,179.78,179.72,179.775
2018-03-15T15:43:00Z,179.78,179.83,179.75,179.81
2018-03-15T15:44:00Z,179.81,179.9,179.81,179.85
2018-03-15T15:45:00Z,179.86,179.96,179.855,179.96
2018-03-15T15:46:00Z,179.96,179.98,179.94,179.95
2018-03-15T15:47:00Z,179.955,179.96,179.91,179.91
2018-03-15T15:48:00Z,179.92,179.92,179.82,179.841
2018-03-15T15:49:00Z,179.85,179.85,179.76,179.83
2018-03-15T15:50:00Z,179.82,179.82,179.75,179.75
2018-03-15T15:51:00Z,179.755,179.91,179.755,179.9
2018-03-15T15:52:00Z,179.89,179.93,179.89,179.8953
2018-03-15T15:53:00Z,179.91,179.91,179.77,179.819
2018-03-15T15:54:00Z,179.81,179.81,179.53,179.547
2018-03-15T15:55:00Z,179.54,179.58,179.45,179.5659
2018-03-15T15:56:00Z,179.569,179.66,179.56,179.6499
2018-03-15T15:57:00Z,179.645,179.68,179.61,179.65
2018-03-15T15:58:00Z,179.65,179.7869,179.645,179.77
2018-03-15T15:59:00Z,179.77,179.8,179.74,179.79
2018-03-15T16:00:00Z,179.79,179.87,179.74,179.8
2018-03-15T16:01:00Z,179.805,179.83,179.78,179.7912
2018-03-15T16:02:00Z,179.8,179.85,179.7949,179.8098
2018-03-15T16:03:00Z,179.805,179.811,179.72,179.7992
2018-03-15T16:04:00Z,179.77,179.8,179.74,179.77
2018-03-15T16:05:00Z,179.77,179.79,179.71,179.72
2018-03-15T16:06:00Z,179.73,179.7362,179.64,179.65
2018-03-15T16:07:00Z,179.66,179.76,179.6441,179.75
2018-03-15T16:08:00Z,179.75,179.7802,179.69,179.7802
2018-03-15T16:09:00Z,179.7736,179.7736,179.61,179.63
2018-03-15T16:10:00Z,179.63,179.7,179.61,179.635
2018-03-15T16:11:00Z,179.62,179.62,179.46,179.46
2018-03-15T16:12:00Z,179.4648,179.51,179.36,179.4553
2018-03-15T16:13:00Z,179.45,179.52,179.44,179.46
2018-03-15T16:14:00Z,179.47,179.51,179.46,179.5
2018-03-15T16:15:00Z,179.5,179.56,179.43,179.435
2018-03-15T16:16:00Z,179.43,179.5,179.43,179.48
2018-03-15T16:17:00Z,179.48,179.48,179.42,179.469
2018-03-15T16:18:00Z,179.47,179.5848,179.46,179.565
2018-03-15T16:19:00Z,179.57,179.5762,179.49,179.52
2018-03-15T16:20:00Z,179.52,179.56,179.5,179.5529
2018-03-15T16:21:00Z,179.55,179.58,179.52,179.5704
2018-03-15T16:22:00Z,179.56,179.59,179.53,179.58
2018-03-15T16:23:00Z,179.585,179.6,179.5,179.54
2018-03-15T16:24:00Z,179.52,179.52,179.3801,179.41
2018-03-15T16:25:00Z,179.41,179.5,179.4,179.4755
2018-03-15T16:26:00Z,179.47,179.55,179.46,179.48
2018-03-15T16:27:00Z,179.4836,179.5,179.42,179.491
2018-03-15T16:28:00Z,179.49,179.53,179.47,179.51
2018-03-15T16:29:00Z,179.52,179.52,179.4201,179.45
2018-03-15T16:30:00Z,179.46,179.51,179.45,179.5
2018-03-15T16:31:00Z,179.5,179.54,179.27,179.29
2018-03-15T16:32:00Z,179.28,179.36,179.24,179.2911
2018-03-15T16:33:00Z,179.28,179.43,179.2,179.4116
2018-03-15T16:34:00Z,179.4011,179.424,179.27,179.31
2018-03-15T16:35:00Z,179.33,179.34,179.28,179.31
2018-03-15T16:36:00Z,179.3189,179.33,179.3174,179.32
2018-03-15T16:37:00Z,179.34,179.34,179.27,179.3
2018-03-15T16:38:00Z,179.3,179.39,179.3,179.36
2018-03-15T16:39:00Z,179.37,179.37,179.22,179.249
2018-03-15T16:40:00Z,179.24,179.27,179.15,179.19
2018-03-15T16:41:00Z,179.21,179.32,179.21,179.269
2018-03-15T16:42:00Z,179.27,179.42,179.27,179.37
2018-03-15T16:43:00Z,179.36,179.45,179.35,179.44
2018-03-15T16:44:00Z,179.44,179.5103,179.4187,179.5
2018-03-15T16:45:00Z,179.5,179.51,179.43,179.44
2018-03-15T16:46:00Z,179.4448,179.53,179.37,179.53
2018-03-15T16:47:00Z,179.52,179.575,179.5,179.57
2018-03-15T16:48:00Z,179.57,179.6,179.48,179.5
2018-03-15T16:49:00Z,179.5,179.56,179.49,179.5419
2018-03-15T16:50:00Z,179.55,179.66,179.55,179.66
2018-03-15T16:51:00Z,179.6501,179.81,179.64,179.795
2018-03-15T16:52:00Z,179.78,179.799,179.71,179.77
2018-03-15T16:53:00Z,179.7601,179.77,179.64,179.64
2018-03-15T16:54:00Z,179.64,179.65,179.61,179.63
2018-03-15T16:55:00Z,179.63,179.63,179.52,179.52
2018-03-15T16:56:00Z,179.5101,179.5352,179.44,179.47
2018-03-15T16:57:00Z,179.48,179.49,179.43,179.49
2018-03-15T16:58:00Z,179.48,179.56,179.48,179.535
2018-03-15T16:59:00Z,179.53,179.57,179.51,179.5299
2018-03-15T17:00:00Z,179.52,179.54,179.46,179.4701
2018-03-15T17:01:00Z,179.47,179.5,179.45,179.48
2018-03-15T17:02:00Z,179.485,179.51,179.45,179.51
2018-03-15T17:03:00Z,179.51,179.51,179.43,179.436
2018-03-15T17:04:00Z,179.44,179.51,179.44,179.5075
2018-03-15T17:05:00Z,179.5,179.505,179.43,179.43
2018-03-15T17:06:00Z,179.44,179.47,179.4199,179.46
2018-03-15T17:07:00Z,179.4638,179.49,179.42,179.43
2018-03-15T17:08:00Z,179.44,179.49,179.4301,179.47
2018-03-15T17:09:00Z,179.47,179.59,179.47,179.56
2018-03-15T17:10:00Z,179.57,179.57,179.53,179.535
2018-03-15T17:11:00Z,179.54,179.55,179.49,179.5101
2018-03-15T17:12:00Z,179.52,179.62,179.52,179.575
2018-03-15T17:13:00Z,179.56,179.58,179.5496,179.555
2018-03-15T17:14:00Z,179.55,179.57,179.49,179.5
2018-03-15T17:15:00Z,179.49,179.49,179.42,179.42
2018-03-15T17:16:00Z,179.41,179.41,179.19,179.19
2018-03-15T17:17:00Z,179.1903,179.2,179,179.04
2018-03-15T17:18:00Z,179.04,179.09,178.95,179.04
2018-03-15T17:19:00Z,179.02,179.04,178.89,178.95
2018-03-15T17:20:00Z,178.94,178.99,178.83,178.96
2018-03-15T17:21:00Z,178.945,179.11,178.9445,179.045
2018-03-15T17:22:00Z,179.035,179.075,178.933,178.9422
2018-03-15T17:23:00Z,178.93,179.01,178.9,178.9849
2018-03-15T17:24:00Z,178.9834,179,178.89,178.99
2018-03-15T17:25:00Z,179,179.12,179,179.0175
2018-03-15T17:26:00Z,179.01,179.05,178.99,179.05
2018-03-15T17:27:00Z,179.0401,179.0811,179.02,179.0352
2018-03-15T17:28:00Z,179.04,179.1,179.04,179.07
2018-03-15T17:29:00Z,179.08,179.15,179.0775,179.12
2018-03-15T17:30:00Z,179.13,179.18,179.08,179.131
2018-03-15T17:31:00Z,179.15,179.1601,179.11,179.125
2018-03-15T17:32:00Z,179.13,179.155,179.07,179.08
2018-03-15T17:33:00Z,179.0738,179.11,179.06,179.094
2018-03-15T17:34:00Z,179.09,179.1,179.01,179.02
2018-03-15T17:35:00Z,179.0299,179.08,179.0195,179.07
2018-03-15T17:36:00Z,179.0749,179.1,179.07,179.08
2018-03-15T17:37:00Z,179.07,179.1151,179.06,179.08
2018-03-15T17:38:00Z,179.076,179.1,179.05,179.091
2018-03-15T17:39:00Z,179.09,179.11,179.07,179.1
2018-03-15T17:40:00Z,179.1,179.1,179.05,179.07
2018-03-15T17:41:00Z,179.07,179.08,178.99,178.99
2018-03-15T17:42:00Z,178.99,179.01,178.9501,178.9705
2018-03-15T17:43:00Z,178.975,179,178.97,178.99
2018-03-15T17:44:00Z,178.98,178.999,178.9501,178.96
2018-03-15T17:45:00Z,178.96,178.961,178.76,178.795
2018-03-15T17:46:00Z,178.8,178.82,178.765,178.78
2018-03-15T17:47:00Z,178.77,178.8,178.739,178.7456
2018-03-15T17:48:00Z,178.75,178.8,178.55,178.58
2018-03-15T17:49:00Z,178.57,178.75,178.57,178.72
2018-03-15T17:50:00Z,178.73,178.78,178.6946,178.7
2018-03-15T17:51:00Z,178.7,178.7,178.61,178.66
2018-03-15T17:52:00Z,178.66,178.69,178.61,178.63
2018-03-15T17:53:00Z,178.62,178.64,178.52,178.55
2018-03-15T17:54:00Z,178.5399,178.6,178.5396,178.6
2018-03-15T17:55:00Z,178.6,178.6,178.3252,178.3252
2018-03-15T17:56:00Z,178.3388,178.36,178.18,178.18
2018-03-15T17:57:00Z,178.1864,178.27,178.1,178.18
2018-03-15T17:58:00Z,178.18,178.33,178.17,178.26
2018-03-15T17:59:00Z,178.23,178.29,178.18,178.18
2018-03-15T18:00:00Z,178.17,178.24,178.1,178.1
2018-03-15T18:01:00Z,178.1,178.14,178.0701,178.11
2018-03-15T18:02:00Z,178.12,178.22,178.11,178.199
2018-03-15T18:03:00Z,178.2,178.41,178.195,178.39
2018-03-15T18:04:00Z,178.41,178.56,178.41,178.51
2018-03-15T18:05:00Z,178.53,178.54,178.47,178.47
2018-03-15T18:06:00Z,178.47,178.48,178.36,178.38
2018-03-15T18:07:00Z,178.39,178.56,178.355,178.54
2018-03-15T18:08:00Z,178.525,178.5399,178.46,178.48
2018-03-15T18:09:00Z,178.4852,178.59,178.48,178.56
2018-03-15T18:10:00Z,178.555,178.58,178.5,178.505
2018-03-15T18:11:00Z,178.5,178.54,178.45,178.525
2018-03-15T18:12:00Z,178.53,178.59,178.49,178.58
2018-03-15T18:13:00Z,178.58,178.58,178.47,178.5
2018-03-15T18:14:00Z,178.51,178.59,178.35,178.4267
2018-03-15T18:15:00Z,178.43,178.54,178.43,178.5
2018-03-15T18:16:00Z,178.5,178.58,178.485,178.55
2018-03-15T18:17:00Z,178.56,178.65,178.53,178.65
2018-03-15T18:18:00Z,178.65,178.71,178.62,178.63
2018-03-15T18:19:00Z,178.64,178.73,178.61,178.61
2018-03-15T18:20:00Z,178.6051,178.7,178.6,178.66
2018-03-15T18:21:00Z,178.665,178.6819,178.59,178.6
2018-03-15T18:22:00Z,178.61,178.7,178.59,178.6865
2018-03-15T18:23:00Z,178.68,178.68,178.595,178.65
2018-03-15T18:24:00Z,178.66,178.66,178.55,178.59
2018-03-15T18:25:00Z,178.59,178.68,178.56,178.5693
2018-03-15T18:26:00Z,178.56,178.56,178.42,178.43
2018-03-15T18:27:00Z,178.43,178.47,178.4,178.42
2018-03-15T18:28:00Z,178.43,178.461,178.41,178.461
2018-03-15T18:29:00Z,178.47,178.53,178.38,178.39
2018-03-15T18:30:00Z,178.4,178.56,178.39,178.46
2018-03-15T18:31:00Z,178.47,178.52,178.42,178.495
2018-03-15T18:32:00Z,178.49,178.49,178.4198,178.425
2018-03-15T18:33:00Z,178.42,178.45,178.38,178.45
2018-03-15T18:34:00Z,178.46,178.57,178.46,178.52
2018-03-15T18:35:00Z,178.501,178.62,178.47,178.6
2018-03-15T18:36:00Z,178.591,178.63,178.54,178.54
2018-03-15T18:37:00Z,178.55,178.56,178.45,178.45
2018-03-15T18:38:00Z,178.46,178.5,178.4577,178.4849
2018-03-15T18:39:00Z,178.49,178.5,178.44,178.475
2018-03-15T18:40:00Z,178.48,178.5301,178.46,178.5
2018-03-15T18:41:00Z,178.5,178.54,178.455,178.515
2018-03-15T18:42:00Z,178.54,178.56,178.43,178.46
2018-03-15T18:43:00Z,178.47,178.5,178.34,178.42
2018-03-15T18:44:00Z,178.41,178.45,178.37,178.3799
2018-03-15T18:45:00Z,178.375,178.46,178.32,178.44
2018-03-15T18:46:00Z,178.44,178.47,178.4,178.42
2018-03-15T18:47:00Z,178.43,178.56,178.425,178.53
2018-03-15T18:48:00Z,178.53,178.55,178.49,178.51
2018-03-15T18:49:00Z,178.49,178.52,178.41,178.46
2018-03-15T18:50:00Z,178.47,178.53,178.465,178.52
2018-03-15T18:51:00Z,178.52,178.53,178.44,178.45
2018-03-15T18:52:00Z,178.45,178.5,178.42,178.48
2018-03-15T18:53:00Z,178.48,178.48,178.44,178.445
2018-03-15T18:54:00Z,178.44,178.54,178.44,178.52
2018-03-15T18:55:00Z,178.515,178.68,178.514,178.68
2018-03-15T18:56:00Z,178.6658,178.6658,178.58,178.58
2018-03-15T18:57:00Z,178.58,178.63,178.51,178.615
2018-03-15T18:58:00Z,178.615,178.8086,178.6,178.78
2018-03-15T18:59:00Z,178.785,178.96,178.7802,178.9525
2018-03-15T19:00:00Z,178.95,178.95,178.86,178.89
2018-03-15T19:01:00Z,178.89,178.96,178.86,178.945
2018-03-15T19:02:00Z,178.95,178.974,178.88,178.974
2018-03-15T19:03:00Z,178.961,178.961,178.87,178.93
2018-03-15T19:04:00Z,178.95,179,178.95,178.97
2018-03-15T19:05:00Z,178.96,179.0477,178.95,179.01
2018-03-15T19:06:00Z,179.02,179.08,178.98,179.05
2018-03-15T19:07:00Z,179.03,179.03,178.8797,178.89
2018-03-15T19:08:00Z,178.89,178.95,178.87,178.9
2018-03-15T19:09:00Z,178.9,178.94,178.86,178.9331
2018-03-15T19:10:00Z,178.93,178.99,178.89,178.9
2018-03-15T19:11:00Z,178.89,178.962,178.87,178.94
2018-03-15T19:12:00Z,178.94,178.96,178.86,178.87
2018-03-15T19:13:00Z,178.88,178.91,178.87,178.87
2018-03-15T19:14:00Z,178.88,178.92,178.86,178.91
2018-03-15T19:15:00Z,178.9,178.9,178.84,178.875
2018-03-15T19:16:00Z,178.87,178.89,178.85,178.88
2018-03-15T19:17:00Z,178.87,178.87,178.73,178.745
2018-03-15T19:18:00Z,178.75,178.77,178.61,178.64
2018-03-15T19:19:00Z,178.6352,178.72,178.61,178.72
2018-03-15T19:20:00Z,178.71,178.87,178.705,178.87
2018-03-15T19:21:00Z,178.85,178.91,178.84,178.9
2018-03-15T19:22:00Z,178.8925,179.03,178.89,179.03
2018-03-15T19:23:00Z,179.02,179.02,178.975,178.99
2018-03-15T19:24:00Z,178.99,179.08,178.88,179.02
2018-03-15T19:25:00Z,179.01,179.09,178.981,179.09
2018-03-15T19:26:00Z,179.09,179.109,179.04,179.06
2018-03-15T19:27:00Z,179.05,179.1,179.05,179.07
2018-03-15T19:28:00Z,179.06,179.0899,179.02,179.06
2018-03-15T19:29:00Z,179.0578,179.09,179.02,179.09
2018-03-15T19:30:00Z,179.08,179.14,179.01,179.09
2018-03-15T19:31:00Z,179.09,179.12,179.011,179.02
2018-03-15T19:32:00Z,179.02,179.1,179.02,179.08
2018-03-15T19:33:00Z,179.0733,179.1,179.03,179.03
2018-03-15T19:34:00Z,179.03,179.18,179.03,179.17
2018-03-15T19:35:00Z,179.171,179.21,179.17,179.1852
2018-03-15T19:36:00Z,179.1807,179.19,179.12,179.19
2018-03-15T19:37:00Z,179.18,179.24,179.13,179.18
2018-03-15T19:38:00Z,179.18,179.18,179.08,179.11
2018-03-15T19:39:00Z,179.11,179.11,179.02,179.03
2018-03-15T19:40:00Z,179.04,179.13,179.03,179.09
2018-03-15T19:41:00Z,179.09,179.18,179.09,179.11
2018-03-15T19:42:00Z,179.11,179.17,179.09,179.17
2018-03-15T19:43:00Z,179.17,179.19,179.12,179.12
2018-03-15T19:44:00Z,179.13,179.14,179.06,179.1
2018-03-15T19:45:00Z,179.095,179.25,179.09,179.24
2018-03-15T19:46:00Z,179.24,179.249,179.18,179.18
2018-03-15T19:47:00Z,179.17,179.25,179.17,179.25
2018-03-15T19:48:00Z,179.24,179.26,179.17,179.17
2018-03-15T19:49:00Z,179.17,179.23,179.15,179.19
2018-03-15T19:50:00Z,179.19,179.19,178.82,178.94
2018-03-15T19:51:00Z,178.94,178.94,178.74,178.78
2018-03-15T19:52:00Z,178.76,178.86,178.725,178.77
2018-03-15T19:53:00Z,178.7679,178.79,178.65,178.715
2018-03-15T19:54:00Z,178.71,178.71,178.64,178.655
2018-03-15T19:55:00Z,178.65,178.74,178.63,178.7
2018-03-15T19:56:00Z,178.695,178.77,178.6875,178.7401
2018-03-15T19:57:00Z,178.745,178.84,178.73,178.82
2018-03-15T19:58:00Z,178.81,178.89,178.76,178.78
2018-03-15T19:59:00Z,178.79,178.88,178.65,178.65
