2018-05-22T13:30:00Z,188.37,188.62,188.25,188.56
2018-05-22T13:31:00Z,188.545,188.88,188.41,188.61
2018-05-22T13:32:00Z,188.57,188.8,188.57,188.7399
2018-05-22T13:33:00Z,188.72,188.74,188.58,188.625
2018-05-22T13:34:00Z,188.61,188.6799,188.5,188.6025
2018-05-22T13:35:00Z,188.58,188.75,188.55,188.68
2018-05-22T13:36:00Z,188.68,188.77,188.64,188.7
2018-05-22T13:37:00Z,188.7199,188.72,188.68,188.72
2018-05-22T13:38:00Z,188.72,188.7901,188.68,188.6818
2018-05-22T13:39:00Z,188.6875,188.77,188.6265,188.74
2018-05-22T13:40:00Z,188.74,188.82,188.67,188.715
2018-05-22T13:41:00Z,188.72,188.73,188.45,188.46
2018-05-22T13:42:00Z,188.48,188.51,188.21,188.23
2018-05-22T13:43:00Z,188.23,188.47,188.23,188.45
2018-05-22T13:44:00Z,188.44,188.5958,188.42,188.47
2018-05-22T13:45:00Z,188.49,188.53,188.37,188.42
2018-05-22T13:46:00Z,188.42,188.46,188.332,188.3917
2018-05-22T13:47:00Z,188.38,188.48,188.31,188.48
2018-05-22T13:48:00Z,188.49,188.4999,188.41,188.42
2018-05-22T13:49:00Z,188.41,188.5,188.39,188.4165
2018-05-22T13:50:00Z,188.43,188.44,188.27,188.33
2018-05-22T13:51:00Z,188.33,188.3308,188.22,188.2398
2018-05-22T13:52:00Z,188.24,188.25,188.16,188.183
2018-05-22T13:53:00Z,188.17,188.21,188.09,188.1652
2018-05-22T13:54:00Z,188.17,188.19,187.945,187.985
2018-05-22T13:55:00Z,187.99,188.102,187.99,188.04
2018-05-22T13:56:00Z,188.03,188.0575,187.9298,187.97
2018-05-22T13:57:00Z,187.97,188.04,187.8633,187.92
2018-05-22T13:58:00Z,187.94,188.03,187.9201,187.98
2018-05-22T13:59:00Z,187.97,188.05,187.89,187.95
2018-05-22T14:00:00Z,187.95,188.09,187.9225,188.04
2018-05-22T14:01:00Z,188.03,188.06,187.86,187.91
2018-05-22T14:02:00Z,187.92,187.9251,187.7701,187.8401
2018-05-22T14:03:00Z,187.83,187.92,187.8,187.87
2018-05-22T14:04:00Z,187.87,187.97,187.8,187.96
2018-05-22T14:05:00Z,187.95,187.9901,187.87,187.95
2018-05-22T14:06:00Z,187.96,188.04,187.93,187.9735
2018-05-22T14:07:00Z,187.9684,188.09,187.95,188.09
2018-05-22T14:08:00Z,188.07,188.17,188.02,188.12
2018-05-22T14:09:00Z,188.1214,188.1508,188.07,188.1508
2018-05-22T14:10:00Z,188.16,188.1859,187.93,188
2018-05-22T14:11:00Z,188,188.04,187.97,187.9784
2018-05-22T14:12:00Z,187.97,187.98,187.82,187.95
2018-05-22T14:13:00Z,187.94,188.0096,187.6,187.67
2018-05-22T14:14:00Z,187.65,187.68,187.47,187.58
2018-05-22T14:15:00Z,187.56,187.59,187.5,187.56
2018-05-22T14:16:00Z,187.56,187.6,187.4798,187.5393
2018-05-22T14:17:00Z,187.5457,187.551,187.3711,187.47
2018-05-22T14:18:00Z,187.5,187.52,187.4,187.46
2018-05-22T14:19:00Z,187.46,187.57,187.41,187.4501
2018-05-22T14:20:00Z,187.46,187.639,187.44,187.62
2018-05-22T14:21:00Z,187.63,187.67,187.535,187.6099
2018-05-22T14:22:00Z,187.62,187.68,187.5899,187.596
2018-05-22T14:23:00Z,187.59,187.675,187.59,187.62
2018-05-22T14:24:00Z,187.62,187.63,187.53,187.56
2018-05-22T14:25:00Z,187.57,187.68,187.47,187.68
2018-05-22T14:26:00Z,187.68,187.74,187.5,187.534
2018-05-22T14:27:00Z,187.54,187.59,187.49,187.518
2018-05-22T14:28:00Z,187.52,187.62,187.4,187.43
2018-05-22T14:29:00Z,187.41,187.5699,187.4,187.51
2018-05-22T14:30:00Z,187.52,187.52,187.41,187.41
2018-05-22T14:31:00Z,187.41,187.6,187.41,187.59
2018-05-22T14:32:00Z,187.59,187.61,187.51,187.5401
2018-05-22T14:33:00Z,187.54,187.56,187.381,187.49
2018-05-22T14:34:00Z,187.495,187.63,187.49,187.53
2018-05-22T14:35:00Z,187.53,187.53,187.33,187.47
2018-05-22T14:36:00Z,187.48,187.54,187.48,187.52
2018-05-22T14:37:00Z,187.54,187.59,187.53,187.58
2018-05-22T14:38:00Z,187.57,187.641,187.57,187.5898
2018-05-22T14:39:00Z,187.59,187.7,187.59,187.63
2018-05-22T14:40:00Z,187.63,187.69,187.6,187.6592
2018-05-22T14:41:00Z,187.66,187.67,187.61,187.6101
2018-05-22T14:42:00Z,187.615,187.625,187.53,187.53
2018-05-22T14:43:00Z,187.53,187.5665,187.4101,187.5
2018-05-22T14:44:00Z,187.5,187.62,187.49,187.58
2018-05-22T14:45:00Z,187.58,187.635,187.42,187.47
2018-05-22T14:46:00Z,187.45,187.47,187.33,187.4301
2018-05-22T14:47:00Z,187.44,187.51,187.42,187.51
2018-05-22T14:48:00Z,187.52,187.585,187.5,187.5
2018-05-22T14:49:00Z,187.51,187.66,187.51,187.5501
2018-05-22T14:50:00Z,187.5599,187.71,187.5599,187.6198
2018-05-22T14:51:00Z,187.6098,187.6299,187.56,187.59
2018-05-22T14:52:00Z,187.58,187.625,187.52,187.54
2018-05-22T14:53:00Z,187.55,187.59,187.44,187.46
2018-05-22T14:54:00Z,187.44,187.53,187.43,187.5199
2018-05-22T14:55:00Z,187.52,187.53,187.44,187.53
2018-05-22T14:56:00Z,187.5343,187.6,187.53,187.5767
2018-05-22T14:57:00Z,187.5734,187.6,187.47,187.49
2018-05-22T14:58:00Z,187.48,187.58,187.48,187.56
2018-05-22T14:59:00Z,187.56,187.56,187.45,187.45
2018-05-22T15:00:00Z,187.45,187.5439,187.45,187.54
2018-05-22T15:01:00Z,187.53,187.5533,187.45,187.5
2018-05-22T15:02:00Z,187.51,187.585,187.495,187.55
2018-05-22T15:03:00Z,187.56,187.58,187.5,187.58
2018-05-22T15:04:00Z,187.57,187.6,187.51,187.54
2018-05-22T15:05:00Z,187.54,187.595,187.5299,187.555
2018-05-22T15:06:00Z,187.555,187.555,187.49,187.52
2018-05-22T15:07:00Z,187.52,187.59,187.52,187.57
2018-05-22T15:08:00Z,187.57,187.63,187.56,187.58
2018-05-22T15:09:00Z,187.57,187.62,187.5,187.5
2018-05-22T15:10:00Z,187.5065,187.57,187.5065,187.56
2018-05-22T15:11:00Z,187.57,187.57,187.5,187.51
2018-05-22T15:12:00Z,187.51,187.51,187.47,187.475
2018-05-22T15:13:00Z,187.47,187.47,187.41,187.465
2018-05-22T15:14:00Z,187.465,187.54,187.4601,187.475
2018-05-22T15:15:00Z,187.475,187.54,187.46,187.52
2018-05-22T15:16:00Z,187.53,187.535,187.45,187.475
2018-05-22T15:17:00Z,187.48,187.56,187.48,187.55
2018-05-22T15:18:00Z,187.56,187.62,187.56,187.6
2018-05-22T15:19:00Z,187.59,187.6,187.55,187.57
2018-05-22T15:20:00Z,187.57,187.57,187.55,187.5598
2018-05-22T15:21:00Z,187.56,187.56,187.48,187.53
2018-05-22T15:22:00Z,187.52,187.56,187.52,187.5299
2018-05-22T15:23:00Z,187.53,187.62,187.53,187.61
2018-05-22T15:24:00Z,187.6101,187.6101,187.5539,187.58
2018-05-22T15:25:00Z,187.57,187.57,187.53,187.5442
2018-05-22T15:26:00Z,187.53,187.53,187.46,187.48
2018-05-22T15:27:00Z,187.47,187.51,187.42,187.4951
2018-05-22T15:28:00Z,187.5,187.5449,187.41,187.42
2018-05-22T15:29:00Z,187.42,187.44,187.36,187.385
2018-05-22T15:30:00Z,187.39,187.45,187.35,187.44
2018-05-22T15:31:00Z,187.43,187.43,187.3,187.31
2018-05-22T15:32:00Z,187.31,187.33,187.275,187.32
2018-05-22T15:33:00Z,187.325,187.39,187.325,187.365
2018-05-22T15:34:00Z,187.37,187.38,187.27,187.27
2018-05-22T15:35:00Z,187.3,187.41,187.28,187.37
2018-05-22T15:36:00Z,187.37,187.39,187.33,187.3706
2018-05-22T15:37:00Z,187.3765,187.44,187.375,187.44
2018-05-22T15:38:00Z,187.4301,187.45,187.35,187.41
2018-05-22T15:39:00Z,187.4,187.4,187.35,187.36
2018-05-22T15:40:00Z,187.37,187.43,187.369,187.4
2018-05-22T15:41:00Z,187.4,187.4056,187.26,187.4
2018-05-22T15:42:00Z,187.4,187.48,187.3991,187.465
2018-05-22T15:43:00Z,187.46,187.46,187.37,187.4
2018-05-22T15:44:00Z,187.4,187.4,187.335,187.39
2018-05-22T15:45:00Z,187.39,187.4416,187.39,187.44
2018-05-22T15:46:00Z,187.44,187.4461,187.3,187.35
2018-05-22T15:47:00Z,187.35,187.41,187.33,187.36
2018-05-22T15:48:00Z,187.36,187.37,187.2851,187.3166
2018-05-22T15:49:00Z,187.32,187.37,187.31,187.34
2018-05-22T15:50:00Z,187.34,187.355,187.29,187.29
2018-05-22T15:51:00Z,187.29,187.32,187.25,187.305
2018-05-22T15:52:00Z,187.31,187.359,187.31,187.346
2018-05-22T15:53:00Z,187.35,187.379,187.33,187.33
2018-05-22T15:54:00Z,187.35,187.385,187.33,187.34
2018-05-22T15:55:00Z,187.34,187.3798,187.33,187.35
2018-05-22T15:56:00Z,187.36,187.38,187.3462,187.375
2018-05-22T15:57:00Z,187.37,187.3932,187.36,187.37
2018-05-22T15:58:00Z,187.36,187.4501,187.36,187.41
2018-05-22T15:59:00Z,187.4051,187.44,187.4,187.43
2018-05-22T16:00:00Z,187.44,187.44,187.3951,187.4101
2018-05-22T16:01:00Z,187.41,187.425,187.39,187.395
2018-05-22T16:02:00Z,187.4,187.43,187.39,187.43
2018-05-22T16:03:00Z,187.42,187.43,187.4,187.4
2018-05-22T16:04:00Z,187.41,187.4439,187.41,187.436
2018-05-22T16:05:00Z,187.44,187.5899,187.44,187.5899
2018-05-22T16:06:00Z,187.5888,187.5888,187.51,187.52
2018-05-22T16:07:00Z,187.5199,187.5199,187.4545,187.5
2018-05-22T16:08:00Z,187.5,187.55,187.5,187.52
2018-05-22T16:09:00Z,187.52,187.53,187.5,187.52
2018-05-22T16:10:00Z,187.529,187.529,187.43,187.43
2018-05-22T16:11:00Z,187.43,187.515,187.43,187.515
2018-05-22T16:12:00Z,187.515,187.5652,187.4999,187.56
2018-05-22T16:13:00Z,187.555,187.61,187.55,187.5992
2018-05-22T16:14:00Z,187.5999,187.62,187.57,187.57
2018-05-22T16:15:00Z,187.57,187.6586,187.5666,187.65
2018-05-22T16:16:00Z,187.65,187.66,187.59,187.6161
2018-05-22T16:17:00Z,187.63,187.63,187.58,187.61
2018-05-22T16:18:00Z,187.61,187.62,187.53,187.57
2018-05-22T16:19:00Z,187.56,187.6199,187.56,187.6
2018-05-22T16:20:00Z,187.6061,187.62,187.6,187.6
2018-05-22T16:21:00Z,187.6044,187.63,187.59,187.595
2018-05-22T16:22:00Z,187.59,187.61,187.49,187.5
2018-05-22T16:23:00Z,187.5,187.5,187.3,187.33
2018-05-22T16:24:00Z,187.33,187.4,187.31,187.38
2018-05-22T16:25:00Z,187.39,187.4142,187.35,187.3654
2018-05-22T16:26:00Z,187.36,187.4099,187.32,187.3558
2018-05-22T16:27:00Z,187.37,187.44,187.355,187.355
2018-05-22T16:28:00Z,187.35,187.39,187.21,187.23
2018-05-22T16:29:00Z,187.21,187.32,187.2,187.3
2018-05-22T16:30:00Z,187.31,187.35,187.28,187.3
2018-05-22T16:31:00Z,187.29,187.29,187.15,187.18
2018-05-22T16:32:00Z,187.1801,187.24,187.17,187.17
2018-05-22T16:33:00Z,187.17,187.23,187.15,187.1598
2018-05-22T16:34:00Z,187.18,187.185,187.12,187.13
2018-05-22T16:35:00Z,187.14,187.21,187.14,187.195
2018-05-22T16:36:00Z,187.2,187.215,187.17,187.19
2018-05-22T16:37:00Z,187.177,187.21,187.15,187.1757
2018-05-22T16:38:00Z,187.18,187.2,187.04,187.06
2018-05-22T16:39:00Z,187.0501,187.21,187.01,187.21
2018-05-22T16:40:00Z,187.2,187.24,187.17,187.22
2018-05-22T16:41:00Z,187.2299,187.35,187.2299,187.3131
2018-05-22T16:42:00Z,187.31,187.33,187.26,187.3177
2018-05-22T16:43:00Z,187.31,187.3499,187.31,187.32
2018-05-22T16:44:00Z,187.3358,187.34,187.3,187.3328
2018-05-22T16:45:00Z,187.3201,187.3551,187.3028,187.3551
2018-05-22T16:46:00Z,187.35,187.37,187.29,187.31
2018-05-22T16:47:00Z,187.31,187.32,187.26,187.26
2018-05-22T16:48:00Z,187.265,187.32,187.23,187.3152
2018-05-22T16:49:00Z,187.31,187.35,187.29,187.3445
2018-05-22T16:50:00Z,187.35,187.36,187.3,187.327
2018-05-22T16:51:00Z,187.3299,187.3299,187.28,187.31
2018-05-22T16:52:00Z,187.303,187.339,187.29,187.31
2018-05-22T16:53:00Z,187.33,187.36,187.33,187.35
2018-05-22T16:54:00Z,187.35,187.45,187.35,187.4174
2018-05-22T16:55:00Z,187.4101,187.4603,187.4101,187.43
2018-05-22T16:56:00Z,187.42,187.47,187.41,187.42
2018-05-22T16:57:00Z,187.41,187.46,187.41,187.46
2018-05-22T16:58:00Z,187.46,187.48,187.4,187.405
2018-05-22T16:59:00Z,187.4099,187.4301,187.37,187.3705
2018-05-22T17:00:00Z,187.375,187.39,187.32,187.366
2018-05-22T17:01:00Z,187.37,187.44,187.37,187.44
2018-05-22T17:02:00Z,187.45,187.45,187.41,187.41
2018-05-22T17:03:00Z,187.405,187.445,187.3901,187.43
2018-05-22T17:04:00Z,187.4261,187.4295,187.3866,187.41
2018-05-22T17:05:00Z,187.4101,187.4101,187.37,187.39
2018-05-22T17:06:00Z,187.4,187.43,187.39,187.43
2018-05-22T17:07:00Z,187.44,187.4433,187.375,187.4
2018-05-22T17:08:00Z,187.41,187.42,187.3799,187.39
2018-05-22T17:09:00Z,187.39,187.39,187.37,187.39
2018-05-22T17:10:00Z,187.39,187.42,187.37,187.3967
2018-05-22T17:11:00Z,187.395,187.46,187.38,187.46
2018-05-22T17:12:00Z,187.46,187.48,187.435,187.46
2018-05-22T17:13:00Z,187.47,187.49,187.45,187.47
2018-05-22T17:14:00Z,187.4605,187.48,187.44,187.446
2018-05-22T17:15:00Z,187.45,187.48,187.4448,187.465
2018-05-22T17:16:00Z,187.46,187.5,187.44,187.47
2018-05-22T17:17:00Z,187.47,187.49,187.43,187.44
2018-05-22T17:18:00Z,187.43,187.43,187.3749,187.3749
2018-05-22T17:19:00Z,187.37,187.4,187.35,187.4
2018-05-22T17:20:00Z,187.39,187.43,187.34,187.34
2018-05-22T17:21:00Z,187.37,187.4,187.36,187.38
2018-05-22T17:22:00Z,187.37,187.37,187.265,187.29
2018-05-22T17:23:00Z,187.29,187.33,187.29,187.32
2018-05-22T17:24:00Z,187.33,187.4,187.32,187.4
2018-05-22T17:25:00Z,187.42,187.49,187.42,187.46
2018-05-22T17:26:00Z,187.47,187.5,187.455,187.485
2018-05-22T17:27:00Z,187.485,187.5,187.46,187.48
2018-05-22T17:28:00Z,187.49,187.56,187.43,187.56
2018-05-22T17:29:00Z,187.56,187.56,187.51,187.55
2018-05-22T17:30:00Z,187.56,187.6,187.54,187.545
2018-05-22T17:31:00Z,187.55,187.56,187.48,187.51
2018-05-22T17:32:00Z,187.52,187.52,187.46,187.48
2018-05-22T17:33:00Z,187.49,187.5,187.43,187.46
2018-05-22T17:34:00Z,187.46,187.5,187.44,187.48
2018-05-22T17:35:00Z,187.48,187.48,187.43,187.47
2018-05-22T17:36:00Z,187.47,187.47,187.39,187.4
2018-05-22T17:37:00Z,187.395,187.4061,187.31,187.325
2018-05-22T17:38:00Z,187.3322,187.3322,187.2844,187.31
2018-05-22T17:39:00Z,187.31,187.33,187.3,187.31
2018-05-22T17:40:00Z,187.3,187.4,187.28,187.3888
2018-05-22T17:41:00Z,187.39,187.4146,187.38,187.395
2018-05-22T17:42:00Z,187.39,187.45,187.39,187.45
2018-05-22T17:43:00Z,187.45,187.47,187.44,187.46
2018-05-22T17:44:00Z,187.4675,187.4675,187.425,187.44
2018-05-22T17:45:00Z,187.44,187.504,187.42,187.49
2018-05-22T17:46:00Z,187.5,187.5204,187.49,187.5
2018-05-22T17:47:00Z,187.5,187.52,187.49,187.5
2018-05-22T17:48:00Z,187.5,187.55,187.495,187.5399
2018-05-22T17:49:00Z,187.53,187.56,187.515,187.53
2018-05-22T17:50:00Z,187.52,187.52,187.47,187.51
2018-05-22T17:51:00Z,187.52,187.52,187.48,187.5077
2018-05-22T17:52:00Z,187.485,187.555,187.485,187.555
2018-05-22T17:53:00Z,187.5566,187.63,187.54,187.58
2018-05-22T17:54:00Z,187.58,187.6,187.54,187.57
2018-05-22T17:55:00Z,187.57,187.57,187.52,187.57
2018-05-22T17:56:00Z,187.56,187.5602,187.53,187.54
2018-05-22T17:57:00Z,187.54,187.5499,187.5,187.53
2018-05-22T17:58:00Z,187.53,187.53,187.4901,187.4916
2018-05-22T17:59:00Z,187.49,187.494,187.47,187.48
2018-05-22T18:00:00Z,187.49,187.51,187.44,187.48
2018-05-22T18:01:00Z,187.4761,187.48,187.3899,187.3899
2018-05-22T18:02:00Z,187.39,187.47,187.385,187.47
2018-05-22T18:03:00Z,187.4786,187.59,187.4786,187.5699
2018-05-22T18:04:00Z,187.57,187.7,187.55,187.69
2018-05-22T18:05:00Z,187.69,187.72,187.62,187.66
2018-05-22T18:06:00Z,187.66,187.6622,187.615,187.66
2018-05-22T18:07:00Z,187.66,187.7,187.65,187.685
2018-05-22T18:08:00Z,187.67,187.67,187.64,187.6462
2018-05-22T18:09:00Z,187.647,187.65,187.62,187.63
2018-05-22T18:10:00Z,187.625,187.65,187.61,187.61
2018-05-22T18:11:00Z,187.61,187.67,187.605,187.64
2018-05-22T18:12:00Z,187.65,187.65,187.62,187.631
2018-05-22T18:13:00Z,187.63,187.63,187.58,187.59
2018-05-22T18:14:00Z,187.6,187.62,187.59,187.61
2018-05-22T18:15:00Z,187.61,187.64,187.6,187.63
2018-05-22T18:16:00Z,187.62,187.65,187.61,187.65
2018-05-22T18:17:00Z,187.64,187.65,187.61,187.64
2018-05-22T18:18:00Z,187.64,187.6527,187.5701,187.61
2018-05-22T18:19:00Z,187.605,187.63,187.56,187.6002
2018-05-22T18:20:00Z,187.5924,187.61,187.58,187.6
2018-05-22T18:21:00Z,187.6,187.63,187.5858,187.625
2018-05-22T18:22:00Z,187.63,187.67,187.61,187.66
2018-05-22T18:23:00Z,187.66,187.66,187.605,187.62
2018-05-22T18:24:00Z,187.63,187.65,187.608,187.62
2018-05-22T18:25:00Z,187.6138,187.64,187.58,187.6
2018-05-22T18:26:00Z,187.6,187.6707,187.59,187.6707
2018-05-22T18:27:00Z,187.66,187.7,187.66,187.67
2018-05-22T18:28:00Z,187.68,187.71,187.67,187.709
2018-05-22T18:29:00Z,187.707,187.7598,187.685,187.71
2018-05-22T18:30:00Z,187.7,187.79,187.69,187.7
2018-05-22T18:31:00Z,187.7098,187.7763,187.69,187.75
2018-05-22T18:32:00Z,187.76,187.82,187.75,187.82
2018-05-22T18:33:00Z,187.83,187.86,187.7901,187.83
2018-05-22T18:34:00Z,187.83,187.83,187.7499,187.8
2018-05-22T18:35:00Z,187.8016,187.81,187.78,187.78
2018-05-22T18:36:00Z,187.79,187.8,187.78,187.785
2018-05-22T18:37:00Z,187.78,187.79,187.76,187.76
2018-05-22T18:38:00Z,187.76,187.8,187.76,187.785
2018-05-22T18:39:00Z,187.794,187.794,187.76,187.7732
2018-05-22T18:40:00Z,187.78,187.82,187.68,187.71
2018-05-22T18:41:00Z,187.7001,187.71,187.65,187.66
2018-05-22T18:42:00Z,187.65,187.66,187.63,187.6539
2018-05-22T18:43:00Z,187.6401,187.66,187.6,187.65
2018-05-22T18:44:00Z,187.65,187.655,187.58,187.6
2018-05-22T18:45:00Z,187.6,187.65,187.6,187.64
2018-05-22T18:46:00Z,187.65,187.675,187.645,187.66
2018-05-22T18:47:00Z,187.64,187.65,187.53,187.59
2018-05-22T18:48:00Z,187.585,187.64,187.585,187.62
2018-05-22T18:49:00Z,187.61,187.7,187.61,187.6798
2018-05-22T18:50:00Z,187.675,187.72,187.64,187.69
2018-05-22T18:51:00Z,187.695,187.71,187.66,187.67
2018-05-22T18:52:00Z,187.67,187.67,187.61,187.65
2018-05-22T18:53:00Z,187.64,187.68,187.64,187.65
2018-05-22T18:54:00Z,187.6528,187.69,187.635,187.69
2018-05-22T18:55:00Z,187.6844,187.6844,187.58,187.5918
2018-05-22T18:56:00Z,187.6,187.605,187.47,187.4862
2018-05-22T18:57:00Z,187.49,187.52,187.41,187.47
2018-05-22T18:58:00Z,187.4605,187.52,187.43,187.45
2018-05-22T18:59:00Z,187.45,187.49,187.45,187.47
2018-05-22T19:00:00Z,187.46,187.59,187.4546,187.5798
2018-05-22T19:01:00Z,187.58,187.61,187.53,187.59
2018-05-22T19:02:00Z,187.5898,187.6,187.545,187.6
2018-05-22T19:03:00Z,187.6,187.66,187.589,187.66
2018-05-22T19:04:00Z,187.63,187.64,187.56,187.572
2018-05-22T19:05:00Z,187.58,187.58,187.4802,187.55
2018-05-22T19:06:00Z,187.52,187.554,187.5,187.525
2018-05-22T19:07:00Z,187.53,187.57,187.52,187.55
2018-05-22T19:08:00Z,187.55,187.59,187.51,187.58
2018-05-22T19:09:00Z,187.58,187.61,187.5,187.53
2018-05-22T19:10:00Z,187.53,187.53,187.43,187.43
2018-05-22T19:11:00Z,187.44,187.54,187.44,187.51
2018-05-22T19:12:00Z,187.5,187.5,187.415,187.415
2018-05-22T19:13:00Z,187.41,187.5,187.4,187.5
2018-05-22T19:14:00Z,187.5,187.52,187.46,187.46
2018-05-22T19:15:00Z,187.47,187.49,187.41,187.43
2018-05-22T19:16:00Z,187.45,187.53,187.45,187.5
2018-05-22T19:17:00Z,187.49,187.51,187.45,187.48
2018-05-22T19:18:00Z,187.4776,187.545,187.4776,187.52
2018-05-22T19:19:00Z,187.53,187.55,187.46,187.48
2018-05-22T19:20:00Z,187.49,187.49,187.46,187.46
2018-05-22T19:21:00Z,187.46,187.48,187.45,187.48
2018-05-22T19:22:00Z,187.48,187.48,187.4233,187.48
2018-05-22T19:23:00Z,187.48,187.51,187.45,187.5
2018-05-22T19:24:00Z,187.495,187.55,187.495,187.54
2018-05-22T19:25:00Z,187.5408,187.65,187.53,187.625
2018-05-22T19:26:00Z,187.63,187.66,187.615,187.63
2018-05-22T19:27:00Z,187.63,187.6333,187.58,187.61
2018-05-22T19:28:00Z,187.61,187.6309,187.58,187.59
2018-05-22T19:29:00Z,187.591,187.62,187.55,187.58
2018-05-22T19:30:00Z,187.58,187.58,187.41,187.48
2018-05-22T19:31:00Z,187.48,187.49,187.4,187.4442
2018-05-22T19:32:00Z,187.44,187.48,187.36,187.47
2018-05-22T19:33:00Z,187.46,187.48,187.42,187.43
2018-05-22T19:34:00Z,187.43,187.48,187.36,187.41
2018-05-22T19:35:00Z,187.41,187.4501,187.37,187.41
2018-05-22T19:36:00Z,187.4,187.46,187.37,187.4
2018-05-22T19:37:00Z,187.39,187.43,187.37,187.38
2018-05-22T19:38:00Z,187.385,187.4,187.34,187.35
2018-05-22T19:39:00Z,187.36,187.43,187.35,187.4
2018-05-22T19:40:00Z,187.41,187.43,187.35,187.4
2018-05-22T19:41:00Z,187.39,187.4199,187.36,187.38
2018-05-22T19:42:00Z,187.4,187.45,187.39,187.4
2018-05-22T19:43:00Z,187.39,187.4,187.31,187.3342
2018-05-22T19:44:00Z,187.32,187.37,187.31,187.36
2018-05-22T19:45:00Z,187.36,187.36,187.25,187.29
2018-05-22T19:46:00Z,187.3,187.34,187.23,187.295
2018-05-22T19:47:00Z,187.295,187.33,187.25,187.25
2018-05-22T19:48:00Z,187.25,187.29,187.22,187.262
2018-05-22T19:49:00Z,187.26,187.29,187.21,187.23
2018-05-22T19:50:00Z,187.23,187.23,186.95,186.9852
2018-05-22T19:51:00Z,186.98,187.06,186.93,186.93
2018-05-22T19:52:00Z,186.93,186.94,186.81,186.82
2018-05-22T19:53:00Z,186.82,186.86,186.78,186.84
2018-05-22T19:54:00Z,186.84,186.9727,186.84,186.9399
2018-05-22T19:55:00Z,186.93,187.01,186.9,186.995
2018-05-22T19:56:00Z,187.02,187.06,186.94,186.95
2018-05-22T19:57:00Z,186.95,187.04,186.94,186.94
2018-05-22T19:58:00Z,186.95,187.22,186.95,187.1923
2018-05-22T19:59:00Z,187.2,187.31,187.14,187.31
