2021-01-21T13:30:00Z,134.13,134.13,134.1,134.12
2021-01-21T13:31:00Z,134.1,134.12,134.1,134.12
2021-01-21T13:32:00Z,134.12,134.17,134.11,134.17
2021-01-21T13:33:00Z,134.17,134.22,134.15,134.15
2021-01-21T13:34:00Z,134.15,134.24,134.11,134.24
2021-01-21T13:35:00Z,134.23,134.23,134.18,134.2198
2021-01-21T13:36:00Z,134.21,134.25,134.21,134.25
2021-01-21T13:37:00Z,134.25,134.26,134.2,134.25
2021-01-21T13:38:00Z,134.24,134.29,134.23,134.28
2021-01-21T13:39:00Z,134.3,134.3,134.25,134.29
2021-01-21T13:40:00Z,134.27,134.31,134.25,134.29
2021-01-21T13:41:00Z,134.29,134.3,134.2602,134.27
2021-01-21T13:42:00Z,134.26,134.26,134.2,134.2
2021-01-21T13:43:00Z,134.19,134.21,134.1,134.11
2021-01-21T13:44:00Z,134.11,134.13,133.88,133.9
2021-01-21T13:45:00Z,133.95,134.25,133.92,134.1
2021-01-21T13:46:00Z,134.13,134.15,133.7,133.75
2021-01-21T13:47:00Z,133.7699,133.9,133.7,133.8501
2021-01-21T13:48:00Z,133.91,133.95,133.8002,133.9
2021-01-21T13:49:00Z,133.88,133.95,133.83,133.89
2021-01-21T13:50:00Z,133.89,133.9,133.85,133.9
2021-01-21T13:51:00Z,133.88,133.89,133.69,133.69
2021-01-21T13:52:00Z,133.69,133.8,133.61,133.61
2021-01-21T13:53:00Z,133.6,133.76,133.52,133.7
2021-01-21T13:54:00Z,133.64,133.7,133.5,133.7
2021-01-21T13:55:00Z,133.7,133.86,133.7,133.86
2021-01-21T13:56:00Z,133.86,133.89,133.81,133.88
2021-01-21T13:57:00Z,133.88,133.88,133.8,133.8004
2021-01-21T13:58:00Z,133.83,133.87,133.76,133.76
2021-01-21T13:59:00Z,133.73,133.76,133.62,133.64
2021-01-21T14:00:00Z,133.63,133.68,133.61,133.68
2021-01-21T14:01:00Z,133.66,133.79,133.66,133.79
2021-01-21T14:02:00Z,133.78,133.89,133.78,133.85
2021-01-21T14:03:00Z,133.86,133.89,133.85,133.89
2021-01-21T14:04:00Z,133.89,133.9,133.87,133.87
2021-01-21T14:05:00Z,133.86,133.87,133.7,133.74
2021-01-21T14:06:00Z,133.7,133.87,133.7,133.85
2021-01-21T14:07:00Z,133.86,133.88,133.78,133.8799
2021-01-21T14:08:00Z,133.88,133.88,133.7699,133.7699
2021-01-21T14:09:00Z,133.77,133.8,133.74,133.78
2021-01-21T14:10:00Z,133.78,133.8,133.76,133.8
2021-01-21T14:11:00Z,133.79,133.84,133.79,133.84
2021-01-21T14:12:00Z,133.81,133.85,133.7,133.7998
2021-01-21T14:13:00Z,133.78,133.8,133.75,133.7898
2021-01-21T14:14:00Z,133.79,133.79,133.75,133.78
2021-01-21T14:15:00Z,133.76,133.76,133.66,133.7
2021-01-21T14:16:00Z,133.74,133.79,133.72,133.75
2021-01-21T14:17:00Z,133.75,133.78,133.7398,133.78
2021-01-21T14:18:00Z,133.75,133.75,133.65,133.65
2021-01-21T14:19:00Z,133.68,133.73,133.68,133.73
2021-01-21T14:20:00Z,133.71,133.8,133.7002,133.8
2021-01-21T14:21:00Z,133.8,133.85,133.79,133.84
2021-01-21T14:22:00Z,133.84,133.85,133.8,133.83
2021-01-21T14:23:00Z,133.81,133.85,133.8,133.85
2021-01-21T14:24:00Z,133.83,133.83,133.69,133.72
2021-01-21T14:25:00Z,133.69,133.69,133.61,133.61
2021-01-21T14:26:00Z,133.6,133.68,133.55,133.64
2021-01-21T14:27:00Z,133.64,133.65,133.6,133.61
2021-01-21T14:28:00Z,133.6,134,133.6,133.95
2021-01-21T14:29:00Z,133.94,133.95,133.83,133.84
2021-01-21T14:30:00Z,133.82,134.15,133.59,133.875
2021-01-21T14:31:00Z,133.86,134.27,133.79,134.15
2021-01-21T14:32:00Z,134.14,134.43,134.06,134.08
2021-01-21T14:33:00Z,134.08,134.35,133.85,133.9762
2021-01-21T14:34:00Z,133.97,134.1,133.8701,134
2021-01-21T14:35:00Z,133.9906,134.5,133.87,134.3483
2021-01-21T14:36:00Z,134.34,134.69,134.305,134.5485
2021-01-21T14:37:00Z,134.55,134.78,134.51,134.75
2021-01-21T14:38:00Z,134.76,134.97,134.73,134.9301
2021-01-21T14:39:00Z,134.94,135,134.44,134.4966
2021-01-21T14:40:00Z,134.4845,134.71,134.35,134.57
2021-01-21T14:41:00Z,134.57,134.62,133.95,134.02
2021-01-21T14:42:00Z,134.01,134.14,133.88,134.12
2021-01-21T14:43:00Z,134.1276,134.25,134.03,134.1192
2021-01-21T14:44:00Z,134.12,134.14,133.83,134.0499
2021-01-21T14:45:00Z,134.04,134.44,134.02,134.4123
2021-01-21T14:46:00Z,134.415,134.69,134.36,134.595
2021-01-21T14:47:00Z,134.6,134.7,134.53,134.669
2021-01-21T14:48:00Z,134.6676,134.83,134.56,134.8
2021-01-21T14:49:00Z,134.805,134.84,134.65,134.775
2021-01-21T14:50:00Z,134.77,134.84,134.6163,134.8301
2021-01-21T14:51:00Z,134.84,134.85,134.64,134.65
2021-01-21T14:52:00Z,134.65,134.8,134.48,134.7757
2021-01-21T14:53:00Z,134.78,135.08,134.72,134.98
2021-01-21T14:54:00Z,134.985,135,134.84,134.8901
2021-01-21T14:55:00Z,134.89,134.9085,134.37,134.56
2021-01-21T14:56:00Z,134.55,134.69,134.34,134.66
2021-01-21T14:57:00Z,134.64,134.81,134.6,134.81
2021-01-21T14:58:00Z,134.81,135,134.762,134.9601
2021-01-21T14:59:00Z,134.97,134.99,134.795,134.878
2021-01-21T15:00:00Z,134.86,135.02,134.82,134.9757
2021-01-21T15:01:00Z,134.97,134.97,134.8,134.925
2021-01-21T15:02:00Z,134.92,135.03,134.8563,134.955
2021-01-21T15:03:00Z,134.955,135.2168,134.8301,135.19
2021-01-21T15:04:00Z,135.1908,135.32,135.085,135.12
2021-01-21T15:05:00Z,135.1015,135.16,135.03,135.0308
2021-01-21T15:06:00Z,135.03,135.1598,134.95,135.0439
2021-01-21T15:07:00Z,135.04,135.14,135.04,135.1
2021-01-21T15:08:00Z,135.095,135.33,135.08,135.2993
2021-01-21T15:09:00Z,135.2997,135.4,135.25,135.31
2021-01-21T15:10:00Z,135.29,135.575,135.26,135.575
2021-01-21T15:11:00Z,135.575,135.68,135.56,135.639
2021-01-21T15:12:00Z,135.6328,135.76,135.6328,135.7116
2021-01-21T15:13:00Z,135.7116,135.855,135.71,135.817
2021-01-21T15:14:00Z,135.8193,135.8193,135.52,135.55
2021-01-21T15:15:00Z,135.545,135.7,135.52,135.56
2021-01-21T15:16:00Z,135.56,135.73,135.56,135.69
2021-01-21T15:17:00Z,135.69,135.84,135.6749,135.7845
2021-01-21T15:18:00Z,135.785,135.79,135.63,135.66
2021-01-21T15:19:00Z,135.655,135.89,135.64,135.8132
2021-01-21T15:20:00Z,135.81,135.81,135.56,135.72
2021-01-21T15:21:00Z,135.715,135.715,135.38,135.4204
2021-01-21T15:22:00Z,135.415,135.45,135.32,135.355
2021-01-21T15:23:00Z,135.35,135.618,135.35,135.6
2021-01-21T15:24:00Z,135.61,135.61,135.45,135.571
2021-01-21T15:25:00Z,135.57,135.75,135.54,135.741
2021-01-21T15:26:00Z,135.74,135.92,135.66,135.9015
2021-01-21T15:27:00Z,135.9007,135.94,135.77,135.92
2021-01-21T15:28:00Z,135.9284,135.98,135.751,135.83
2021-01-21T15:29:00Z,135.8301,135.86,135.73,135.8596
2021-01-21T15:30:00Z,135.8593,135.88,135.7,135.75
2021-01-21T15:31:00Z,135.76,135.77,135.62,135.65
2021-01-21T15:32:00Z,135.6574,135.76,135.63,135.7497
2021-01-21T15:33:00Z,135.75,135.8,135.6901,135.793
2021-01-21T15:34:00Z,135.795,135.8,135.66,135.705
2021-01-21T15:35:00Z,135.72,135.765,135.5,135.51
2021-01-21T15:36:00Z,135.51,135.54,135.42,135.4705
2021-01-21T15:37:00Z,135.4708,135.4999,135.42,135.4701
2021-01-21T15:38:00Z,135.4894,135.49,135.38,135.445
2021-01-21T15:39:00Z,135.4498,135.615,135.43,135.55
2021-01-21T15:40:00Z,135.55,135.56,135.35,135.45
2021-01-21T15:41:00Z,135.46,135.5706,135.455,135.5025
2021-01-21T15:42:00Z,135.5,135.52,135.385,135.51
2021-01-21T15:43:00Z,135.515,135.6101,135.48,135.595
2021-01-21T15:44:00Z,135.5901,135.68,135.582,135.6211
2021-01-21T15:45:00Z,135.635,135.9,135.63,135.8899
2021-01-21T15:46:00Z,135.88,135.9799,135.87,135.9129
2021-01-21T15:47:00Z,135.912,135.96,135.83,135.93
2021-01-21T15:48:00Z,135.93,136.16,135.91,136.05
2021-01-21T15:49:00Z,136.0501,136.2,136.04,136.1785
2021-01-21T15:50:00Z,136.18,136.25,136.07,136.1024
2021-01-21T15:51:00Z,136.1013,136.25,136.08,136.2494
2021-01-21T15:52:00Z,136.25,136.35,136.2,136.249
2021-01-21T15:53:00Z,136.25,136.28,136.11,136.12
2021-01-21T15:54:00Z,136.114,136.2,136.08,136.17
2021-01-21T15:55:00Z,136.175,136.28,136.16,136.2468
2021-01-21T15:56:00Z,136.24,136.31,136.14,136.155
2021-01-21T15:57:00Z,136.1599,136.25,136.06,136.16
2021-01-21T15:58:00Z,136.15,136.15,136.0201,136.07
2021-01-21T15:59:00Z,136.075,136.09,135.95,135.985
2021-01-21T16:00:00Z,135.985,136.1,135.98,136.0521
2021-01-21T16:01:00Z,136.068,136.25,136.0616,136.2499
2021-01-21T16:02:00Z,136.23,136.29,136.2,136.2723
2021-01-21T16:03:00Z,136.2618,136.3599,136.135,136.31
2021-01-21T16:04:00Z,136.31,136.3388,136.15,136.1663
2021-01-21T16:05:00Z,136.17,136.2,136.07,136.075
2021-01-21T16:06:00Z,136.075,136.125,136,136.075
2021-01-21T16:07:00Z,136.08,136.2379,133.83,136.115
2021-01-21T16:08:00Z,136.12,136.2,136.08,136.176
2021-01-21T16:09:00Z,136.17,136.38,136.13,136.3266
2021-01-21T16:10:00Z,136.3282,136.348,136.19,136.23
2021-01-21T16:11:00Z,136.2293,136.2575,136.175,136.21
2021-01-21T16:12:00Z,136.2101,136.315,136.2,136.22
2021-01-21T16:13:00Z,136.21,136.21,136.0501,136.13
2021-01-21T16:14:00Z,136.12,136.38,136.07,136.2771
2021-01-21T16:15:00Z,136.28,136.32,136.16,136.21
2021-01-21T16:16:00Z,136.2112,136.355,136.16,136.33
2021-01-21T16:17:00Z,136.35,136.35,136.2608,136.265
2021-01-21T16:18:00Z,136.2642,136.33,136.22,136.2807
2021-01-21T16:19:00Z,136.28,136.28,136.1,136.105
2021-01-21T16:20:00Z,136.11,136.21,136.04,136.07
2021-01-21T16:21:00Z,136.08,136.08,135.91,135.91
2021-01-21T16:22:00Z,135.9137,135.98,135.8402,135.9299
2021-01-21T16:23:00Z,135.93,136.0793,135.9201,136.0008
2021-01-21T16:24:00Z,136,136.16,135.985,136.07
2021-01-21T16:25:00Z,136.075,136.11,135.98,136
2021-01-21T16:26:00Z,136.0008,136.09,135.95,136.0694
2021-01-21T16:27:00Z,136.065,136.19,136.06,136.1499
2021-01-21T16:28:00Z,136.15,136.25,136.11,136.205
2021-01-21T16:29:00Z,136.2,136.25,136.12,136.1818
2021-01-21T16:30:00Z,136.185,136.27,136.15,136.215
2021-01-21T16:31:00Z,136.2145,136.23,136.1,136.17
2021-01-21T16:32:00Z,136.17,136.1799,136.07,136.0799
2021-01-21T16:33:00Z,136.0708,136.08,136.02,136.055
2021-01-21T16:34:00Z,136.055,136.07,135.92,135.99
2021-01-21T16:35:00Z,135.9808,136.01,135.935,135.935
2021-01-21T16:36:00Z,135.93,135.97,135.84,135.86
2021-01-21T16:37:00Z,135.86,135.93,135.841,135.8699
2021-01-21T16:38:00Z,135.865,135.865,135.72,135.8
2021-01-21T16:39:00Z,135.8,135.85,135.77,135.8
2021-01-21T16:40:00Z,135.8099,135.81,135.66,135.725
2021-01-21T16:41:00Z,135.73,135.74,135.67,135.69
2021-01-21T16:42:00Z,135.695,135.8,135.67,135.675
2021-01-21T16:43:00Z,135.68,135.6885,135.56,135.6499
2021-01-21T16:44:00Z,135.64,135.8,135.6308,135.7993
2021-01-21T16:45:00Z,135.8,135.96,135.79,135.9106
2021-01-21T16:46:00Z,135.9183,136.03,135.89,136.005
2021-01-21T16:47:00Z,136.01,136.16,135.99,136.1105
2021-01-21T16:48:00Z,136.12,136.17,136.04,136.0782
2021-01-21T16:49:00Z,136.07,136.08,136,136.0047
2021-01-21T16:50:00Z,136,136.145,135.98,136.123
2021-01-21T16:51:00Z,136.12,136.18,136.08,136.1144
2021-01-21T16:52:00Z,136.11,136.165,136.07,136.16
2021-01-21T16:53:00Z,136.16,136.1777,136.08,136.0804
2021-01-21T16:54:00Z,136.08,136.167,136.08,136.14
2021-01-21T16:55:00Z,136.145,136.2,136.06,136.09
2021-01-21T16:56:00Z,136.085,136.12,136.05,136.087
2021-01-21T16:57:00Z,136.0801,136.115,136.02,136.09
2021-01-21T16:58:00Z,136.08,136.09,136.03,136.08
2021-01-21T16:59:00Z,136.08,136.11,136.06,136.07
2021-01-21T17:00:00Z,136.08,136.12,136.03,136.075
2021-01-21T17:01:00Z,136.08,136.11,136.04,136.08
2021-01-21T17:02:00Z,136.07,136.09,136,136.0101
2021-01-21T17:03:00Z,136.01,136.0255,135.918,135.97
2021-01-21T17:04:00Z,135.98,136.02,135.94,135.945
2021-01-21T17:05:00Z,135.945,135.995,135.91,135.9766
2021-01-21T17:06:00Z,135.9793,135.98,135.87,135.905
2021-01-21T17:07:00Z,135.9017,135.9493,135.88,135.887
2021-01-21T17:08:00Z,135.89,135.9399,135.78,135.79
2021-01-21T17:09:00Z,135.78,135.7998,135.74,135.7669
2021-01-21T17:10:00Z,135.773,135.81,135.73,135.795
2021-01-21T17:11:00Z,135.795,135.8,135.7,135.72
2021-01-21T17:12:00Z,135.72,135.72,135.65,135.69
2021-01-21T17:13:00Z,135.685,135.69,135.61,135.61
2021-01-21T17:14:00Z,135.615,135.6224,135.46,135.4785
2021-01-21T17:15:00Z,135.47,135.48,135.31,135.315
2021-01-21T17:16:00Z,135.32,135.34,135.21,135.31
2021-01-21T17:17:00Z,135.31,135.48,135.31,135.46
2021-01-21T17:18:00Z,135.4501,135.53,135.4501,135.465
2021-01-21T17:19:00Z,135.4663,135.4663,135.37,135.3999
2021-01-21T17:20:00Z,135.3989,135.4526,135.36,135.4091
2021-01-21T17:21:00Z,135.4099,135.64,135.34,135.64
2021-01-21T17:22:00Z,135.64,135.64,135.51,135.62
2021-01-21T17:23:00Z,135.615,135.69,135.56,135.68
2021-01-21T17:24:00Z,135.6708,135.72,135.6,135.6801
2021-01-21T17:25:00Z,135.68,135.74,135.64,135.7224
2021-01-21T17:26:00Z,135.7213,135.79,135.7201,135.755
2021-01-21T17:27:00Z,135.7521,135.88,135.7521,135.865
2021-01-21T17:28:00Z,135.865,135.98,135.8301,135.975
2021-01-21T17:29:00Z,135.975,135.99,135.84,135.85
2021-01-21T17:30:00Z,135.86,135.86,135.6801,135.71
2021-01-21T17:31:00Z,135.705,135.85,135.63,135.795
2021-01-21T17:32:00Z,135.785,135.83,135.72,135.82
2021-01-21T17:33:00Z,135.81,135.84,135.74,135.7776
2021-01-21T17:34:00Z,135.789,135.81,135.6901,135.7555
2021-01-21T17:35:00Z,135.7489,135.81,135.7101,135.81
2021-01-21T17:36:00Z,135.8092,135.9099,135.78,135.905
2021-01-21T17:37:00Z,135.9,135.9577,135.8993,135.9492
2021-01-21T17:38:00Z,135.9493,136.02,135.94,136.0036
2021-01-21T17:39:00Z,136,136,135.9108,135.96
2021-01-21T17:40:00Z,135.95,135.97,135.91,135.9372
2021-01-21T17:41:00Z,135.935,136.02,135.935,135.9907
2021-01-21T17:42:00Z,135.99,136.0199,135.96,136.015
2021-01-21T17:43:00Z,136.0104,136.1,135.99,136.095
2021-01-21T17:44:00Z,136.095,136.1,136.05,136.075
2021-01-21T17:45:00Z,136.075,136.15,136.075,136.115
2021-01-21T17:46:00Z,136.115,136.1472,136.1,136.1399
2021-01-21T17:47:00Z,136.135,136.16,136.1102,136.13
2021-01-21T17:48:00Z,136.125,136.2,136.085,136.185
2021-01-21T17:49:00Z,136.1869,136.2,136.15,136.1807
2021-01-21T17:50:00Z,136.18,136.19,136.005,136.05
2021-01-21T17:51:00Z,136.0484,136.1,135.94,135.95
2021-01-21T17:52:00Z,135.9568,135.99,135.915,135.99
2021-01-21T17:53:00Z,136,136.04,135.97,135.98
2021-01-21T17:54:00Z,135.99,136.02,135.91,135.93
2021-01-21T17:55:00Z,135.93,136.04,135.92,136.03
2021-01-21T17:56:00Z,136.0296,136.12,135.98,135.995
2021-01-21T17:57:00Z,135.995,136.07,135.99,136.0666
2021-01-21T17:58:00Z,136.07,136.1892,136.04,136.1892
2021-01-21T17:59:00Z,136.1893,136.2,136.13,136.165
2021-01-21T18:00:00Z,136.17,136.19,136.14,136.14
2021-01-21T18:01:00Z,136.14,136.195,136.09,136.19
2021-01-21T18:02:00Z,136.19,136.2,136.1,136.145
2021-01-21T18:03:00Z,136.15,136.17,136.12,136.145
2021-01-21T18:04:00Z,136.145,136.19,136.09,136.18
2021-01-21T18:05:00Z,136.175,136.2,136.14,136.1993
2021-01-21T18:06:00Z,136.2,136.26,136.19,136.2585
2021-01-21T18:07:00Z,136.255,136.29,136.24,136.2557
2021-01-21T18:08:00Z,136.255,136.3,136.23,136.27
2021-01-21T18:09:00Z,136.275,136.31,136.26,136.29
2021-01-21T18:10:00Z,136.2908,136.33,136.26,136.2731
2021-01-21T18:11:00Z,136.275,136.32,136.25,136.2926
2021-01-21T18:12:00Z,136.295,136.33,136.285,136.32
2021-01-21T18:13:00Z,136.32,136.33,136.24,136.26
2021-01-21T18:14:00Z,136.27,136.33,136.25,136.2593
2021-01-21T18:15:00Z,136.25,136.2646,136.19,136.23
2021-01-21T18:16:00Z,136.24,136.33,136.23,136.32
2021-01-21T18:17:00Z,136.3208,136.3399,136.23,136.2407
2021-01-21T18:18:00Z,136.245,136.25,136.2,136.2001
2021-01-21T18:19:00Z,136.21,136.25,136.18,136.24
2021-01-21T18:20:00Z,136.24,136.2529,136.18,136.18
2021-01-21T18:21:00Z,136.185,136.21,136.18,136.2039
2021-01-21T18:22:00Z,136.2053,136.26,136.2001,136.25
2021-01-21T18:23:00Z,136.245,136.26,136.2,136.205
2021-01-21T18:24:00Z,136.2,136.21,136.17,136.1807
2021-01-21T18:25:00Z,136.1854,136.2199,136.18,136.1908
2021-01-21T18:26:00Z,136.1922,136.21,136.13,136.21
2021-01-21T18:27:00Z,136.21,136.227,136.12,136.145
2021-01-21T18:28:00Z,136.15,136.19,136.12,136.145
2021-01-21T18:29:00Z,136.15,136.23,136.15,136.22
2021-01-21T18:30:00Z,136.23,136.27,136.16,136.165
2021-01-21T18:31:00Z,136.16,136.185,136.1,136.14
2021-01-21T18:32:00Z,136.1493,136.18,136.1,136.14
2021-01-21T18:33:00Z,136.1353,136.15,136.06,136.09
2021-01-21T18:34:00Z,136.1,136.15,136.08,136.12
2021-01-21T18:35:00Z,136.115,136.205,136.115,136.2
2021-01-21T18:36:00Z,136.2,136.22,136.17,136.1767
2021-01-21T18:37:00Z,136.18,136.21,136.15,136.1869
2021-01-21T18:38:00Z,136.1869,136.22,136.17,136.195
2021-01-21T18:39:00Z,136.195,136.25,136.16,136.245
2021-01-21T18:40:00Z,136.245,136.29,136.22,136.29
2021-01-21T18:41:00Z,136.2934,136.405,136.29,136.3608
2021-01-21T18:42:00Z,136.365,136.43,136.35,136.43
2021-01-21T18:43:00Z,136.43,136.48,136.41,136.455
2021-01-21T18:44:00Z,136.455,136.46,136.39,136.4
2021-01-21T18:45:00Z,136.395,136.43,136.3701,136.4033
2021-01-21T18:46:00Z,136.4007,136.41,136.25,136.31
2021-01-21T18:47:00Z,136.313,136.315,136.21,136.24
2021-01-21T18:48:00Z,136.2399,136.27,136.09,136.1093
2021-01-21T18:49:00Z,136.105,136.1799,136.0807,136.0807
2021-01-21T18:50:00Z,136.085,136.13,136.04,136.0981
2021-01-21T18:51:00Z,136.1,136.14,136.03,136.0927
2021-01-21T18:52:00Z,136.0993,136.1,136.05,136.08
2021-01-21T18:53:00Z,136.0853,136.0853,136.01,136.02
2021-01-21T18:54:00Z,136.015,136.04,135.94,135.95
2021-01-21T18:55:00Z,135.94,135.97,135.9131,135.9658
2021-01-21T18:56:00Z,135.9607,136.14,135.94,136.14
2021-01-21T18:57:00Z,136.135,136.165,136.11,136.12
2021-01-21T18:58:00Z,136.13,136.14,136.061,136.09
2021-01-21T18:59:00Z,136.0995,136.16,136.07,136.125
2021-01-21T19:00:00Z,136.1299,136.17,136.095,136.1405
2021-01-21T19:01:00Z,136.14,136.17,136.125,136.1484
2021-01-21T19:02:00Z,136.145,136.16,136.11,136.1337
2021-01-21T19:03:00Z,136.13,136.2192,136.12,136.1899
2021-01-21T19:04:00Z,136.175,136.26,136.16,136.25
2021-01-21T19:05:00Z,136.24,136.2893,136.19,136.2192
2021-01-21T19:06:00Z,136.23,136.29,136.215,136.2693
2021-01-21T19:07:00Z,136.265,136.35,136.255,136.29
2021-01-21T19:08:00Z,136.285,136.2987,136.21,136.2601
2021-01-21T19:09:00Z,136.26,136.3,136.24,136.292
2021-01-21T19:10:00Z,136.2941,136.37,136.28,136.34
2021-01-21T19:11:00Z,136.33,136.42,136.31,136.3911
2021-01-21T19:12:00Z,136.39,136.3985,136.31,136.364
2021-01-21T19:13:00Z,136.365,136.415,136.36,136.415
2021-01-21T19:14:00Z,136.415,136.47,136.37,136.395
2021-01-21T19:15:00Z,136.4,136.44,136.37,136.4
2021-01-21T19:16:00Z,136.4,136.43,136.3901,136.395
2021-01-21T19:17:00Z,136.3999,136.3999,136.34,136.377
2021-01-21T19:18:00Z,136.3769,136.38,136.34,136.3561
2021-01-21T19:19:00Z,136.35,136.434,136.34,136.43
2021-01-21T19:20:00Z,136.4396,136.44,136.3908,136.44
2021-01-21T19:21:00Z,136.435,136.5,136.43,136.4724
2021-01-21T19:22:00Z,136.475,136.5,136.47,136.475
2021-01-21T19:23:00Z,136.48,136.53,136.47,136.5155
2021-01-21T19:24:00Z,136.5195,136.61,136.51,136.6
2021-01-21T19:25:00Z,136.595,136.65,136.595,136.6245
2021-01-21T19:26:00Z,136.62,136.63,136.545,136.626
2021-01-21T19:27:00Z,136.6293,136.635,136.56,136.5891
2021-01-21T19:28:00Z,136.59,136.62,136.53,136.58
2021-01-21T19:29:00Z,136.5771,136.62,136.55,136.5615
2021-01-21T19:30:00Z,136.57,136.6,136.55,136.59
2021-01-21T19:31:00Z,136.599,136.635,136.55,136.614
2021-01-21T19:32:00Z,136.615,136.68,136.61,136.68
2021-01-21T19:33:00Z,136.68,136.68,136.6232,136.66
2021-01-21T19:34:00Z,136.6592,136.68,136.635,136.6799
2021-01-21T19:35:00Z,136.674,136.7,136.63,136.6895
2021-01-21T19:36:00Z,136.68,136.69,136.6,136.605
2021-01-21T19:37:00Z,136.6,136.64,136.56,136.575
2021-01-21T19:38:00Z,136.58,136.63,136.5693,136.625
2021-01-21T19:39:00Z,136.6299,136.65,136.58,136.625
2021-01-21T19:40:00Z,136.63,136.64,136.51,136.51
2021-01-21T19:41:00Z,136.505,136.56,136.49,136.53
2021-01-21T19:42:00Z,136.535,136.54,136.48,136.5093
2021-01-21T19:43:00Z,136.5008,136.54,136.422,136.435
2021-01-21T19:44:00Z,136.43,136.4799,136.42,136.45
2021-01-21T19:45:00Z,136.455,136.48,136.43,136.45
2021-01-21T19:46:00Z,136.4482,136.45,136.36,136.41
2021-01-21T19:47:00Z,136.41,136.455,136.38,136.45
2021-01-21T19:48:00Z,136.442,136.55,136.44,136.5393
2021-01-21T19:49:00Z,136.53,136.54,136.48,136.5139
2021-01-21T19:50:00Z,136.515,136.52,136.445,136.4793
2021-01-21T19:51:00Z,136.47,136.4984,136.4302,136.455
2021-01-21T19:52:00Z,136.455,136.49,136.42,136.45
2021-01-21T19:53:00Z,136.445,136.48,136.42,136.4569
2021-01-21T19:54:00Z,136.46,136.47,136.4,136.43
2021-01-21T19:55:00Z,136.435,136.47,136.365,136.445
2021-01-21T19:56:00Z,136.45,136.5,136.45,136.4893
2021-01-21T19:57:00Z,136.4894,136.51,136.46,136.5
2021-01-21T19:58:00Z,136.5037,136.56,136.4927,136.5393
2021-01-21T19:59:00Z,136.54,136.5592,136.51,136.535
