2017-02-23T13:30:00Z,137.35,137.35,137.35,137.35
2017-02-23T13:31:00Z,137.34,137.34,137.34,137.34
2017-02-23T13:32:00Z,137.35,137.35,137.34,137.34
2017-02-23T13:34:00Z,137.35,137.35,137.35,137.35
2017-02-23T13:35:00Z,137.35,137.37,137.33,137.33
2017-02-23T13:37:00Z,137.36,137.36,137.36,137.36
2017-02-23T13:38:00Z,137.32,137.37,137.32,137.37
2017-02-23T13:41:00Z,137.33,137.36,137.3,137.36
2017-02-23T13:42:00Z,137.31,137.36,137.2,137.36
2017-02-23T13:43:00Z,137.22,137.22,137.22,137.22
2017-02-23T13:44:00Z,137.25,137.25,137.25,137.25
2017-02-23T13:46:00Z,137.28,137.29,137.28,137.29
2017-02-23T13:48:00Z,137.25,137.25,137.24,137.24
2017-02-23T13:53:00Z,137.28,137.28,137.28,137.28
2017-02-23T13:54:00Z,137.26,137.26,137.24,137.24
2017-02-23T13:57:00Z,137.24,137.25,137.23,137.23
2017-02-23T13:58:00Z,137.23,137.23,137.23,137.23
2017-02-23T14:00:00Z,137.23,137.23,137.23,137.23
2017-02-23T14:01:00Z,137.23,137.23,137.23,137.23
2017-02-23T14:05:00Z,137.29,137.29,137.25,137.25
2017-02-23T14:06:00Z,137.26,137.26,137.24,137.24
2017-02-23T14:09:00Z,137.25,137.25,137.25,137.25
2017-02-23T14:10:00Z,137.28,137.28,137.23,137.23
2017-02-23T14:11:00Z,137.27,137.27,137.27,137.27
2017-02-23T14:12:00Z,137.23,137.23,137.22,137.22
2017-02-23T14:13:00Z,137.27,137.27,137.27,137.27
2017-02-23T14:14:00Z,137.27,137.27,137.23,137.23
2017-02-23T14:16:00Z,137.27,137.29,137.27,137.29
2017-02-23T14:18:00Z,137.26,137.3,137.26,137.3
2017-02-23T14:20:00Z,137.26,137.26,137.26,137.26
2017-02-23T14:21:00Z,137.26,137.26,137.26,137.26
2017-02-23T14:23:00Z,137.3,137.3,137.3,137.3
2017-02-23T14:24:00Z,137.31,137.31,137.31,137.31
2017-02-23T14:25:00Z,137.31,137.31,137.31,137.31
2017-02-23T14:26:00Z,137.35,137.38,137.35,137.38
2017-02-23T14:27:00Z,137.39,137.39,137.38,137.38
2017-02-23T14:28:00Z,137.38,137.43,137.38,137.43
2017-02-23T14:29:00Z,137.39,137.5,137.38,137.38
2017-02-23T14:30:00Z,137.38,137.48,137.26,137.4
2017-02-23T14:31:00Z,137.39,137.39,137.1,137.2597
2017-02-23T14:32:00Z,137.24,137.38,137.11,137.24
2017-02-23T14:33:00Z,137.24,137.32,137.11,137.21
2017-02-23T14:34:00Z,137.21,137.34,137.12,137.2553
2017-02-23T14:35:00Z,137.26,137.29,137.12,137.21
2017-02-23T14:36:00Z,137.21,137.22,137.03,137.06
2017-02-23T14:37:00Z,137.06,137.08,136.97,137.08
2017-02-23T14:38:00Z,137.08,137.18,137.04,137.18
2017-02-23T14:39:00Z,137.18,137.2078,137.07,137.08
2017-02-23T14:40:00Z,137.0792,137.09,136.9,136.99
2017-02-23T14:41:00Z,136.98,137.03,136.95,136.98
2017-02-23T14:42:00Z,136.9899,136.99,136.9,136.914
2017-02-23T14:43:00Z,136.91,136.99,136.9,136.9
2017-02-23T14:44:00Z,136.91,136.92,136.81,136.84
2017-02-23T14:45:00Z,136.85,136.89,136.69,136.74
2017-02-23T14:46:00Z,136.74,136.79,136.735,136.78
2017-02-23T14:47:00Z,136.78,136.91,136.77,136.8465
2017-02-23T14:48:00Z,136.85,136.86,136.79,136.83
2017-02-23T14:49:00Z,136.83,136.85,136.8,136.82
2017-02-23T14:50:00Z,136.82,136.87,136.814,136.8347
2017-02-23T14:51:00Z,136.84,136.93,136.835,136.9101
2017-02-23T14:52:00Z,136.9153,136.93,136.8293,136.8293
2017-02-23T14:53:00Z,136.83,136.9065,136.83,136.885
2017-02-23T14:54:00Z,136.88,136.94,136.87,136.92
2017-02-23T14:55:00Z,136.92,136.97,136.92,136.97
2017-02-23T14:56:00Z,136.9701,136.99,136.92,136.94
2017-02-23T14:57:00Z,136.94,136.95,136.92,136.93
2017-02-23T14:58:00Z,136.93,136.98,136.92,136.973
2017-02-23T14:59:00Z,136.97,137.09,136.97,137.07
2017-02-23T15:00:00Z,137.075,137.1,136.99,137.01
2017-02-23T15:01:00Z,137.02,137.0285,136.93,136.98
2017-02-23T15:02:00Z,136.97,137,136.95,137
2017-02-23T15:03:00Z,137,137.04,136.97,137
2017-02-23T15:04:00Z,136.9925,137.04,136.9755,137.01
2017-02-23T15:05:00Z,137,137.11,137,137.077
2017-02-23T15:06:00Z,137.085,137.11,137.06,137.11
2017-02-23T15:07:00Z,137.1001,137.19,137.1,137.13
2017-02-23T15:08:00Z,137.12,137.12,136.97,136.9775
2017-02-23T15:09:00Z,136.98,137.04,136.96,136.97
2017-02-23T15:10:00Z,136.9662,136.975,136.82,136.825
2017-02-23T15:11:00Z,136.8387,136.9001,136.8241,136.9001
2017-02-23T15:12:00Z,136.91,136.93,136.87,136.88
2017-02-23T15:13:00Z,136.87,136.8977,136.82,136.86
2017-02-23T15:14:00Z,136.87,136.89,136.74,136.755
2017-02-23T15:15:00Z,136.755,136.77,136.71,136.73
2017-02-23T15:16:00Z,136.74,136.78,136.66,136.76
2017-02-23T15:17:00Z,136.76,136.79,136.73,136.751
2017-02-23T15:18:00Z,136.76,136.85,136.75,136.809
2017-02-23T15:19:00Z,136.8,136.82,136.72,136.72
2017-02-23T15:20:00Z,136.7335,136.74,136.65,136.665
2017-02-23T15:21:00Z,136.66,136.71,136.635,136.69
2017-02-23T15:22:00Z,136.6799,136.71,136.636,136.71
2017-02-23T15:23:00Z,136.6993,136.72,136.64,136.64
2017-02-23T15:24:00Z,136.64,136.69,136.61,136.6445
2017-02-23T15:25:00Z,136.64,136.66,136.56,136.6199
2017-02-23T15:26:00Z,136.62,136.63,136.5547,136.615
2017-02-23T15:27:00Z,136.63,136.79,136.63,136.7393
2017-02-23T15:28:00Z,136.7483,136.75,136.6202,136.66
2017-02-23T15:29:00Z,136.66,136.7801,136.66,136.73
2017-02-23T15:30:00Z,136.73,136.7999,136.73,136.7999
2017-02-23T15:31:00Z,136.785,137.0038,136.77,136.81
2017-02-23T15:32:00Z,136.82,136.87,136.82,136.8501
2017-02-23T15:33:00Z,136.85,136.88,136.84,136.87
2017-02-23T15:34:00Z,136.87,136.89,136.86,136.87
2017-02-23T15:35:00Z,136.88,136.88,136.8346,136.8519
2017-02-23T15:36:00Z,136.855,136.855,136.79,136.83
2017-02-23T15:37:00Z,136.83,136.87,136.8,136.83
2017-02-23T15:38:00Z,136.83,136.86,136.83,136.85
2017-02-23T15:39:00Z,136.84,136.85,136.75,136.77
2017-02-23T15:40:00Z,136.766,136.79,136.68,136.6801
2017-02-23T15:41:00Z,136.68,136.76,136.67,136.73
2017-02-23T15:42:00Z,136.7314,136.74,136.67,136.68
2017-02-23T15:43:00Z,136.67,136.68,136.66,136.66
2017-02-23T15:44:00Z,136.6658,136.67,136.64,136.64
2017-02-23T15:45:00Z,136.63,136.65,136.605,136.64
2017-02-23T15:46:00Z,136.6318,136.685,136.63,136.64
2017-02-23T15:47:00Z,136.6425,136.65,136.61,136.61
2017-02-23T15:48:00Z,136.6165,136.65,136.61,136.64
2017-02-23T15:49:00Z,136.64,136.65,136.61,136.61
2017-02-23T15:50:00Z,136.62,136.62,136.57,136.57
2017-02-23T15:51:00Z,136.57,136.59,136.51,136.515
2017-02-23T15:52:00Z,136.515,136.5199,136.47,136.49
2017-02-23T15:53:00Z,136.49,136.54,136.48,136.54
2017-02-23T15:54:00Z,136.535,136.535,136.42,136.45
2017-02-23T15:55:00Z,136.45,136.51,136.42,136.4614
2017-02-23T15:56:00Z,136.46,136.53,136.37,136.385
2017-02-23T15:57:00Z,136.383,136.49,136.38,136.46
2017-02-23T15:58:00Z,136.47,136.49,136.45,136.46
2017-02-23T15:59:00Z,136.45,136.4507,136.37,136.39
2017-02-23T16:00:00Z,136.3927,136.41,136.33,136.36
2017-02-23T16:01:00Z,136.3555,136.37,136.3,136.355
2017-02-23T16:02:00Z,136.36,136.3693,136.31,136.3318
2017-02-23T16:03:00Z,136.34,136.39,136.3,136.325
2017-02-23T16:04:00Z,136.33,136.39,136.31,136.3287
2017-02-23T16:05:00Z,136.33,136.378,136.32,136.34
2017-02-23T16:06:00Z,136.35,136.43,136.34,136.3947
2017-02-23T16:07:00Z,136.3999,136.51,136.39,136.48
2017-02-23T16:08:00Z,136.48,136.5,136.42,136.42
2017-02-23T16:09:00Z,136.42,136.43,136.36,136.38
2017-02-23T16:10:00Z,136.39,136.415,136.33,136.35
2017-02-23T16:11:00Z,136.355,136.39,136.32,136.3495
2017-02-23T16:12:00Z,136.34,136.39,136.32,136.3463
2017-02-23T16:13:00Z,136.34,136.375,136.32,136.325
2017-02-23T16:14:00Z,136.3241,136.38,136.3,136.33
2017-02-23T16:15:00Z,136.325,136.44,136.3,136.4
2017-02-23T16:16:00Z,136.41,136.47,136.36,136.4493
2017-02-23T16:17:00Z,136.445,136.49,136.44,136.46
2017-02-23T16:18:00Z,136.46,136.48,136.44,136.465
2017-02-23T16:19:00Z,136.46,136.54,136.4538,136.4901
2017-02-23T16:20:00Z,136.49,136.5,136.42,136.47
2017-02-23T16:21:00Z,136.465,136.49,136.4201,136.4293
2017-02-23T16:22:00Z,136.4257,136.48,136.41,136.4685
2017-02-23T16:23:00Z,136.46,136.47,136.4,136.4
2017-02-23T16:24:00Z,136.42,136.45,136.37,136.42
2017-02-23T16:25:00Z,136.42,136.425,136.35,136.38
2017-02-23T16:26:00Z,136.38,136.38,136.34,136.36
2017-02-23T16:27:00Z,136.36,136.415,136.34,136.41
2017-02-23T16:28:00Z,136.42,136.46,136.37,136.44
2017-02-23T16:29:00Z,136.44,136.47,136.4399,136.45
2017-02-23T16:30:00Z,136.44,136.55,136.44,136.53
2017-02-23T16:31:00Z,136.53,136.65,136.51,136.61
2017-02-23T16:32:00Z,136.62,136.72,136.62,136.71
2017-02-23T16:33:00Z,136.71,136.77,136.65,136.73
2017-02-23T16:34:00Z,136.725,136.73,136.6789,136.68
2017-02-23T16:35:00Z,136.6751,136.69,136.6,136.6216
2017-02-23T16:36:00Z,136.62,136.7,136.62,136.68
2017-02-23T16:37:00Z,136.68,136.71,136.67,136.6739
2017-02-23T16:38:00Z,136.67,136.74,136.665,136.7299
2017-02-23T16:39:00Z,136.7247,136.77,136.72,136.75
2017-02-23T16:40:00Z,136.75,136.765,136.72,136.7294
2017-02-23T16:41:00Z,136.7284,136.73,136.67,136.68
2017-02-23T16:42:00Z,136.685,136.7199,136.67,136.7053
2017-02-23T16:43:00Z,136.7007,136.705,136.669,136.67
2017-02-23T16:44:00Z,136.67,136.67,136.6001,136.645
2017-02-23T16:45:00Z,136.645,136.65,136.61,136.61
2017-02-23T16:46:00Z,136.61,136.64,136.5702,136.63
2017-02-23T16:47:00Z,136.64,136.7,136.6393,136.7
2017-02-23T16:48:00Z,136.71,136.73,136.68,136.68
2017-02-23T16:49:00Z,136.68,136.685,136.64,136.64
2017-02-23T16:50:00Z,136.63,136.65,136.595,136.6201
2017-02-23T16:51:00Z,136.63,136.64,136.5958,136.615
2017-02-23T16:52:00Z,136.62,136.66,136.6047,136.625
2017-02-23T16:53:00Z,136.62,136.65,136.5967,136.625
2017-02-23T16:54:00Z,136.63,136.65,136.6239,136.65
2017-02-23T16:55:00Z,136.65,136.675,136.6347,136.67
2017-02-23T16:56:00Z,136.66,136.68,136.6435,136.68
2017-02-23T16:57:00Z,136.68,136.68,136.64,136.64
2017-02-23T16:58:00Z,136.635,136.635,136.59,136.595
2017-02-23T16:59:00Z,136.6008,136.6008,136.56,136.6
2017-02-23T17:00:00Z,136.6,136.62,136.56,136.62
2017-02-23T17:01:00Z,136.62,136.62,136.5547,136.5547
2017-02-23T17:02:00Z,136.56,136.575,136.52,136.56
2017-02-23T17:03:00Z,136.56,136.61,136.55,136.595
2017-02-23T17:04:00Z,136.59,136.5958,136.57,136.59
2017-02-23T17:05:00Z,136.5856,136.61,136.5742,136.58
2017-02-23T17:06:00Z,136.575,136.596,136.565,136.5686
2017-02-23T17:07:00Z,136.56,136.629,136.56,136.61
2017-02-23T17:08:00Z,136.6112,136.6112,136.55,136.55
2017-02-23T17:09:00Z,136.555,136.56,136.54,136.56
2017-02-23T17:10:00Z,136.56,136.58,136.52,136.5293
2017-02-23T17:11:00Z,136.52,136.56,136.4901,136.51
2017-02-23T17:12:00Z,136.5,136.53,136.4825,136.51
2017-02-23T17:13:00Z,136.5,136.52,136.46,136.5101
2017-02-23T17:14:00Z,136.51,136.55,136.51,136.53
2017-02-23T17:15:00Z,136.52,136.56,136.52,136.54
2017-02-23T17:16:00Z,136.5335,136.63,136.5217,136.62
2017-02-23T17:17:00Z,136.62,136.7,136.61,136.68
2017-02-23T17:18:00Z,136.68,136.72,136.6647,136.685
2017-02-23T17:19:00Z,136.6853,136.7297,136.6805,136.7
2017-02-23T17:20:00Z,136.7,136.74,136.69,136.7301
2017-02-23T17:21:00Z,136.74,136.74,136.71,136.72
2017-02-23T17:22:00Z,136.71,136.72,136.69,136.7
2017-02-23T17:23:00Z,136.7,136.7,136.64,136.64
2017-02-23T17:24:00Z,136.645,136.68,136.63,136.64
2017-02-23T17:25:00Z,136.64,136.6451,136.6111,136.62
2017-02-23T17:26:00Z,136.62,136.674,136.62,136.65
2017-02-23T17:27:00Z,136.66,136.71,136.66,136.67
2017-02-23T17:28:00Z,136.67,136.71,136.6607,136.68
2017-02-23T17:29:00Z,136.68,136.68,136.6647,136.67
2017-02-23T17:30:00Z,136.67,136.69,136.66,136.67
2017-02-23T17:31:00Z,136.66,136.67,136.625,136.63
2017-02-23T17:32:00Z,136.63,136.68,136.63,136.68
2017-02-23T17:33:00Z,136.67,136.7293,136.67,136.725
2017-02-23T17:34:00Z,136.72,136.72,136.68,136.69
2017-02-23T17:35:00Z,136.69,136.73,136.6699,136.72
2017-02-23T17:36:00Z,136.73,136.75,136.7,136.7235
2017-02-23T17:37:00Z,136.73,136.74,136.7,136.71
2017-02-23T17:38:00Z,136.7001,136.73,136.69,136.69
2017-02-23T17:39:00Z,136.69,136.72,136.68,136.69
2017-02-23T17:40:00Z,136.69,136.72,136.67,136.68
2017-02-23T17:41:00Z,136.67,136.69,136.65,136.66
2017-02-23T17:42:00Z,136.66,136.67,136.63,136.6646
2017-02-23T17:43:00Z,136.67,136.68,136.64,136.65
2017-02-23T17:44:00Z,136.66,136.6989,136.66,136.69
2017-02-23T17:45:00Z,136.68,136.695,136.67,136.695
2017-02-23T17:46:00Z,136.6923,136.7,136.67,136.7
2017-02-23T17:47:00Z,136.695,136.7,136.64,136.6494
2017-02-23T17:48:00Z,136.645,136.67,136.6339,136.64
2017-02-23T17:49:00Z,136.65,136.67,136.62,136.62
2017-02-23T17:50:00Z,136.63,136.68,136.63,136.68
2017-02-23T17:51:00Z,136.68,136.69,136.66,136.69
2017-02-23T17:52:00Z,136.69,136.71,136.69,136.6946
2017-02-23T17:53:00Z,136.69,136.72,136.69,136.71
2017-02-23T17:54:00Z,136.72,136.72,136.6711,136.69
2017-02-23T17:55:00Z,136.69,136.69,136.66,136.67
2017-02-23T17:56:00Z,136.67,136.685,136.65,136.67
2017-02-23T17:57:00Z,136.68,136.72,136.67,136.72
2017-02-23T17:58:00Z,136.715,136.73,136.7001,136.73
2017-02-23T17:59:00Z,136.7201,136.73,136.67,136.69
2017-02-23T18:00:00Z,136.69,136.7,136.65,136.69
2017-02-23T18:01:00Z,136.69,136.71,136.685,136.71
2017-02-23T18:02:00Z,136.715,136.74,136.7,136.703
2017-02-23T18:03:00Z,136.71,136.71,136.66,136.67
2017-02-23T18:04:00Z,136.68,136.69,136.64,136.65
2017-02-23T18:05:00Z,136.65,136.68,136.64,136.645
2017-02-23T18:06:00Z,136.645,136.68,136.64,136.68
2017-02-23T18:07:00Z,136.68,136.7,136.6753,136.69
2017-02-23T18:08:00Z,136.69,136.73,136.68,136.71
2017-02-23T18:09:00Z,136.7,136.73,136.7,136.71
2017-02-23T18:10:00Z,136.7059,136.72,136.695,136.695
2017-02-23T18:11:00Z,136.7,136.71,136.6824,136.7
2017-02-23T18:12:00Z,136.6943,136.71,136.6943,136.705
2017-02-23T18:13:00Z,136.7053,136.7053,136.66,136.67
2017-02-23T18:14:00Z,136.675,136.68,136.66,136.66
2017-02-23T18:15:00Z,136.66,136.66,136.6,136.61
2017-02-23T18:16:00Z,136.61,136.62,136.57,136.58
2017-02-23T18:17:00Z,136.58,136.585,136.57,136.5775
2017-02-23T18:18:00Z,136.58,136.6043,136.58,136.59
2017-02-23T18:19:00Z,136.6,136.62,136.585,136.5926
2017-02-23T18:20:00Z,136.6,136.63,136.6,136.62
2017-02-23T18:21:00Z,136.61,136.62,136.6,136.62
2017-02-23T18:22:00Z,136.61,136.62,136.59,136.6
2017-02-23T18:23:00Z,136.6,136.62,136.59,136.61
2017-02-23T18:24:00Z,136.61,136.62,136.58,136.5847
2017-02-23T18:25:00Z,136.585,136.595,136.5684,136.58
2017-02-23T18:26:00Z,136.59,136.6,136.56,136.5853
2017-02-23T18:27:00Z,136.58,136.59,136.57,136.575
2017-02-23T18:28:00Z,136.5743,136.6,136.57,136.59
2017-02-23T18:29:00Z,136.59,136.59,136.56,136.56
2017-02-23T18:30:00Z,136.56,136.595,136.5598,136.5847
2017-02-23T18:31:00Z,136.587,136.62,136.58,136.6176
2017-02-23T18:32:00Z,136.62,136.67,136.6165,136.655
2017-02-23T18:33:00Z,136.65,136.665,136.62,136.63
2017-02-23T18:34:00Z,136.63,136.645,136.62,136.62
2017-02-23T18:35:00Z,136.625,136.64,136.61,136.64
2017-02-23T18:36:00Z,136.64,136.6499,136.6341,136.64
2017-02-23T18:37:00Z,136.6447,136.71,136.6447,136.7
2017-02-23T18:38:00Z,136.705,136.75,136.7,136.72
2017-02-23T18:39:00Z,136.72,136.7443,136.71,136.7325
2017-02-23T18:40:00Z,136.73,136.76,136.73,136.73
2017-02-23T18:41:00Z,136.73,136.755,136.73,136.745
2017-02-23T18:42:00Z,136.74,136.7453,136.73,136.7399
2017-02-23T18:43:00Z,136.75,136.7893,136.74,136.76
2017-02-23T18:44:00Z,136.77,136.79,136.74,136.75
2017-02-23T18:45:00Z,136.75,136.7647,136.72,136.73
2017-02-23T18:46:00Z,136.7348,136.74,136.73,136.73
2017-02-23T18:47:00Z,136.73,136.79,136.73,136.79
2017-02-23T18:48:00Z,136.7847,136.81,136.78,136.81
2017-02-23T18:49:00Z,136.805,136.83,136.8,136.815
2017-02-23T18:50:00Z,136.81,136.85,136.78,136.78
2017-02-23T18:51:00Z,136.79,136.79,136.75,136.7648
2017-02-23T18:52:00Z,136.77,136.78,136.76,136.761
2017-02-23T18:53:00Z,136.7642,136.81,136.75,136.8039
2017-02-23T18:54:00Z,136.81,136.8139,136.78,136.78
2017-02-23T18:55:00Z,136.79,136.8199,136.73,136.735
2017-02-23T18:56:00Z,136.73,136.73,136.71,136.71
2017-02-23T18:57:00Z,136.7116,136.7258,136.7038,136.72
2017-02-23T18:58:00Z,136.7147,136.7552,136.7147,136.7552
2017-02-23T18:59:00Z,136.7547,136.8035,136.75,136.77
2017-02-23T19:00:00Z,136.76,136.78,136.75,136.755
2017-02-23T19:01:00Z,136.75,136.77,136.735,136.7357
2017-02-23T19:02:00Z,136.735,136.76,136.715,136.732
2017-02-23T19:03:00Z,136.73,136.76,136.71,136.72
2017-02-23T19:04:00Z,136.72,136.74,136.69,136.72
2017-02-23T19:05:00Z,136.72,136.7213,136.691,136.71
2017-02-23T19:06:00Z,136.71,136.72,136.6924,136.7
2017-02-23T19:07:00Z,136.705,136.74,136.705,136.72
2017-02-23T19:08:00Z,136.71,136.7147,136.675,136.68
2017-02-23T19:09:00Z,136.69,136.7,136.68,136.685
2017-02-23T19:10:00Z,136.685,136.685,136.66,136.67
2017-02-23T19:11:00Z,136.665,136.67,136.61,136.65
2017-02-23T19:12:00Z,136.6553,136.6553,136.6,136.65
2017-02-23T19:13:00Z,136.64,136.66,136.6241,136.66
2017-02-23T19:14:00Z,136.66,136.72,136.65,136.6957
2017-02-23T19:15:00Z,136.68,136.7,136.67,136.67
2017-02-23T19:16:00Z,136.665,136.705,136.655,136.7
2017-02-23T19:17:00Z,136.7,136.73,136.68,136.7103
2017-02-23T19:18:00Z,136.7143,136.731,136.7143,136.73
2017-02-23T19:19:00Z,136.73,136.76,136.71,136.71
2017-02-23T19:20:00Z,136.7,136.75,136.7,136.75
2017-02-23T19:21:00Z,136.74,136.7633,136.72,136.73
2017-02-23T19:22:00Z,136.73,136.77,136.73,136.74
2017-02-23T19:23:00Z,136.74,136.77,136.71,136.74
2017-02-23T19:24:00Z,136.74,136.8,136.7357,136.8
2017-02-23T19:25:00Z,136.79,136.81,136.77,136.79
2017-02-23T19:26:00Z,136.79,136.79,136.77,136.79
2017-02-23T19:27:00Z,136.78,136.78,136.73,136.735
2017-02-23T19:28:00Z,136.74,136.7716,136.74,136.77
2017-02-23T19:29:00Z,136.7653,136.79,136.755,136.76
2017-02-23T19:30:00Z,136.755,136.77,136.7353,136.7353
2017-02-23T19:31:00Z,136.7353,136.77,136.72,136.7242
2017-02-23T19:32:00Z,136.7247,136.75,136.72,136.73
2017-02-23T19:33:00Z,136.73,136.79,136.73,136.7865
2017-02-23T19:34:00Z,136.785,136.79,136.78,136.785
2017-02-23T19:35:00Z,136.785,136.79,136.78,136.7899
2017-02-23T19:36:00Z,136.79,136.84,136.79,136.84
2017-02-23T19:37:00Z,136.835,136.93,136.83,136.87
2017-02-23T19:38:00Z,136.87,136.87,136.81,136.83
2017-02-23T19:39:00Z,136.835,136.86,136.805,136.84
2017-02-23T19:40:00Z,136.85,136.8578,136.79,136.791
2017-02-23T19:41:00Z,136.79,136.82,136.77,136.79
2017-02-23T19:42:00Z,136.795,136.795,136.74,136.77
2017-02-23T19:43:00Z,136.78,136.7953,136.75,136.795
2017-02-23T19:44:00Z,136.79,136.81,136.77,136.78
2017-02-23T19:45:00Z,136.79,136.825,136.785,136.8
2017-02-23T19:46:00Z,136.805,136.81,136.76,136.79
2017-02-23T19:47:00Z,136.79,136.81,136.77,136.8042
2017-02-23T19:48:00Z,136.81,136.84,136.8,136.82
2017-02-23T19:49:00Z,136.81,136.82,136.78,136.79
2017-02-23T19:50:00Z,136.79,136.82,136.77,136.77
2017-02-23T19:51:00Z,136.77,136.79,136.77,136.78
2017-02-23T19:52:00Z,136.8,136.82,136.79,136.81
2017-02-23T19:53:00Z,136.815,136.8369,136.7958,136.8302
2017-02-23T19:54:00Z,136.835,136.8357,136.8,136.81
2017-02-23T19:55:00Z,136.81,136.84,136.81,136.831
2017-02-23T19:56:00Z,136.84,136.8437,136.82,136.835
2017-02-23T19:57:00Z,136.8353,136.9,136.83,136.89
2017-02-23T19:58:00Z,136.89,136.89,136.86,136.86
2017-02-23T19:59:00Z,136.87,136.87,136.82,136.825
