2017-09-27T13:30:00Z,153.79,153.99,153.61,153.99
2017-09-27T13:31:00Z,154,154.29,153.9708,154.2201
2017-09-27T13:32:00Z,154.224,154.34,154.16,154.188
2017-09-27T13:33:00Z,154.19,154.43,154.11,154.38
2017-09-27T13:34:00Z,154.3805,154.52,154.33,154.413
2017-09-27T13:35:00Z,154.42,154.58,154.4,154.4101
2017-09-27T13:36:00Z,154.4,154.432,154.25,154.3511
2017-09-27T13:37:00Z,154.35,154.5,154.35,154.4
2017-09-27T13:38:00Z,154.405,154.468,154.28,154.3299
2017-09-27T13:39:00Z,154.3122,154.43,154.31,154.42
2017-09-27T13:40:00Z,154.42,154.55,154.4125,154.49
2017-09-27T13:41:00Z,154.511,154.65,154.501,154.57
2017-09-27T13:42:00Z,154.58,154.67,154.5126,154.64
2017-09-27T13:43:00Z,154.64,154.67,154.52,154.6063
2017-09-27T13:44:00Z,154.6,154.6,154.39,154.48
2017-09-27T13:45:00Z,154.49,154.64,154.4465,154.62
2017-09-27T13:46:00Z,154.65,154.67,154.6,154.6299
2017-09-27T13:47:00Z,154.62,154.62,154.36,154.3883
2017-09-27T13:48:00Z,154.4,154.53,154.34,154.5166
2017-09-27T13:49:00Z,154.515,154.53,154.3,154.31
2017-09-27T13:50:00Z,154.32,154.38,154.22,154.2739
2017-09-27T13:51:00Z,154.28,154.3343,154.25,154.25
2017-09-27T13:52:00Z,154.25,154.326,154.24,154.313
2017-09-27T13:53:00Z,154.31,154.58,154.31,154.5399
2017-09-27T13:54:00Z,154.54,154.56,154.46,154.54
2017-09-27T13:55:00Z,154.526,154.56,154.46,154.52
2017-09-27T13:56:00Z,154.51,154.63,154.49,154.5084
2017-09-27T13:57:00Z,154.5,154.52,154.29,154.3
2017-09-27T13:58:00Z,154.2901,154.295,154.14,154.23
2017-09-27T13:59:00Z,154.23,154.44,154.2235,154.41
2017-09-27T14:00:00Z,154.42,154.49,154.36,154.47
2017-09-27T14:01:00Z,154.47,154.62,154.47,154.61
2017-09-27T14:02:00Z,154.6,154.62,154.46,154.52
2017-09-27T14:03:00Z,154.53,154.56,154.48,154.48
2017-09-27T14:04:00Z,154.5,154.57,154.46,154.548
2017-09-27T14:05:00Z,154.5443,154.57,154.51,154.57
2017-09-27T14:06:00Z,154.58,154.62,154.36,154.36
2017-09-27T14:07:00Z,154.38,154.46,154.35,154.37
2017-09-27T14:08:00Z,154.36,154.44,154.31,154.39
2017-09-27T14:09:00Z,154.39,154.39,154.28,154.3031
2017-09-27T14:10:00Z,154.3,154.3103,154.23,154.24
2017-09-27T14:11:00Z,154.26,154.2899,154.24,154.25
2017-09-27T14:12:00Z,154.26,154.27,154.06,154.1
2017-09-27T14:13:00Z,154.109,154.15,154.06,154.0701
2017-09-27T14:14:00Z,154.07,154.15,154.03,154.0616
2017-09-27T14:15:00Z,154.06,154.17,154.0539,154.07
2017-09-27T14:16:00Z,154.07,154.14,153.97,154.14
2017-09-27T14:17:00Z,154.15,154.25,154.1445,154.17
2017-09-27T14:18:00Z,154.19,154.29,154.15,154.19
2017-09-27T14:19:00Z,154.2,154.24,154.13,154.2
2017-09-27T14:20:00Z,154.1951,154.22,154.1246,154.13
2017-09-27T14:21:00Z,154.135,154.25,154.1331,154.245
2017-09-27T14:22:00Z,154.24,154.27,154.22,154.26
2017-09-27T14:23:00Z,154.25,154.42,154.25,154.3975
2017-09-27T14:24:00Z,154.4,154.4,154.3463,154.3562
2017-09-27T14:25:00Z,154.35,154.37,154.27,154.31
2017-09-27T14:26:00Z,154.31,154.36,154.28,154.33
2017-09-27T14:27:00Z,154.34,154.455,154.34,154.4042
2017-09-27T14:28:00Z,154.41,154.5,154.39,154.4463
2017-09-27T14:29:00Z,154.45,154.46,154.39,154.4374
2017-09-27T14:30:00Z,154.4499,154.5,154.43,154.4658
2017-09-27T14:31:00Z,154.46,154.51,154.444,154.48
2017-09-27T14:32:00Z,154.48,154.54,154.44,154.51
2017-09-27T14:33:00Z,154.51,154.5199,154.34,154.34
2017-09-27T14:34:00Z,154.33,154.33,154.19,154.2
2017-09-27T14:35:00Z,154.2,154.21,154.09,154.14
2017-09-27T14:36:00Z,154.15,154.22,154.14,154.1973
2017-09-27T14:37:00Z,154.2,154.32,154.19,154.21
2017-09-27T14:38:00Z,154.21,154.33,154.2032,154.25
2017-09-27T14:39:00Z,154.2456,154.2456,154.14,154.17
2017-09-27T14:40:00Z,154.18,154.19,154.04,154.13
2017-09-27T14:41:00Z,154.15,154.33,154.14,154.33
2017-09-27T14:42:00Z,154.33,154.4472,154.31,154.39
2017-09-27T14:43:00Z,154.4011,154.46,154.3248,154.3752
2017-09-27T14:44:00Z,154.38,154.47,154.3297,154.45
2017-09-27T14:45:00Z,154.4401,154.51,154.411,154.478
2017-09-27T14:46:00Z,154.49,154.51,154.4408,154.4616
2017-09-27T14:47:00Z,154.46,154.4916,154.45,154.45
2017-09-27T14:48:00Z,154.46,154.46,154.31,154.3838
2017-09-27T14:49:00Z,154.39,154.42,154.34,154.34
2017-09-27T14:50:00Z,154.3499,154.43,154.3,154.4
2017-09-27T14:51:00Z,154.39,154.44,154.35,154.387
2017-09-27T14:52:00Z,154.38,154.385,154.15,154.17
2017-09-27T14:53:00Z,154.17,154.17,154.02,154.04
2017-09-27T14:54:00Z,154.04,154.16,154.032,154.1275
2017-09-27T14:55:00Z,154.12,154.12,153.86,153.99
2017-09-27T14:56:00Z,153.9884,154.12,153.96,153.9899
2017-09-27T14:57:00Z,153.98,154.1043,153.96,154.1043
2017-09-27T14:58:00Z,154.105,154.13,154.01,154.01
2017-09-27T14:59:00Z,154.01,154.11,153.98,154.1
2017-09-27T15:00:00Z,154.1,154.2,154.1,154.18
2017-09-27T15:01:00Z,154.17,154.17,154.09,154.12
2017-09-27T15:02:00Z,154.11,154.13,154.01,154.12
2017-09-27T15:03:00Z,154.11,154.15,154.03,154.03
2017-09-27T15:04:00Z,154.03,154.0435,153.95,154.04
2017-09-27T15:05:00Z,154.0358,154.0358,153.94,153.98
2017-09-27T15:06:00Z,154,154.13,153.995,154.08
2017-09-27T15:07:00Z,154.08,154.109,154.0186,154.03
2017-09-27T15:08:00Z,154.04,154.06,153.97,154
2017-09-27T15:09:00Z,154,154.1,153.99,154.045
2017-09-27T15:10:00Z,154.0467,154.13,154.01,154.07
2017-09-27T15:11:00Z,154.075,154.1061,154.04,154.08
2017-09-27T15:12:00Z,154.08,154.0855,154.05,154.07
2017-09-27T15:13:00Z,154.06,154.1061,154.05,154.07
2017-09-27T15:14:00Z,154.06,154.12,154.06,154.12
2017-09-27T15:15:00Z,154.14,154.2,154.09,154.2
2017-09-27T15:16:00Z,154.19,154.1911,154.07,154.16
2017-09-27T15:17:00Z,154.16,154.24,154.14,154.22
2017-09-27T15:18:00Z,154.22,154.23,154.13,154.17
2017-09-27T15:19:00Z,154.18,154.2,154.1439,154.1455
2017-09-27T15:20:00Z,154.14,154.17,154.09,154.09
2017-09-27T15:21:00Z,154.09,154.1245,154.08,154.1
2017-09-27T15:22:00Z,154.1,154.16,154.1,154.11
2017-09-27T15:23:00Z,154.115,154.21,154.11,154.17
2017-09-27T15:24:00Z,154.175,154.2101,154.13,154.21
2017-09-27T15:25:00Z,154.215,154.25,154.2,154.21
2017-09-27T15:26:00Z,154.21,154.2253,154.12,154.1548
2017-09-27T15:27:00Z,154.159,154.3,154.15,154.29
2017-09-27T15:28:00Z,154.29,154.29,154.185,154.1958
2017-09-27T15:29:00Z,154.19,154.2,154.14,154.17
2017-09-27T15:30:00Z,154.17,154.2,154.06,154.17
2017-09-27T15:31:00Z,154.17,154.18,154.01,154.025
2017-09-27T15:32:00Z,154.02,154.02,153.86,153.8883
2017-09-27T15:33:00Z,153.89,153.999,153.8891,153.97
2017-09-27T15:34:00Z,153.97,153.97,153.9,153.91
2017-09-27T15:35:00Z,153.93,153.97,153.86,153.8843
2017-09-27T15:36:00Z,153.88,153.98,153.85,153.86
2017-09-27T15:37:00Z,153.87,153.97,153.87,153.93
2017-09-27T15:38:00Z,153.93,154.02,153.9193,154.02
2017-09-27T15:39:00Z,154.02,154.05,154,154.0001
2017-09-27T15:40:00Z,154.0058,154.0101,153.94,153.98
2017-09-27T15:41:00Z,153.975,154.023,153.95,154.02
2017-09-27T15:42:00Z,154.02,154.06,154,154.039
2017-09-27T15:43:00Z,154.03,154.0447,153.9637,154.0299
2017-09-27T15:44:00Z,154.02,154.05,154,154.04
2017-09-27T15:45:00Z,154.03,154.04,153.95,154.02
2017-09-27T15:46:00Z,154.03,154.1,154,154.0604
2017-09-27T15:47:00Z,154.06,154.07,154.02,154.04
2017-09-27T15:48:00Z,154.05,154.06,153.96,153.96
2017-09-27T15:49:00Z,153.97,153.99,153.87,153.8857
2017-09-27T15:50:00Z,153.88,153.9,153.86,153.88
2017-09-27T15:51:00Z,153.88,153.88,153.76,153.84
2017-09-27T15:52:00Z,153.86,153.93,153.85,153.92
2017-09-27T15:53:00Z,153.92,153.95,153.89,153.94
2017-09-27T15:54:00Z,153.93,153.97,153.9,153.93
2017-09-27T15:55:00Z,153.93,153.975,153.93,153.94
2017-09-27T15:56:00Z,153.9498,153.969,153.915,153.93
2017-09-27T15:57:00Z,153.93,153.97,153.92,153.9275
2017-09-27T15:58:00Z,153.92,153.9269,153.82,153.86
2017-09-27T15:59:00Z,153.86,153.92,153.8244,153.92
2017-09-27T16:00:00Z,153.93,153.9322,153.86,153.89
2017-09-27T16:01:00Z,153.9,153.915,153.84,153.84
2017-09-27T16:02:00Z,153.85,153.91,153.85,153.88
2017-09-27T16:03:00Z,153.9091,153.91,153.87,153.8753
2017-09-27T16:04:00Z,153.88,153.92,153.81,153.83
2017-09-27T16:05:00Z,153.8255,153.8255,153.75,153.7934
2017-09-27T16:06:00Z,153.7902,153.8,153.74,153.8
2017-09-27T16:07:00Z,153.8,153.82,153.782,153.8021
2017-09-27T16:08:00Z,153.8012,153.865,153.79,153.865
2017-09-27T16:09:00Z,153.86,153.88,153.84,153.84
2017-09-27T16:10:00Z,153.8393,153.8909,153.83,153.87
2017-09-27T16:11:00Z,153.87,153.87,153.78,153.85
2017-09-27T16:12:00Z,153.85,153.89,153.81,153.8269
2017-09-27T16:13:00Z,153.822,153.86,153.8,153.82
2017-09-27T16:14:00Z,153.83,153.86,153.81,153.831
2017-09-27T16:15:00Z,153.83,153.87,153.81,153.84
2017-09-27T16:16:00Z,153.846,153.855,153.84,153.84
2017-09-27T16:17:00Z,153.845,153.86,153.84,153.85
2017-09-27T16:18:00Z,153.84,153.85,153.73,153.76
2017-09-27T16:19:00Z,153.76,153.8,153.75,153.78
2017-09-27T16:20:00Z,153.78,153.82,153.76,153.79
2017-09-27T16:21:00Z,153.8033,153.8199,153.79,153.79
2017-09-27T16:22:00Z,153.8,153.81,153.75,153.75
2017-09-27T16:23:00Z,153.7499,153.7499,153.61,153.64
2017-09-27T16:24:00Z,153.6499,153.68,153.54,153.567
2017-09-27T16:25:00Z,153.5594,153.61,153.55,153.58
2017-09-27T16:26:00Z,153.5834,153.7,153.58,153.6947
2017-09-27T16:27:00Z,153.6963,153.75,153.69,153.75
2017-09-27T16:28:00Z,153.75,153.7986,153.75,153.7653
2017-09-27T16:29:00Z,153.765,153.83,153.75,153.78
2017-09-27T16:30:00Z,153.7799,153.83,153.77,153.81
2017-09-27T16:31:00Z,153.79,153.84,153.78,153.8
2017-09-27T16:32:00Z,153.7847,153.79,153.7,153.71
2017-09-27T16:33:00Z,153.7,153.8,153.69,153.8
2017-09-27T16:34:00Z,153.8,153.84,153.78,153.83
2017-09-27T16:35:00Z,153.8293,153.875,153.805,153.8255
2017-09-27T16:36:00Z,153.82,153.85,153.8,153.82
2017-09-27T16:37:00Z,153.82,153.83,153.81,153.81
2017-09-27T16:38:00Z,153.8,153.82,153.77,153.82
2017-09-27T16:39:00Z,153.8157,153.85,153.795,153.85
2017-09-27T16:40:00Z,153.8491,153.88,153.81,153.83
2017-09-27T16:41:00Z,153.839,153.85,153.83,153.839
2017-09-27T16:42:00Z,153.835,153.86,153.81,153.8375
2017-09-27T16:43:00Z,153.85,153.97,153.85,153.97
2017-09-27T16:44:00Z,153.979,154,153.94,153.9432
2017-09-27T16:45:00Z,153.94,154.01,153.92,153.97
2017-09-27T16:46:00Z,153.9647,153.9899,153.94,153.9701
2017-09-27T16:47:00Z,153.97,153.99,153.96,153.97
2017-09-27T16:48:00Z,153.97,154.0268,153.97,154.023
2017-09-27T16:49:00Z,154.03,154.04,153.97,153.9799
2017-09-27T16:50:00Z,153.9773,154.03,153.97,154.03
2017-09-27T16:51:00Z,154.029,154.08,154.029,154.07
2017-09-27T16:52:00Z,154.075,154.13,154.07,154.125
2017-09-27T16:53:00Z,154.1207,154.1893,154.1201,154.1531
2017-09-27T16:54:00Z,154.15,154.175,154.12,154.17
2017-09-27T16:55:00Z,154.1747,154.18,154.15,154.16
2017-09-27T16:56:00Z,154.17,154.2,154.12,154.12
2017-09-27T16:57:00Z,154.13,154.15,154.11,154.119
2017-09-27T16:58:00Z,154.12,154.17,154.12,154.1447
2017-09-27T16:59:00Z,154.15,154.17,154.1,154.14
2017-09-27T17:00:00Z,154.14,154.16,154.11,154.11
2017-09-27T17:01:00Z,154.11,154.115,154.05,154.06
2017-09-27T17:02:00Z,154.064,154.08,154.05,154.06
2017-09-27T17:03:00Z,154.07,154.07,154.04,154.04
2017-09-27T17:04:00Z,154.04,154.07,154.02,154.05
2017-09-27T17:05:00Z,154.05,154.079,154.03,154.04
2017-09-27T17:06:00Z,154.0468,154.05,153.985,153.99
2017-09-27T17:07:00Z,153.9905,154,153.96,153.965
2017-09-27T17:08:00Z,153.96,154.005,153.95,154.002
2017-09-27T17:09:00Z,154.005,154.02,153.97,154.006
2017-09-27T17:10:00Z,154.01,154.06,154,154.053
2017-09-27T17:11:00Z,154.06,154.09,154.04,154.0793
2017-09-27T17:12:00Z,154.08,154.1,154.05,154.095
2017-09-27T17:13:00Z,154.1,154.1,154.05,154.07
2017-09-27T17:14:00Z,154.06,154.07,154,154
2017-09-27T17:15:00Z,154.01,154.04,154,154
2017-09-27T17:16:00Z,154,154.0099,153.925,153.954
2017-09-27T17:17:00Z,153.95,153.99,153.935,153.97
2017-09-27T17:18:00Z,153.97,153.99,153.965,153.99
2017-09-27T17:19:00Z,153.99,153.9955,153.96,153.97
2017-09-27T17:20:00Z,153.97,153.99,153.95,153.969
2017-09-27T17:21:00Z,153.9661,153.97,153.9299,153.93
2017-09-27T17:22:00Z,153.9202,153.93,153.88,153.8842
2017-09-27T17:23:00Z,153.88,153.89,153.84,153.86
2017-09-27T17:24:00Z,153.86,153.92,153.86,153.89
2017-09-27T17:25:00Z,153.89,153.91,153.87,153.8852
2017-09-27T17:26:00Z,153.8801,153.92,153.8786,153.88
2017-09-27T17:27:00Z,153.89,153.9209,153.88,153.895
2017-09-27T17:28:00Z,153.89,153.89,153.86,153.86
2017-09-27T17:29:00Z,153.8607,153.95,153.86,153.95
2017-09-27T17:30:00Z,153.95,153.9591,153.91,153.9401
2017-09-27T17:31:00Z,153.945,154.01,153.9448,154.005
2017-09-27T17:32:00Z,154.0144,154.0144,153.97,153.975
2017-09-27T17:33:00Z,153.98,153.9999,153.96,153.98
2017-09-27T17:34:00Z,153.98,153.9836,153.93,153.96
2017-09-27T17:35:00Z,153.9501,153.99,153.9501,153.99
2017-09-27T17:36:00Z,153.996,154.06,153.98,154.02
2017-09-27T17:37:00Z,154.02,154.0366,153.985,153.9961
2017-09-27T17:38:00Z,153.99,154,153.98,153.9958
2017-09-27T17:39:00Z,153.99,154.03,153.99,154.0263
2017-09-27T17:40:00Z,154.025,154.1,154.01,154.085
2017-09-27T17:41:00Z,154.085,154.1,154.07,154.09
2017-09-27T17:42:00Z,154.0887,154.1099,154.072,154.1
2017-09-27T17:43:00Z,154.1,154.12,154.07,154.09
2017-09-27T17:44:00Z,154.09,154.0945,154.06,154.0945
2017-09-27T17:45:00Z,154.0981,154.11,154.06,154.1
2017-09-27T17:46:00Z,154.105,154.11,154.0701,154.11
2017-09-27T17:47:00Z,154.11,154.129,154.09,154.1258
2017-09-27T17:48:00Z,154.1201,154.1201,154.091,154.1
2017-09-27T17:49:00Z,154.1,154.14,154.1,154.1326
2017-09-27T17:50:00Z,154.13,154.15,154.13,154.14
2017-09-27T17:51:00Z,154.145,154.15,154.12,154.15
2017-09-27T17:52:00Z,154.14,154.17,154.1338,154.16
2017-09-27T17:53:00Z,154.16,154.175,154.14,154.15
2017-09-27T17:54:00Z,154.154,154.175,154.135,154.175
2017-09-27T17:55:00Z,154.175,154.19,154.17,154.17
2017-09-27T17:56:00Z,154.1745,154.18,154.16,154.175
2017-09-27T17:57:00Z,154.18,154.19,154.1555,154.18
2017-09-27T17:58:00Z,154.18,154.2102,154.17,154.2102
2017-09-27T17:59:00Z,154.215,154.22,154.19,154.21
2017-09-27T18:00:00Z,154.2199,154.27,154.2158,154.25
2017-09-27T18:01:00Z,154.25,154.27,154.25,154.27
2017-09-27T18:02:00Z,154.27,154.33,154.2607,154.28
2017-09-27T18:03:00Z,154.27,154.339,154.25,154.339
2017-09-27T18:04:00Z,154.329,154.36,154.32,154.3339
2017-09-27T18:05:00Z,154.339,154.43,154.339,154.4101
2017-09-27T18:06:00Z,154.41,154.48,154.4,154.44
2017-09-27T18:07:00Z,154.4455,154.45,154.36,154.36
2017-09-27T18:08:00Z,154.365,154.374,154.35,154.374
2017-09-27T18:09:00Z,154.38,154.4,154.375,154.39
2017-09-27T18:10:00Z,154.39,154.41,154.38,154.4
2017-09-27T18:11:00Z,154.3958,154.41,154.36,154.374
2017-09-27T18:12:00Z,154.3739,154.45,154.37,154.4301
2017-09-27T18:13:00Z,154.44,154.49,154.4033,154.45
2017-09-27T18:14:00Z,154.45,154.54,154.45,154.51
2017-09-27T18:15:00Z,154.51,154.6,154.51,154.58
2017-09-27T18:16:00Z,154.59,154.61,154.57,154.58
2017-09-27T18:17:00Z,154.59,154.7189,154.59,154.6999
2017-09-27T18:18:00Z,154.7,154.71,154.615,154.645
2017-09-27T18:19:00Z,154.64,154.7,154.58,154.5973
2017-09-27T18:20:00Z,154.6,154.62,154.5799,154.59
2017-09-27T18:21:00Z,154.61,154.62,154.58,154.59
2017-09-27T18:22:00Z,154.59,154.59,154.55,154.59
2017-09-27T18:23:00Z,154.59,154.6164,154.5712,154.6062
2017-09-27T18:24:00Z,154.6,154.605,154.56,154.585
2017-09-27T18:25:00Z,154.58,154.6,154.57,154.58
2017-09-27T18:26:00Z,154.585,154.585,154.46,154.47
2017-09-27T18:27:00Z,154.47,154.5,154.41,154.46
2017-09-27T18:28:00Z,154.4514,154.52,154.45,154.495
2017-09-27T18:29:00Z,154.4942,154.5054,154.47,154.495
2017-09-27T18:30:00Z,154.4999,154.575,154.4955,154.57
2017-09-27T18:31:00Z,154.5601,154.5601,154.52,154.53
2017-09-27T18:32:00Z,154.53,154.54,154.48,154.5097
2017-09-27T18:33:00Z,154.5,154.5155,154.45,154.45
2017-09-27T18:34:00Z,154.4561,154.52,154.45,154.5
2017-09-27T18:35:00Z,154.4911,154.53,154.4836,154.525
2017-09-27T18:36:00Z,154.5214,154.53,154.47,154.4832
2017-09-27T18:37:00Z,154.4899,154.49,154.47,154.48
2017-09-27T18:38:00Z,154.48,154.4891,154.46,154.47
2017-09-27T18:39:00Z,154.475,154.49,154.47,154.48
2017-09-27T18:40:00Z,154.48,154.489,154.42,154.4501
2017-09-27T18:41:00Z,154.455,154.49,154.45,154.484
2017-09-27T18:42:00Z,154.485,154.505,154.46,154.4892
2017-09-27T18:43:00Z,154.494,154.5,154.46,154.466
2017-09-27T18:44:00Z,154.46,154.46,154.34,154.35
2017-09-27T18:45:00Z,154.34,154.44,154.33,154.4049
2017-09-27T18:46:00Z,154.41,154.41,154.3,154.3
2017-09-27T18:47:00Z,154.31,154.33,154.2762,154.29
2017-09-27T18:48:00Z,154.29,154.33,154.29,154.3001
2017-09-27T18:49:00Z,154.31,154.31,154.29,154.29
2017-09-27T18:50:00Z,154.29,154.33,154.28,154.28
2017-09-27T18:51:00Z,154.28,154.3,154.23,154.24
2017-09-27T18:52:00Z,154.24,154.29,154.24,154.29
2017-09-27T18:53:00Z,154.29,154.29,154.23,154.28
2017-09-27T18:54:00Z,154.285,154.34,154.2832,154.33
2017-09-27T18:55:00Z,154.33,154.3542,154.31,154.33
2017-09-27T18:56:00Z,154.3301,154.3799,154.31,154.32
2017-09-27T18:57:00Z,154.32,154.35,154.29,154.3
2017-09-27T18:58:00Z,154.295,154.35,154.24,154.34
2017-09-27T18:59:00Z,154.35,154.36,154.29,154.29
2017-09-27T19:00:00Z,154.309,154.34,154.285,154.33
2017-09-27T19:01:00Z,154.34,154.39,154.31,154.38
2017-09-27T19:02:00Z,154.3845,154.52,154.37,154.52
2017-09-27T19:03:00Z,154.51,154.51,154.414,154.4342
2017-09-27T19:04:00Z,154.43,154.499,154.396,154.455
2017-09-27T19:05:00Z,154.4542,154.51,154.45,154.469
2017-09-27T19:06:00Z,154.46,154.499,154.44,154.4637
2017-09-27T19:07:00Z,154.4663,154.497,154.38,154.41
2017-09-27T19:08:00Z,154.4,154.41,154.36,154.389
2017-09-27T19:09:00Z,154.39,154.54,154.38,154.5
2017-09-27T19:10:00Z,154.49,154.5169,154.45,154.48
2017-09-27T19:11:00Z,154.481,154.6,154.48,154.59
2017-09-27T19:12:00Z,154.5758,154.62,154.57,154.5867
2017-09-27T19:13:00Z,154.59,154.61,154.47,154.515
2017-09-27T19:14:00Z,154.51,154.569,154.5,154.56
2017-09-27T19:15:00Z,154.57,154.57,154.505,154.51
2017-09-27T19:16:00Z,154.52,154.5269,154.4211,154.4601
2017-09-27T19:17:00Z,154.47,154.5365,154.47,154.535
2017-09-27T19:18:00Z,154.54,154.541,154.51,154.53
2017-09-27T19:19:00Z,154.526,154.58,154.526,154.55
2017-09-27T19:20:00Z,154.5555,154.62,154.52,154.62
2017-09-27T19:21:00Z,154.62,154.627,154.53,154.54
2017-09-27T19:22:00Z,154.54,154.57,154.51,154.57
2017-09-27T19:23:00Z,154.57,154.62,154.56,154.57
2017-09-27T19:24:00Z,154.59,154.63,154.59,154.59
2017-09-27T19:25:00Z,154.599,154.6,154.55,154.5501
2017-09-27T19:26:00Z,154.56,154.614,154.55,154.595
2017-09-27T19:27:00Z,154.5901,154.6,154.545,154.57
2017-09-27T19:28:00Z,154.571,154.5799,154.52,154.57
2017-09-27T19:29:00Z,154.57,154.58,154.53,154.535
2017-09-27T19:30:00Z,154.54,154.55,154.52,154.55
2017-09-27T19:31:00Z,154.55,154.56,154.51,154.52
2017-09-27T19:32:00Z,154.525,154.53,154.49,154.51
2017-09-27T19:33:00Z,154.51,154.61,154.505,154.5941
2017-09-27T19:34:00Z,154.5975,154.66,154.59,154.6593
2017-09-27T19:35:00Z,154.65,154.68,154.62,154.645
2017-09-27T19:36:00Z,154.6446,154.669,154.58,154.5845
2017-09-27T19:37:00Z,154.58,154.605,154.55,154.5852
2017-09-27T19:38:00Z,154.5858,154.6,154.52,154.58
2017-09-27T19:39:00Z,154.58,154.585,154.55,154.575
2017-09-27T19:40:00Z,154.575,154.6,154.57,154.59
2017-09-27T19:41:00Z,154.59,154.6,154.51,154.53
2017-09-27T19:42:00Z,154.525,154.575,154.52,154.57
2017-09-27T19:43:00Z,154.56,154.56,154.48,154.49
2017-09-27T19:44:00Z,154.4934,154.5001,154.44,154.49
2017-09-27T19:45:00Z,154.48,154.48,154.38,154.4328
2017-09-27T19:46:00Z,154.435,154.46,154.41,154.43
2017-09-27T19:47:00Z,154.43,154.48,154.401,154.475
2017-09-27T19:48:00Z,154.475,154.48,154.42,154.42
2017-09-27T19:49:00Z,154.42,154.43,154.36,154.3658
2017-09-27T19:50:00Z,154.365,154.44,154.28,154.33
2017-09-27T19:51:00Z,154.34,154.4,154.32,154.4
2017-09-27T19:52:00Z,154.399,154.42,154.38,154.4032
2017-09-27T19:53:00Z,154.405,154.41,154.36,154.38
2017-09-27T19:54:00Z,154.38,154.42,154.33,154.381
2017-09-27T19:55:00Z,154.385,154.39,154.33,154.335
2017-09-27T19:56:00Z,154.335,154.39,154.33,154.35
2017-09-27T19:57:00Z,154.35,154.44,154.3,154.38
2017-09-27T19:58:00Z,154.37,154.46,154.22,154.2307
2017-09-27T19:59:00Z,154.24,154.27,154.14,154.2
