2019-09-16T13:30:00Z,217.68,218.57,217.56,218.33
2019-09-16T13:31:00Z,218.37,218.42,217.89,218.12
2019-09-16T13:32:00Z,218.15,218.6,218.1101,218.36
2019-09-16T13:33:00Z,218.3483,218.78,218.2001,218.7301
2019-09-16T13:34:00Z,218.75,218.84,218.54,218.66
2019-09-16T13:35:00Z,218.65,218.87,218.62,218.78
2019-09-16T13:36:00Z,218.7527,218.85,218.5,218.5278
2019-09-16T13:37:00Z,218.5343,218.6,218.45,218.5
2019-09-16T13:38:00Z,218.49,218.57,218.17,218.23
2019-09-16T13:39:00Z,218.255,218.4,218.15,218.22
2019-09-16T13:40:00Z,218.2099,218.6,218.096,218.52
2019-09-16T13:41:00Z,218.55,218.6,218.25,218.37
2019-09-16T13:42:00Z,218.3752,218.51,218.29,218.35
2019-09-16T13:43:00Z,218.36,218.48,218.28,218.345
2019-09-16T13:44:00Z,218.38,218.45,218.29,218.37
2019-09-16T13:45:00Z,218.38,218.39,218.17,218.27
2019-09-16T13:46:00Z,218.28,218.48,218.18,218.36
2019-09-16T13:47:00Z,218.37,218.6402,218.37,218.45
2019-09-16T13:48:00Z,218.44,218.47,218.29,218.47
2019-09-16T13:49:00Z,218.4501,218.715,218.4501,218.555
2019-09-16T13:50:00Z,218.57,219.1735,218.56,219.15
2019-09-16T13:51:00Z,219.16,219.51,219.16,219.36
2019-09-16T13:52:00Z,219.37,219.6457,219.35,219.61
2019-09-16T13:53:00Z,219.613,219.69,219.4454,219.54
2019-09-16T13:54:00Z,219.55,219.61,219.37,219.49
2019-09-16T13:55:00Z,219.48,219.515,219.33,219.37
2019-09-16T13:56:00Z,219.375,219.43,219.28,219.3501
2019-09-16T13:57:00Z,219.38,219.8523,219.37,219.7793
2019-09-16T13:58:00Z,219.7707,219.8231,219.6449,219.7622
2019-09-16T13:59:00Z,219.77,219.8245,219.641,219.68
2019-09-16T14:00:00Z,219.712,219.73,219.47,219.55
2019-09-16T14:01:00Z,219.55,219.6,219.38,219.42
2019-09-16T14:02:00Z,219.4086,219.63,219.4001,219.47
2019-09-16T14:03:00Z,219.45,219.55,219.385,219.4725
2019-09-16T14:04:00Z,219.51,219.6,219.485,219.558
2019-09-16T14:05:00Z,219.558,219.65,219.54,219.63
2019-09-16T14:06:00Z,219.62,219.69,219.49,219.49
2019-09-16T14:07:00Z,219.49,219.5089,219.22,219.2499
2019-09-16T14:08:00Z,219.24,219.4,219.15,219.15
2019-09-16T14:09:00Z,219.149,219.1623,219.03,219.0685
2019-09-16T14:10:00Z,219.07,219.28,219.06,219.19
2019-09-16T14:11:00Z,219.18,219.182,218.96,219.03
2019-09-16T14:12:00Z,219.02,219.14,218.99,219.11
2019-09-16T14:13:00Z,219.1001,219.11,218.98,218.99
2019-09-16T14:14:00Z,218.985,219,218.8789,218.96
2019-09-16T14:15:00Z,218.96,219.16,218.9,219.1301
2019-09-16T14:16:00Z,219.16,219.2899,219.03,219.0353
2019-09-16T14:17:00Z,219.04,219.05,218.9,218.9458
2019-09-16T14:18:00Z,218.95,218.97,218.82,218.8533
2019-09-16T14:19:00Z,218.85,218.87,218.72,218.81
2019-09-16T14:20:00Z,218.835,218.8499,218.6203,218.682
2019-09-16T14:21:00Z,218.6699,218.74,218.64,218.71
2019-09-16T14:22:00Z,218.69,218.83,218.65,218.7769
2019-09-16T14:23:00Z,218.78,219.01,218.772,218.93
2019-09-16T14:24:00Z,218.93,218.97,218.74,218.77
2019-09-16T14:25:00Z,218.76,218.79,218.68,218.755
2019-09-16T14:26:00Z,218.78,218.78,218.52,218.52
2019-09-16T14:27:00Z,218.5299,218.58,218.44,218.5069
2019-09-16T14:28:00Z,218.52,218.6399,218.4005,218.4005
2019-09-16T14:29:00Z,218.413,218.55,218.345,218.39
2019-09-16T14:30:00Z,218.4,218.42,218.23,218.31
2019-09-16T14:31:00Z,218.303,218.5098,218.3001,218.505
2019-09-16T14:32:00Z,218.51,218.573,218.29,218.3879
2019-09-16T14:33:00Z,218.3999,218.52,218.39,218.46
2019-09-16T14:34:00Z,218.47,218.47,218.28,218.36
2019-09-16T14:35:00Z,218.3741,218.45,218.19,218.2899
2019-09-16T14:36:00Z,218.29,218.3781,218.24,218.3487
2019-09-16T14:37:00Z,218.37,218.56,218.32,218.56
2019-09-16T14:38:00Z,218.5416,218.68,218.5238,218.58
2019-09-16T14:39:00Z,218.57,218.665,218.57,218.605
2019-09-16T14:40:00Z,218.6,218.9,218.5,218.895
2019-09-16T14:41:00Z,218.88,218.95,218.73,218.83
2019-09-16T14:42:00Z,218.83,218.98,218.83,218.96
2019-09-16T14:43:00Z,218.96,219.01,218.83,218.895
2019-09-16T14:44:00Z,218.9,218.98,218.832,218.85
2019-09-16T14:45:00Z,218.87,218.985,218.87,218.91
2019-09-16T14:46:00Z,218.9,218.97,218.85,218.97
2019-09-16T14:47:00Z,218.95,218.9595,218.8,218.886
2019-09-16T14:48:00Z,218.89,218.99,218.87,218.87
2019-09-16T14:49:00Z,218.89,218.89,218.64,218.6799
2019-09-16T14:50:00Z,218.68,218.85,218.677,218.83
2019-09-16T14:51:00Z,218.8132,218.98,218.81,218.88
2019-09-16T14:52:00Z,218.91,218.96,218.84,218.84
2019-09-16T14:53:00Z,218.87,218.91,218.78,218.81
2019-09-16T14:54:00Z,218.835,218.835,218.43,218.4751
2019-09-16T14:55:00Z,218.4893,218.71,218.46,218.7
2019-09-16T14:56:00Z,218.7,218.8299,218.7,218.8
2019-09-16T14:57:00Z,218.8153,218.8334,218.75,218.8326
2019-09-16T14:58:00Z,218.832,218.9399,218.68,218.73
2019-09-16T14:59:00Z,218.74,218.91,218.74,218.9
2019-09-16T15:00:00Z,218.925,219.23,218.925,219.1675
2019-09-16T15:01:00Z,219.16,219.19,218.98,219.04
2019-09-16T15:02:00Z,219.05,219.09,218.92,218.92
2019-09-16T15:03:00Z,218.92,218.985,218.88,218.955
2019-09-16T15:04:00Z,218.96,219.14,218.96,219.13
2019-09-16T15:05:00Z,219.1398,219.3,219.1301,219.17
2019-09-16T15:06:00Z,219.1693,219.23,219.13,219.16
2019-09-16T15:07:00Z,219.17,219.19,219.015,219.135
2019-09-16T15:08:00Z,219.145,219.27,219.09,219.245
2019-09-16T15:09:00Z,219.25,219.46,219.25,219.42
2019-09-16T15:10:00Z,219.45,219.55,219.3201,219.35
2019-09-16T15:11:00Z,219.38,219.4893,219.38,219.4774
2019-09-16T15:12:00Z,219.46,219.595,219.46,219.555
2019-09-16T15:13:00Z,219.56,219.66,219.5516,219.62
2019-09-16T15:14:00Z,219.6148,219.64,219.58,219.617
2019-09-16T15:15:00Z,219.62,219.68,219.56,219.62
2019-09-16T15:16:00Z,219.6076,219.8254,219.57,219.75
2019-09-16T15:17:00Z,219.775,219.8,219.61,219.61
2019-09-16T15:18:00Z,219.61,219.68,219.51,219.66
2019-09-16T15:19:00Z,219.67,219.69,219.6,219.63
2019-09-16T15:20:00Z,219.62,219.63,219.46,219.5259
2019-09-16T15:21:00Z,219.52,219.6,219.51,219.52
2019-09-16T15:22:00Z,219.525,219.566,219.44,219.4499
2019-09-16T15:23:00Z,219.445,219.4517,219.32,219.4432
2019-09-16T15:24:00Z,219.46,219.6,219.42,219.6
2019-09-16T15:25:00Z,219.6074,219.7601,219.525,219.7399
2019-09-16T15:26:00Z,219.73,219.93,219.73,219.93
2019-09-16T15:27:00Z,219.92,220.095,219.92,220.05
2019-09-16T15:28:00Z,220.05,220.05,219.75,219.87
2019-09-16T15:29:00Z,219.88,219.98,219.86,219.906
2019-09-16T15:30:00Z,219.9,219.98,219.76,219.92
2019-09-16T15:31:00Z,219.9263,219.9263,219.81,219.855
2019-09-16T15:32:00Z,219.855,219.95,219.85,219.8916
2019-09-16T15:33:00Z,219.871,219.92,219.65,219.8733
2019-09-16T15:34:00Z,219.87,219.875,219.74,219.75
2019-09-16T15:35:00Z,219.75,219.86,219.69,219.7742
2019-09-16T15:36:00Z,219.77,219.9299,219.77,219.91
2019-09-16T15:37:00Z,219.92,219.95,219.86,219.93
2019-09-16T15:38:00Z,219.92,219.95,219.84,219.86
2019-09-16T15:39:00Z,219.85,219.89,219.78,219.87
2019-09-16T15:40:00Z,219.86,219.9945,219.82,219.94
2019-09-16T15:41:00Z,219.94,220,219.91,219.93
2019-09-16T15:42:00Z,219.94,220.02,219.9158,220
2019-09-16T15:43:00Z,220,220.03,219.85,219.9135
2019-09-16T15:44:00Z,219.91,220.01,219.87,219.99
2019-09-16T15:45:00Z,219.99,220.13,219.92,219.96
2019-09-16T15:46:00Z,219.97,219.99,219.76,219.77
2019-09-16T15:47:00Z,219.78,219.89,219.75,219.77
2019-09-16T15:48:00Z,219.76,219.84,219.62,219.6801
2019-09-16T15:49:00Z,219.71,219.74,219.6801,219.6842
2019-09-16T15:50:00Z,219.68,219.73,219.48,219.69
2019-09-16T15:51:00Z,219.67,219.695,219.6,219.64
2019-09-16T15:52:00Z,219.64,219.65,219.55,219.57
2019-09-16T15:53:00Z,219.5807,219.63,219.54,219.55
2019-09-16T15:54:00Z,219.55,219.66,219.44,219.66
2019-09-16T15:55:00Z,219.6515,219.7,219.54,219.57
2019-09-16T15:56:00Z,219.5401,219.5401,219.3826,219.3826
2019-09-16T15:57:00Z,219.3851,219.5,219.3566,219.438
2019-09-16T15:58:00Z,219.42,219.42,219.18,219.224
2019-09-16T15:59:00Z,219.22,219.23,218.9,219.05
2019-09-16T16:00:00Z,219.04,219.23,219.03,219.2119
2019-09-16T16:01:00Z,219.235,219.3,219.23,219.24
2019-09-16T16:02:00Z,219.2421,219.2421,219.19,219.2073
2019-09-16T16:03:00Z,219.2,219.23,219.1035,219.2299
2019-09-16T16:04:00Z,219.22,219.339,219.22,219.245
2019-09-16T16:05:00Z,219.245,219.26,219.12,219.15
2019-09-16T16:06:00Z,219.13,219.1335,219.03,219.11
2019-09-16T16:07:00Z,219.12,219.13,219.02,219.025
2019-09-16T16:08:00Z,219.02,219.175,218.98,219.17
2019-09-16T16:09:00Z,219.1732,219.26,219.13,219.23
2019-09-16T16:10:00Z,219.22,219.2758,219.195,219.22
2019-09-16T16:11:00Z,219.23,219.27,219.2,219.2
2019-09-16T16:12:00Z,219.21,219.23,219.14,219.165
2019-09-16T16:13:00Z,219.165,219.17,219.13,219.14
2019-09-16T16:14:00Z,219.15,219.22,219.085,219.2
2019-09-16T16:15:00Z,219.19,219.4,219.11,219.33
2019-09-16T16:16:00Z,219.335,219.335,219.28,219.28
2019-09-16T16:17:00Z,219.29,219.3,219.17,219.24
2019-09-16T16:18:00Z,219.24,219.2554,219.18,219.19
2019-09-16T16:19:00Z,219.19,219.24,219.09,219.17
2019-09-16T16:20:00Z,219.18,219.19,219.03,219.06
2019-09-16T16:21:00Z,219.05,219.1099,219.025,219.09
2019-09-16T16:22:00Z,219.1,219.18,219.08,219.13
2019-09-16T16:23:00Z,219.17,219.26,219.0707,219.13
2019-09-16T16:24:00Z,219.135,219.25,219.1323,219.22
2019-09-16T16:25:00Z,219.22,219.28,219.16,219.25
2019-09-16T16:26:00Z,219.25,219.26,219.18,219.2599
2019-09-16T16:27:00Z,219.24,219.32,219.21,219.31
2019-09-16T16:28:00Z,219.3121,219.325,219.24,219.32
2019-09-16T16:29:00Z,219.3,219.35,219.25,219.3135
2019-09-16T16:30:00Z,219.31,219.31,219.2,219.25
2019-09-16T16:31:00Z,219.23,219.26,219.11,219.1184
2019-09-16T16:32:00Z,219.12,219.305,219.0801,219.27
2019-09-16T16:33:00Z,219.28,219.47,219.272,219.42
2019-09-16T16:34:00Z,219.41,219.42,219.28,219.32
2019-09-16T16:35:00Z,219.3,219.36,219.23,219.27
2019-09-16T16:36:00Z,219.28,219.315,219.25,219.27
2019-09-16T16:37:00Z,219.3,219.3635,219.29,219.33
2019-09-16T16:38:00Z,219.31,219.365,219.29,219.36
2019-09-16T16:39:00Z,219.36,219.39,219.271,219.37
2019-09-16T16:40:00Z,219.3849,219.43,219.38,219.4
2019-09-16T16:41:00Z,219.38,219.41,219.36,219.385
2019-09-16T16:42:00Z,219.38,219.38,219.12,219.248
2019-09-16T16:43:00Z,219.24,219.24,219,219.0427
2019-09-16T16:44:00Z,219.04,219.05,218.9101,219.03
2019-09-16T16:45:00Z,219.05,219.07,218.9779,219.02
2019-09-16T16:46:00Z,219,219.0238,218.9871,219.0149
2019-09-16T16:47:00Z,219.02,219.08,218.99,219.07
2019-09-16T16:48:00Z,219.0768,219.2026,219.0733,219.13
2019-09-16T16:49:00Z,219.15,219.32,219.15,219.31
2019-09-16T16:50:00Z,219.31,219.36,219.2774,219.31
2019-09-16T16:51:00Z,219.33,219.33,219.19,219.21
2019-09-16T16:52:00Z,219.21,219.41,219.19,219.3453
2019-09-16T16:53:00Z,219.34,219.36,219.27,219.27
2019-09-16T16:54:00Z,219.2899,219.34,219.2748,219.28
2019-09-16T16:55:00Z,219.27,219.27,219.155,219.17
2019-09-16T16:56:00Z,219.165,219.175,219.13,219.175
2019-09-16T16:57:00Z,219.1685,219.235,219.12,219.15
2019-09-16T16:58:00Z,219.17,219.17,219.1113,219.1365
2019-09-16T16:59:00Z,219.1436,219.16,219.11,219.13
2019-09-16T17:00:00Z,219.14,219.16,219.02,219.12
2019-09-16T17:01:00Z,219.13,219.24,219.13,219.2079
2019-09-16T17:02:00Z,219.2,219.21,219.17,219.185
2019-09-16T17:03:00Z,219.19,219.19,219.15,219.16
2019-09-16T17:04:00Z,219.15,219.1939,219.14,219.19
2019-09-16T17:05:00Z,219.2,219.3,219.2,219.27
2019-09-16T17:06:00Z,219.27,219.33,219.26,219.28
2019-09-16T17:07:00Z,219.275,219.28,219.255,219.28
2019-09-16T17:08:00Z,219.275,219.29,219.26,219.27
2019-09-16T17:09:00Z,219.275,219.28,219.25,219.28
2019-09-16T17:10:00Z,219.28,219.28,219.25,219.27
2019-09-16T17:11:00Z,219.259,219.35,219.25,219.35
2019-09-16T17:12:00Z,219.35,219.39,219.2621,219.2949
2019-09-16T17:13:00Z,219.292,219.3,219.25,219.27
2019-09-16T17:14:00Z,219.2575,219.32,219.2575,219.315
2019-09-16T17:15:00Z,219.3,219.39,219.28,219.375
2019-09-16T17:16:00Z,219.3717,219.38,219.31,219.3399
2019-09-16T17:17:00Z,219.3397,219.35,219.311,219.33
2019-09-16T17:18:00Z,219.34,219.4063,219.34,219.3871
2019-09-16T17:19:00Z,219.38,219.3941,219.35,219.36
2019-09-16T17:20:00Z,219.36,219.36,219.24,219.31
2019-09-16T17:21:00Z,219.31,219.3498,219.31,219.3498
2019-09-16T17:22:00Z,219.34,219.3742,219.31,219.3196
2019-09-16T17:23:00Z,219.32,219.33,219.27,219.3
2019-09-16T17:24:00Z,219.31,219.35,219.3099,219.32
2019-09-16T17:25:00Z,219.315,219.33,219.21,219.33
2019-09-16T17:26:00Z,219.34,219.41,219.33,219.36
2019-09-16T17:27:00Z,219.365,219.37,219.34,219.34
2019-09-16T17:28:00Z,219.35,219.415,219.34,219.38
2019-09-16T17:29:00Z,219.37,219.4728,219.3418,219.44
2019-09-16T17:30:00Z,219.4433,219.57,219.44,219.555
2019-09-16T17:31:00Z,219.56,219.675,219.56,219.59
2019-09-16T17:32:00Z,219.5901,219.61,219.54,219.55
2019-09-16T17:33:00Z,219.55,219.57,219.53,219.53
2019-09-16T17:34:00Z,219.5401,219.56,219.51,219.5378
2019-09-16T17:35:00Z,219.57,219.58,219.48,219.49
2019-09-16T17:36:00Z,219.48,219.72,219.48,219.7124
2019-09-16T17:37:00Z,219.705,219.89,219.705,219.73
2019-09-16T17:38:00Z,219.73,219.735,219.5762,219.63
2019-09-16T17:39:00Z,219.62,219.7,219.591,219.66
2019-09-16T17:40:00Z,219.66,219.7699,219.66,219.7
2019-09-16T17:41:00Z,219.71,219.76,219.71,219.725
2019-09-16T17:42:00Z,219.73,219.73,219.65,219.71
2019-09-16T17:43:00Z,219.72,219.725,219.64,219.65
2019-09-16T17:44:00Z,219.67,219.715,219.64,219.67
2019-09-16T17:45:00Z,219.6638,219.69,219.64,219.65
2019-09-16T17:46:00Z,219.64,219.645,219.59,219.61
2019-09-16T17:47:00Z,219.61,219.67,219.5972,219.65
2019-09-16T17:48:00Z,219.645,219.6944,219.63,219.65
2019-09-16T17:49:00Z,219.65,219.806,219.65,219.79
2019-09-16T17:50:00Z,219.79,219.83,219.78,219.79
2019-09-16T17:51:00Z,219.79,219.79,219.7205,219.76
2019-09-16T17:52:00Z,219.75,219.7899,219.75,219.77
2019-09-16T17:53:00Z,219.77,219.93,219.77,219.91
2019-09-16T17:54:00Z,219.9291,220.0574,219.9153,220
2019-09-16T17:55:00Z,220.001,220.05,219.98,220.0102
2019-09-16T17:56:00Z,220.03,220.04,219.99,220.02
2019-09-16T17:57:00Z,220.02,220.06,220.01,220.05
2019-09-16T17:58:00Z,220.055,220.07,220.038,220.065
2019-09-16T17:59:00Z,220.07,220.09,220.01,220.01
2019-09-16T18:00:00Z,220.01,220.09,219.9935,220.075
2019-09-16T18:01:00Z,220.0805,220.1,219.914,219.9236
2019-09-16T18:02:00Z,219.92,219.97,219.87,219.92
2019-09-16T18:03:00Z,219.92,219.92,219.8236,219.85
2019-09-16T18:04:00Z,219.8408,219.8449,219.78,219.81
2019-09-16T18:05:00Z,219.805,219.8298,219.722,219.78
2019-09-16T18:06:00Z,219.78,219.79,219.74,219.76
2019-09-16T18:07:00Z,219.75,219.755,219.67,219.68
2019-09-16T18:08:00Z,219.68,219.71,219.62,219.6942
2019-09-16T18:09:00Z,219.7025,219.7025,219.65,219.66
2019-09-16T18:10:00Z,219.66,219.7115,219.6101,219.7
2019-09-16T18:11:00Z,219.7054,219.7612,219.7054,219.7438
2019-09-16T18:12:00Z,219.75,219.77,219.7,219.71
2019-09-16T18:13:00Z,219.71,219.73,219.67,219.721
2019-09-16T18:14:00Z,219.74,219.79,219.625,219.63
2019-09-16T18:15:00Z,219.64,219.69,219.622,219.65
2019-09-16T18:16:00Z,219.65,219.71,219.64,219.6909
2019-09-16T18:17:00Z,219.68,219.715,219.66,219.66
2019-09-16T18:18:00Z,219.67,219.68,219.59,219.68
2019-09-16T18:19:00Z,219.67,219.84,219.65,219.84
2019-09-16T18:20:00Z,219.84,219.92,219.84,219.92
2019-09-16T18:21:00Z,219.92,219.93,219.87,219.91
2019-09-16T18:22:00Z,219.91,220.02,219.91,219.97
2019-09-16T18:23:00Z,219.98,220.04,219.96,220.04
2019-09-16T18:24:00Z,220.0343,220.04,219.94,219.94
2019-09-16T18:25:00Z,219.9449,219.9449,219.85,219.91
2019-09-16T18:26:00Z,219.92,219.9534,219.87,219.905
2019-09-16T18:27:00Z,219.89,219.89,219.7997,219.81
2019-09-16T18:28:00Z,219.81,219.848,219.79,219.8162
2019-09-16T18:29:00Z,219.82,219.89,219.8053,219.82
2019-09-16T18:30:00Z,219.82,219.82,219.7,219.75
2019-09-16T18:31:00Z,219.78,219.81,219.7402,219.7701
2019-09-16T18:32:00Z,219.7738,219.85,219.765,219.85
2019-09-16T18:33:00Z,219.8531,219.97,219.8438,219.97
2019-09-16T18:34:00Z,219.97,219.99,219.84,219.8533
2019-09-16T18:35:00Z,219.87,219.87,219.78,219.785
2019-09-16T18:36:00Z,219.78,219.7899,219.69,219.77
2019-09-16T18:37:00Z,219.78,219.796,219.73,219.7405
2019-09-16T18:38:00Z,219.74,219.74,219.71,219.71
2019-09-16T18:39:00Z,219.72,219.73,219.68,219.69
2019-09-16T18:40:00Z,219.71,219.71,219.632,219.68
2019-09-16T18:41:00Z,219.678,219.6931,219.67,219.68
2019-09-16T18:42:00Z,219.68,219.6899,219.66,219.67
2019-09-16T18:43:00Z,219.68,219.7214,219.67,219.7
2019-09-16T18:44:00Z,219.71,219.8087,219.66,219.7
2019-09-16T18:45:00Z,219.71,219.82,219.6902,219.71
2019-09-16T18:46:00Z,219.71,219.72,219.68,219.7
2019-09-16T18:47:00Z,219.7,219.75,219.69,219.7335
2019-09-16T18:48:00Z,219.74,219.79,219.7389,219.785
2019-09-16T18:49:00Z,219.7801,219.79,219.73,219.73
2019-09-16T18:50:00Z,219.735,219.74,219.64,219.6767
2019-09-16T18:51:00Z,219.68,219.73,219.67,219.67
2019-09-16T18:52:00Z,219.6601,219.695,219.62,219.63
2019-09-16T18:53:00Z,219.6388,219.6388,219.5601,219.61
2019-09-16T18:54:00Z,219.61,219.68,219.6,219.66
2019-09-16T18:55:00Z,219.66,219.71,219.6344,219.645
2019-09-16T18:56:00Z,219.64,219.74,219.64,219.7151
2019-09-16T18:57:00Z,219.72,219.82,219.71,219.82
2019-09-16T18:58:00Z,219.83,219.87,219.77,219.77
2019-09-16T18:59:00Z,219.775,219.8,219.74,219.76
2019-09-16T19:00:00Z,219.74,219.8635,219.72,219.8635
2019-09-16T19:01:00Z,219.865,219.875,219.75,219.75
2019-09-16T19:02:00Z,219.73,219.73,219.66,219.66
2019-09-16T19:03:00Z,219.6547,219.6547,219.6,219.635
2019-09-16T19:04:00Z,219.65,219.72,219.65,219.6961
2019-09-16T19:05:00Z,219.7,219.74,219.59,219.61
2019-09-16T19:06:00Z,219.61,219.7,219.59,219.594
2019-09-16T19:07:00Z,219.6,219.64,219.59,219.6
2019-09-16T19:08:00Z,219.61,219.64,219.568,219.58
2019-09-16T19:09:00Z,219.59,219.61,219.58,219.61
2019-09-16T19:10:00Z,219.62,219.79,219.62,219.735
2019-09-16T19:11:00Z,219.7322,219.87,219.7,219.86
2019-09-16T19:12:00Z,219.8565,219.95,219.855,219.9
2019-09-16T19:13:00Z,219.91,219.91,219.86,219.89
2019-09-16T19:14:00Z,219.89,219.9243,219.8418,219.85
2019-09-16T19:15:00Z,219.86,219.9,219.81,219.8402
2019-09-16T19:16:00Z,219.8506,219.9098,219.81,219.81
2019-09-16T19:17:00Z,219.81,219.83,219.72,219.8
2019-09-16T19:18:00Z,219.8,219.85,219.71,219.75
2019-09-16T19:19:00Z,219.74,219.8158,219.73,219.76
2019-09-16T19:20:00Z,219.75,219.8,219.64,219.67
2019-09-16T19:21:00Z,219.6653,219.67,219.62,219.64
2019-09-16T19:22:00Z,219.645,219.69,219.62,219.68
2019-09-16T19:23:00Z,219.68,219.73,219.67,219.71
2019-09-16T19:24:00Z,219.7101,219.75,219.675,219.72
2019-09-16T19:25:00Z,219.715,219.7238,219.69,219.7
2019-09-16T19:26:00Z,219.69,219.72,219.64,219.6898
2019-09-16T19:27:00Z,219.682,219.85,219.63,219.75
2019-09-16T19:28:00Z,219.735,219.735,219.61,219.69
2019-09-16T19:29:00Z,219.695,219.7,219.66,219.68
2019-09-16T19:30:00Z,219.67,219.7272,219.54,219.715
2019-09-16T19:31:00Z,219.715,219.8,219.715,219.73
2019-09-16T19:32:00Z,219.74,219.88,219.73,219.84
2019-09-16T19:33:00Z,219.84,219.87,219.77,219.82
2019-09-16T19:34:00Z,219.82,219.82,219.775,219.8156
2019-09-16T19:35:00Z,219.81,219.92,219.81,219.8987
2019-09-16T19:36:00Z,219.895,219.895,219.87,219.8859
2019-09-16T19:37:00Z,219.88,219.9,219.85,219.865
2019-09-16T19:38:00Z,219.86,219.86,219.79,219.799
2019-09-16T19:39:00Z,219.785,219.85,219.74,219.8283
2019-09-16T19:40:00Z,219.8267,219.85,219.75,219.785
2019-09-16T19:41:00Z,219.79,219.83,219.73,219.79
2019-09-16T19:42:00Z,219.81,219.81,219.76,219.795
2019-09-16T19:43:00Z,219.795,219.8,219.68,219.77
2019-09-16T19:44:00Z,219.775,219.8401,219.72,219.8249
2019-09-16T19:45:00Z,219.8292,219.915,219.815,219.8837
2019-09-16T19:46:00Z,219.885,219.92,219.8601,219.89
2019-09-16T19:47:00Z,219.9,219.91,219.77,219.84
2019-09-16T19:48:00Z,219.8312,219.92,219.81,219.815
2019-09-16T19:49:00Z,219.82,219.83,219.75,219.75
2019-09-16T19:50:00Z,219.76,219.89,219.76,219.89
2019-09-16T19:51:00Z,219.89,219.92,219.78,219.78
2019-09-16T19:52:00Z,219.79,219.79,219.66,219.71
2019-09-16T19:53:00Z,219.71,219.81,219.68,219.78
2019-09-16T19:54:00Z,219.78,219.83,219.73,219.8
2019-09-16T19:55:00Z,219.81,219.83,219.71,219.82
2019-09-16T19:56:00Z,219.81,219.9,219.8,219.87
2019-09-16T19:57:00Z,219.86,219.9,219.8,219.895
2019-09-16T19:58:00Z,219.9,220,219.8894,220
2019-09-16T19:59:00Z,219.98,220.07,219.84,219.91
