2016-03-23T13:30:00Z,106.47,106.62,106.43,106.465
2016-03-23T13:31:00Z,106.47,106.58,106.46,106.559
2016-03-23T13:32:00Z,106.555,106.56,106.47,106.51
2016-03-23T13:33:00Z,106.505,106.66,106.48,106.66
2016-03-23T13:34:00Z,106.66,106.8,106.62,106.73
2016-03-23T13:35:00Z,106.75,106.76,106.65,106.66
2016-03-23T13:36:00Z,106.65,106.66,106.53,106.59
2016-03-23T13:37:00Z,106.58,106.66,106.52,106.64
2016-03-23T13:38:00Z,106.64,106.75,106.58,106.68
2016-03-23T13:39:00Z,106.68,106.78,106.65,106.76
2016-03-23T13:40:00Z,106.74,106.74,106.565,106.5892
2016-03-23T13:41:00Z,106.63,106.6751,106.53,106.56
2016-03-23T13:42:00Z,106.5595,106.62,106.5281,106.62
2016-03-23T13:43:00Z,106.62,106.64,106.54,106.59
2016-03-23T13:44:00Z,106.5939,106.6,106.26,106.42
2016-03-23T13:45:00Z,106.43,106.51,106.3635,106.47
2016-03-23T13:46:00Z,106.47,106.4899,106.37,106.4861
2016-03-23T13:47:00Z,106.48,106.503,106.41,106.4501
2016-03-23T13:48:00Z,106.46,106.48,106.37,106.47
2016-03-23T13:49:00Z,106.47,106.47,106.3,106.35
2016-03-23T13:50:00Z,106.351,106.5035,106.351,106.5035
2016-03-23T13:51:00Z,106.5,106.51,106.3,106.3
2016-03-23T13:52:00Z,106.29,106.44,106.28,106.41
2016-03-23T13:53:00Z,106.41,106.435,106.31,106.35
2016-03-23T13:54:00Z,106.35,106.3899,106.32,106.36
2016-03-23T13:55:00Z,106.36,106.39,106.35,106.35
2016-03-23T13:56:00Z,106.35,106.37,106.25,106.34
2016-03-23T13:57:00Z,106.35,106.36,106.25,106.27
2016-03-23T13:58:00Z,106.25,106.27,106.22,106.25
2016-03-23T13:59:00Z,106.25,106.29,106.2344,106.28
2016-03-23T14:00:00Z,106.28,106.39,106.26,106.32
2016-03-23T14:01:00Z,106.32,106.354,106.29,106.29
2016-03-23T14:02:00Z,106.29,106.45,106.28,106.44
2016-03-23T14:03:00Z,106.45,106.45,106.36,106.37
2016-03-23T14:04:00Z,106.37,106.37,106.29,106.33
2016-03-23T14:05:00Z,106.3163,106.32,106.26,106.26
2016-03-23T14:06:00Z,106.28,106.31,106.2,106.21
2016-03-23T14:07:00Z,106.2023,106.27,106.17,106.27
2016-03-23T14:08:00Z,106.26,106.26,106.18,106.21
2016-03-23T14:09:00Z,106.21,106.26,106.2038,106.25
2016-03-23T14:10:00Z,106.25,106.3789,106.21,106.3716
2016-03-23T14:11:00Z,106.38,106.39,106.34,106.38
2016-03-23T14:12:00Z,106.38,106.44,106.37,106.39
2016-03-23T14:13:00Z,106.39,106.45,106.37,106.39
2016-03-23T14:14:00Z,106.39,106.44,106.39,106.44
2016-03-23T14:15:00Z,106.45,106.45,106.36,106.39
2016-03-23T14:16:00Z,106.4,106.51,106.395,106.5
2016-03-23T14:17:00Z,106.5,106.5,106.445,106.46
2016-03-23T14:18:00Z,106.4501,106.54,106.4501,106.5054
2016-03-23T14:19:00Z,106.5,106.5,106.45,106.46
2016-03-23T14:20:00Z,106.47,106.505,106.45,106.4901
2016-03-23T14:21:00Z,106.5,106.51,106.41,106.42
2016-03-23T14:22:00Z,106.41,106.4399,106.37,106.41
2016-03-23T14:23:00Z,106.4108,106.425,106.36,106.38
2016-03-23T14:24:00Z,106.38,106.435,106.37,106.4
2016-03-23T14:25:00Z,106.4,106.4401,106.39,106.4
2016-03-23T14:26:00Z,106.405,106.405,106.32,106.3763
2016-03-23T14:27:00Z,106.39,106.42,106.36,106.39
2016-03-23T14:28:00Z,106.385,106.44,106.3839,106.42
2016-03-23T14:29:00Z,106.42,106.47,106.42,106.43
2016-03-23T14:30:00Z,106.42,106.42,106.29,106.375
2016-03-23T14:31:00Z,106.37,106.55,106.352,106.45
2016-03-23T14:32:00Z,106.44,106.49,106.38,106.4
2016-03-23T14:33:00Z,106.395,106.41,106.32,106.38
2016-03-23T14:34:00Z,106.379,106.43,106.35,106.43
2016-03-23T14:35:00Z,106.421,106.44,106.33,106.33
2016-03-23T14:36:00Z,106.349,106.349,106.26,106.33
2016-03-23T14:37:00Z,106.33,106.4,106.33,106.37
2016-03-23T14:38:00Z,106.3699,106.38,106.33,106.37
2016-03-23T14:39:00Z,106.3895,106.3895,106.35,106.356
2016-03-23T14:40:00Z,106.3537,106.36,106.26,106.28
2016-03-23T14:41:00Z,106.28,106.335,106.28,106.32
2016-03-23T14:42:00Z,106.32,106.41,106.31,106.41
2016-03-23T14:43:00Z,106.41,106.47,106.39,106.46
2016-03-23T14:44:00Z,106.47,106.47,106.3989,106.42
2016-03-23T14:45:00Z,106.42,106.42,106.3562,106.39
2016-03-23T14:46:00Z,106.3959,106.476,106.39,106.47
2016-03-23T14:47:00Z,106.465,106.53,106.4601,106.49
2016-03-23T14:48:00Z,106.495,106.54,106.49,106.539
2016-03-23T14:49:00Z,106.54,106.56,106.52,106.54
2016-03-23T14:50:00Z,106.54,106.5499,106.45,106.49
2016-03-23T14:51:00Z,106.495,106.57,106.49,106.5301
2016-03-23T14:52:00Z,106.53,106.53,106.45,106.52
2016-03-23T14:53:00Z,106.52,106.525,106.47,106.491
2016-03-23T14:54:00Z,106.49,106.53,106.49,106.52
2016-03-23T14:55:00Z,106.5201,106.5299,106.47,106.51
2016-03-23T14:56:00Z,106.5,106.51,106.44,106.46
2016-03-23T14:57:00Z,106.45,106.5163,106.45,106.47
2016-03-23T14:58:00Z,106.471,106.475,106.43,106.465
2016-03-23T14:59:00Z,106.4601,106.465,106.42,106.421
2016-03-23T15:00:00Z,106.425,106.425,106.31,106.31
2016-03-23T15:01:00Z,106.31,106.43,106.3001,106.43
2016-03-23T15:02:00Z,106.44,106.48,106.4231,106.43
2016-03-23T15:03:00Z,106.4249,106.465,106.4249,106.46
2016-03-23T15:04:00Z,106.46,106.49,106.45,106.4775
2016-03-23T15:05:00Z,106.48,106.53,106.46,106.47
2016-03-23T15:06:00Z,106.47,106.48,106.42,106.45
2016-03-23T15:07:00Z,106.45,106.455,106.39,106.41
2016-03-23T15:08:00Z,106.42,106.495,106.42,106.44
2016-03-23T15:09:00Z,106.44,106.49,106.4,106.445
2016-03-23T15:10:00Z,106.45,106.4595,106.35,106.355
2016-03-23T15:11:00Z,106.3563,106.385,106.33,106.38
2016-03-23T15:12:00Z,106.37,106.44,106.36,106.43
2016-03-23T15:13:00Z,106.43,106.45,106.4119,106.42
2016-03-23T15:14:00Z,106.43,106.49,106.4,106.475
2016-03-23T15:15:00Z,106.47,106.51,106.47,106.5041
2016-03-23T15:16:00Z,106.51,106.57,106.5,106.53
2016-03-23T15:17:00Z,106.5255,106.55,106.51,106.55
2016-03-23T15:18:00Z,106.5444,106.6,106.5444,106.59
2016-03-23T15:19:00Z,106.6,106.6,106.53,106.54
2016-03-23T15:20:00Z,106.535,106.5595,106.5,106.51
2016-03-23T15:21:00Z,106.51,106.525,106.49,106.4949
2016-03-23T15:22:00Z,106.5,106.575,106.495,106.575
2016-03-23T15:23:00Z,106.58,106.675,106.57,106.67
2016-03-23T15:24:00Z,106.67,106.67,106.61,106.6281
2016-03-23T15:25:00Z,106.6201,106.66,106.6,106.64
2016-03-23T15:26:00Z,106.6305,106.65,106.62,106.645
2016-03-23T15:27:00Z,106.65,106.79,106.63,106.7511
2016-03-23T15:28:00Z,106.76,106.77,106.68,106.69
2016-03-23T15:29:00Z,106.675,106.75,106.66,106.745
2016-03-23T15:30:00Z,106.745,106.82,106.72,106.8
2016-03-23T15:31:00Z,106.8015,106.81,106.66,106.735
2016-03-23T15:32:00Z,106.7301,106.79,106.71,106.79
2016-03-23T15:33:00Z,106.785,106.805,106.74,106.78
2016-03-23T15:34:00Z,106.7701,106.79,106.7201,106.735
2016-03-23T15:35:00Z,106.7489,106.8,106.68,106.79
2016-03-23T15:36:00Z,106.79,106.85,106.75,106.82
2016-03-23T15:37:00Z,106.8153,106.9,106.81,106.82
2016-03-23T15:38:00Z,106.8199,106.85,106.79,106.82
2016-03-23T15:39:00Z,106.8262,106.89,106.82,106.885
2016-03-23T15:40:00Z,106.88,106.885,106.8,106.83
2016-03-23T15:41:00Z,106.83,106.88,106.79,106.875
2016-03-23T15:42:00Z,106.87,106.91,106.86,106.87
2016-03-23T15:43:00Z,106.86,106.8899,106.81,106.82
2016-03-23T15:44:00Z,106.81,106.82,106.72,106.75
2016-03-23T15:45:00Z,106.75,106.75,106.6736,106.72
2016-03-23T15:46:00Z,106.7267,106.77,106.72,106.73
2016-03-23T15:47:00Z,106.73,106.73,106.6381,106.695
2016-03-23T15:48:00Z,106.695,106.7,106.64,106.692
2016-03-23T15:49:00Z,106.695,106.7399,106.68,106.71
2016-03-23T15:50:00Z,106.71,106.7135,106.65,106.7
2016-03-23T15:51:00Z,106.705,106.73,106.67,106.69
2016-03-23T15:52:00Z,106.695,106.75,106.68,106.74
2016-03-23T15:53:00Z,106.735,106.745,106.71,106.71
2016-03-23T15:54:00Z,106.71,106.75,106.7,106.735
2016-03-23T15:55:00Z,106.74,106.78,106.73,106.775
2016-03-23T15:56:00Z,106.78,106.8,106.72,106.7251
2016-03-23T15:57:00Z,106.72,106.77,106.72,106.77
2016-03-23T15:58:00Z,106.77,106.77,106.74,106.75
2016-03-23T15:59:00Z,106.7389,106.805,106.73,106.8
2016-03-23T16:00:00Z,106.81,106.815,106.725,106.725
2016-03-23T16:01:00Z,106.73,106.78,106.71,106.775
2016-03-23T16:02:00Z,106.78,106.83,106.77,106.8268
2016-03-23T16:03:00Z,106.83,106.84,106.8,106.81
2016-03-23T16:04:00Z,106.81,106.84,106.795,106.825
2016-03-23T16:05:00Z,106.825,106.83,106.8,106.825
2016-03-23T16:06:00Z,106.8263,106.83,106.7899,106.81
2016-03-23T16:07:00Z,106.81,106.85,106.8,106.83
2016-03-23T16:08:00Z,106.84,106.86,106.815,106.845
2016-03-23T16:09:00Z,106.841,106.85,106.82,106.83
2016-03-23T16:10:00Z,106.8375,106.9099,106.83,106.905
2016-03-23T16:11:00Z,106.91,106.91,106.85,106.91
2016-03-23T16:12:00Z,106.91,106.91,106.86,106.87
2016-03-23T16:13:00Z,106.875,106.9,106.84,106.88
2016-03-23T16:14:00Z,106.88,106.91,106.87,106.9
2016-03-23T16:15:00Z,106.91,106.93,106.86,106.89
2016-03-23T16:16:00Z,106.885,106.91,106.85,106.86
2016-03-23T16:17:00Z,106.865,106.8856,106.81,106.825
2016-03-23T16:18:00Z,106.825,106.885,106.825,106.88
2016-03-23T16:19:00Z,106.875,106.8963,106.85,106.89
2016-03-23T16:20:00Z,106.895,106.95,106.895,106.9337
2016-03-23T16:21:00Z,106.94,106.99,106.9302,106.988
2016-03-23T16:22:00Z,106.99,106.99,106.96,106.985
2016-03-23T16:23:00Z,106.99,107.02,106.97,106.97
2016-03-23T16:24:00Z,106.96,106.99,106.94,106.971
2016-03-23T16:25:00Z,106.98,106.985,106.94,106.945
2016-03-23T16:26:00Z,106.945,106.98,106.91,106.98
2016-03-23T16:27:00Z,106.975,106.98,106.95,106.9601
2016-03-23T16:28:00Z,106.97,107,106.96,106.9894
2016-03-23T16:29:00Z,106.98,107,106.96,107
2016-03-23T16:30:00Z,107,107.065,106.99,107.06
2016-03-23T16:31:00Z,107.063,107.07,107.02,107.04
2016-03-23T16:32:00Z,107.04,107.07,107.01,107.06
2016-03-23T16:33:00Z,107.06,107.07,106.99,106.995
2016-03-23T16:34:00Z,106.99,107,106.96,106.99
2016-03-23T16:35:00Z,106.98,106.985,106.94,106.96
2016-03-23T16:36:00Z,106.95,106.97,106.92,106.93
2016-03-23T16:37:00Z,106.9385,106.94,106.909,106.925
2016-03-23T16:38:00Z,106.9201,106.965,106.91,106.93
2016-03-23T16:39:00Z,106.938,106.9499,106.911,106.9158
2016-03-23T16:40:00Z,106.91,106.93,106.9,106.9199
2016-03-23T16:41:00Z,106.9163,106.96,106.9163,106.9401
2016-03-23T16:42:00Z,106.94,106.95,106.9,106.92
2016-03-23T16:43:00Z,106.92,106.9401,106.9,106.915
2016-03-23T16:44:00Z,106.9199,106.92,106.87,106.88
2016-03-23T16:45:00Z,106.875,106.88,106.78,106.795
2016-03-23T16:46:00Z,106.795,106.81,106.7599,106.77
2016-03-23T16:47:00Z,106.76,106.78,106.76,106.77
2016-03-23T16:48:00Z,106.7699,106.7799,106.76,106.76
2016-03-23T16:49:00Z,106.7601,106.8,106.74,106.8
2016-03-23T16:50:00Z,106.8001,106.81,106.77,106.785
2016-03-23T16:51:00Z,106.79,106.854,106.79,106.8299
2016-03-23T16:52:00Z,106.83,106.85,106.8299,106.8299
2016-03-23T16:53:00Z,106.829,106.87,106.829,106.87
2016-03-23T16:54:00Z,106.87,106.87,106.84,106.86
2016-03-23T16:55:00Z,106.85,106.86,106.82,106.82
2016-03-23T16:56:00Z,106.82,106.83,106.8039,106.8039
2016-03-23T16:57:00Z,106.805,106.82,106.8,106.81
2016-03-23T16:58:00Z,106.8141,106.83,106.7906,106.807
2016-03-23T16:59:00Z,106.805,106.81,106.79,106.7999
2016-03-23T17:00:00Z,106.79,106.81,106.79,106.8
2016-03-23T17:01:00Z,106.8,106.82,106.7739,106.7739
2016-03-23T17:02:00Z,106.77,106.78,106.76,106.775
2016-03-23T17:03:00Z,106.775,106.8,106.77,106.7819
2016-03-23T17:04:00Z,106.786,106.81,106.7844,106.81
2016-03-23T17:05:00Z,106.805,106.805,106.74,106.765
2016-03-23T17:06:00Z,106.7601,106.78,106.7601,106.78
2016-03-23T17:07:00Z,106.77,106.78,106.765,106.765
2016-03-23T17:08:00Z,106.76,106.78,106.76,106.78
2016-03-23T17:09:00Z,106.774,106.81,106.77,106.805
2016-03-23T17:10:00Z,106.804,106.82,106.795,106.815
2016-03-23T17:11:00Z,106.8138,106.83,106.81,106.83
2016-03-23T17:12:00Z,106.825,106.87,106.82,106.87
2016-03-23T17:13:00Z,106.86,106.91,106.86,106.9095
2016-03-23T17:14:00Z,106.9099,106.91,106.88,106.897
2016-03-23T17:15:00Z,106.8905,106.91,106.87,106.91
2016-03-23T17:16:00Z,106.91,106.93,106.9,106.93
2016-03-23T17:17:00Z,106.93,106.94,106.915,106.93
2016-03-23T17:18:00Z,106.9285,106.94,106.9,106.9
2016-03-23T17:19:00Z,106.905,106.905,106.86,106.86
2016-03-23T17:20:00Z,106.855,106.88,106.855,106.87
2016-03-23T17:21:00Z,106.8699,106.895,106.865,106.89
2016-03-23T17:22:00Z,106.885,106.92,106.88,106.91
2016-03-23T17:23:00Z,106.9,106.935,106.9,106.9337
2016-03-23T17:24:00Z,106.93,106.94,106.915,106.94
2016-03-23T17:25:00Z,106.94,106.95,106.9299,106.94
2016-03-23T17:26:00Z,106.95,106.95,106.88,106.885
2016-03-23T17:27:00Z,106.88,106.9,106.88,106.895
2016-03-23T17:28:00Z,106.89,106.92,106.88,106.91
2016-03-23T17:29:00Z,106.91,106.96,106.91,106.96
2016-03-23T17:30:00Z,106.958,106.96,106.9381,106.9501
2016-03-23T17:31:00Z,106.9575,106.98,106.92,106.93
2016-03-23T17:32:00Z,106.925,106.97,106.92,106.965
2016-03-23T17:33:00Z,106.96,107,106.95,106.97
2016-03-23T17:34:00Z,106.96,106.9789,106.945,106.945
2016-03-23T17:35:00Z,106.9401,106.96,106.9301,106.96
2016-03-23T17:36:00Z,106.96,107.01,106.96,107
2016-03-23T17:37:00Z,107,107.0099,106.98,106.995
2016-03-23T17:38:00Z,107,107,106.97,106.98
2016-03-23T17:39:00Z,106.99,106.99,106.98,106.99
2016-03-23T17:40:00Z,106.99,106.99,106.955,106.96
2016-03-23T17:41:00Z,106.96,106.97,106.94,106.94
2016-03-23T17:42:00Z,106.945,106.96,106.945,106.952
2016-03-23T17:43:00Z,106.9599,106.9599,106.94,106.945
2016-03-23T17:44:00Z,106.94,106.96,106.94,106.96
2016-03-23T17:45:00Z,106.9544,106.99,106.9544,106.99
2016-03-23T17:46:00Z,106.98,106.99,106.9535,106.9535
2016-03-23T17:47:00Z,106.9539,106.9751,106.95,106.96
2016-03-23T17:48:00Z,106.951,106.9585,106.89,106.895
2016-03-23T17:49:00Z,106.895,106.8999,106.86,106.86
2016-03-23T17:50:00Z,106.8663,106.88,106.8637,106.8771
2016-03-23T17:51:00Z,106.8762,106.88,106.86,106.8701
2016-03-23T17:52:00Z,106.875,106.88,106.87,106.8759
2016-03-23T17:53:00Z,106.88,106.8997,106.87,106.89
2016-03-23T17:54:00Z,106.8962,106.9,106.875,106.875
2016-03-23T17:55:00Z,106.87,106.88,106.83,106.835
2016-03-23T17:56:00Z,106.83,106.86,106.8,106.86
2016-03-23T17:57:00Z,106.855,106.86,106.83,106.86
2016-03-23T17:58:00Z,106.86,106.9,106.85,106.8799
2016-03-23T17:59:00Z,106.87,106.88,106.86,106.87
2016-03-23T18:00:00Z,106.879,106.88,106.83,106.845
2016-03-23T18:01:00Z,106.84,106.89,106.84,106.885
2016-03-23T18:02:00Z,106.885,106.9,106.8548,106.875
2016-03-23T18:03:00Z,106.8773,106.9,106.8638,106.88
2016-03-23T18:04:00Z,106.885,106.885,106.84,106.84
2016-03-23T18:05:00Z,106.832,106.832,106.76,106.779
2016-03-23T18:06:00Z,106.77,106.7899,106.76,106.76
2016-03-23T18:07:00Z,106.765,106.765,106.75,106.75
2016-03-23T18:08:00Z,106.76,106.78,106.75,106.77
2016-03-23T18:09:00Z,106.77,106.775,106.68,106.69
2016-03-23T18:10:00Z,106.683,106.7,106.67,106.68
2016-03-23T18:11:00Z,106.68,106.7,106.672,106.6901
2016-03-23T18:12:00Z,106.6989,106.71,106.6801,106.69
2016-03-23T18:13:00Z,106.6994,106.7,106.68,106.685
2016-03-23T18:14:00Z,106.6801,106.7,106.68,106.69
2016-03-23T18:15:00Z,106.695,106.7,106.69,106.69
2016-03-23T18:16:00Z,106.7,106.76,106.69,106.75
2016-03-23T18:17:00Z,106.7534,106.79,106.75,106.7717
2016-03-23T18:18:00Z,106.7795,106.7795,106.715,106.72
2016-03-23T18:19:00Z,106.72,106.74,106.7,106.73
2016-03-23T18:20:00Z,106.7238,106.75,106.71,106.73
2016-03-23T18:21:00Z,106.73,106.74,106.71,106.71
2016-03-23T18:22:00Z,106.7194,106.7194,106.65,106.66
2016-03-23T18:23:00Z,106.66,106.66,106.63,106.66
2016-03-23T18:24:00Z,106.6561,106.6699,106.65,106.6531
2016-03-23T18:25:00Z,106.66,106.66,106.61,106.61
2016-03-23T18:26:00Z,106.62,106.62,106.51,106.5101
2016-03-23T18:27:00Z,106.51,106.54,106.5,106.505
2016-03-23T18:28:00Z,106.51,106.51,106.45,106.47
2016-03-23T18:29:00Z,106.48,106.49,106.36,106.39
2016-03-23T18:30:00Z,106.392,106.485,106.39,106.455
2016-03-23T18:31:00Z,106.47,106.5,106.465,106.4989
2016-03-23T18:32:00Z,106.4995,106.57,106.49,106.5535
2016-03-23T18:33:00Z,106.56,106.58,106.53,106.54
2016-03-23T18:34:00Z,106.54,106.54,106.43,106.4405
2016-03-23T18:35:00Z,106.445,106.51,106.445,106.5
2016-03-23T18:36:00Z,106.5,106.54,106.495,106.5101
2016-03-23T18:37:00Z,106.51,106.515,106.47,106.47
2016-03-23T18:38:00Z,106.47,106.475,106.38,106.38
2016-03-23T18:39:00Z,106.381,106.385,106.34,106.34
2016-03-23T18:40:00Z,106.33,106.37,106.325,106.35
2016-03-23T18:41:00Z,106.359,106.3758,106.34,106.35
2016-03-23T18:42:00Z,106.3599,106.36,106.27,106.2753
2016-03-23T18:43:00Z,106.27,106.33,106.27,106.33
2016-03-23T18:44:00Z,106.33,106.33,106.3,106.33
2016-03-23T18:45:00Z,106.3201,106.35,106.271,106.35
2016-03-23T18:46:00Z,106.34,106.385,106.33,106.33
2016-03-23T18:47:00Z,106.34,106.36,106.31,106.31
2016-03-23T18:48:00Z,106.32,106.32,106.21,106.22
2016-03-23T18:49:00Z,106.22,106.22,106.19,106.2
2016-03-23T18:50:00Z,106.2,106.23,106.2,106.21
2016-03-23T18:51:00Z,106.21,106.22,106.19,106.2063
2016-03-23T18:52:00Z,106.2,106.22,106.12,106.1299
2016-03-23T18:53:00Z,106.13,106.16,106.11,106.158
2016-03-23T18:54:00Z,106.155,106.19,106.1544,106.17
2016-03-23T18:55:00Z,106.18,106.28,106.18,106.27
2016-03-23T18:56:00Z,106.26,106.26,106.18,106.19
2016-03-23T18:57:00Z,106.1895,106.22,106.17,106.17
2016-03-23T18:58:00Z,106.172,106.23,106.16,106.215
2016-03-23T18:59:00Z,106.2,106.2464,106.2,106.2449
2016-03-23T19:00:00Z,106.242,106.33,106.24,106.32
2016-03-23T19:01:00Z,106.3199,106.32,106.22,106.22
2016-03-23T19:02:00Z,106.2299,106.24,106.1905,106.1905
2016-03-23T19:03:00Z,106.1939,106.2,106.125,106.1395
2016-03-23T19:04:00Z,106.1301,106.16,106.11,106.115
2016-03-23T19:05:00Z,106.11,106.13,106.11,106.125
2016-03-23T19:06:00Z,106.124,106.16,106.124,106.16
2016-03-23T19:07:00Z,106.1595,106.2154,106.14,106.21
2016-03-23T19:08:00Z,106.2,106.2174,106.18,106.195
2016-03-23T19:09:00Z,106.19,106.205,106.17,106.2
2016-03-23T19:10:00Z,106.194,106.1999,106.155,106.16
2016-03-23T19:11:00Z,106.17,106.18,106.13,106.14
2016-03-23T19:12:00Z,106.141,106.15,106.08,106.14
2016-03-23T19:13:00Z,106.1399,106.19,106.13,106.165
2016-03-23T19:14:00Z,106.17,106.19,106.16,106.165
2016-03-23T19:15:00Z,106.1699,106.1699,106.07,106.075
2016-03-23T19:16:00Z,106.0738,106.09,106.045,106.0801
2016-03-23T19:17:00Z,106.09,106.115,106.09,106.1
2016-03-23T19:18:00Z,106.1,106.11,106.0739,106.09
2016-03-23T19:19:00Z,106.09,106.1,106.08,106.085
2016-03-23T19:20:00Z,106.08,106.1,106.07,106.09
2016-03-23T19:21:00Z,106.09,106.165,106.09,106.1563
2016-03-23T19:22:00Z,106.158,106.17,106.0937,106.12
2016-03-23T19:23:00Z,106.1237,106.13,106.08,106.08
2016-03-23T19:24:00Z,106.0866,106.09,106.02,106.04
2016-03-23T19:25:00Z,106.04,106.05,106.025,106.0339
2016-03-23T19:26:00Z,106.0339,106.0339,105.9,105.944
2016-03-23T19:27:00Z,105.95,106.01,105.9444,106.01
2016-03-23T19:28:00Z,106.003,106.14,106.003,106.13
2016-03-23T19:29:00Z,106.1304,106.1304,106.08,106.11
2016-03-23T19:30:00Z,106.102,106.15,106.095,106.0995
2016-03-23T19:31:00Z,106.1,106.1095,106.001,106.03
2016-03-23T19:32:00Z,106.0331,106.04,105.96,105.9761
2016-03-23T19:33:00Z,105.98,106.09,105.98,106.085
2016-03-23T19:34:00Z,106.09,106.09,106.05,106.08
2016-03-23T19:35:00Z,106.0861,106.1,106.04,106.05
2016-03-23T19:36:00Z,106.05,106.05,106,106.01
2016-03-23T19:37:00Z,106.01,106.09,106.01,106.09
2016-03-23T19:38:00Z,106.09,106.14,106.075,106.1216
2016-03-23T19:39:00Z,106.12,106.12,106.07,106.11
2016-03-23T19:40:00Z,106.11,106.11,106.03,106.03
2016-03-23T19:41:00Z,106.03,106.03,106,106
2016-03-23T19:42:00Z,106.01,106.02,106,106.02
2016-03-23T19:43:00Z,106.015,106.07,106.01,106.03
2016-03-23T19:44:00Z,106.025,106.025,105.95,105.965
2016-03-23T19:45:00Z,105.96,106.01,105.96,105.995
2016-03-23T19:46:00Z,106,106,105.94,105.985
2016-03-23T19:47:00Z,105.9801,106,105.95,105.97
2016-03-23T19:48:00Z,105.98,106.065,105.95,106.04
2016-03-23T19:49:00Z,106.04,106.1,106.005,106.06
2016-03-23T19:50:00Z,106.03,106.09,106.02,106.08
2016-03-23T19:51:00Z,106.07,106.1,106.02,106.095
2016-03-23T19:52:00Z,106.09,106.1397,106.07,106.0725
2016-03-23T19:53:00Z,106.07,106.08,106.01,106.02
2016-03-23T19:54:00Z,106.015,106.08,106.01,106.06
2016-03-23T19:55:00Z,106.07,106.15,106.07,106.1
2016-03-23T19:56:00Z,106.0999,106.11,106.0339,106.06
2016-03-23T19:57:00Z,106.05,106.08,106.04,106.08
2016-03-23T19:58:00Z,106.0725,106.1,106.055,106.07
2016-03-23T19:59:00Z,106.07,106.22,106.06,106.14
