2018-08-10T13:30:00Z,207.3,207.99,207.23,207.791
2018-08-10T13:31:00Z,207.81,208.45,207.79,208.23
2018-08-10T13:32:00Z,208.25,208.39,208.2,208.36
2018-08-10T13:33:00Z,208.36,208.48,208.13,208.22
2018-08-10T13:34:00Z,208.21,208.41,208.21,208.22
2018-08-10T13:35:00Z,208.23,208.31,207.81,207.81
2018-08-10T13:36:00Z,207.82,208.14,207.67,208.13
2018-08-10T13:37:00Z,208.123,208.35,208,208.0178
2018-08-10T13:38:00Z,208.025,208.04,207.9,208.0216
2018-08-10T13:39:00Z,208.01,208.3099,208.01,208.17
2018-08-10T13:40:00Z,208.16,208.31,208.1,208.28
2018-08-10T13:41:00Z,208.27,208.34,208.15,208.17
2018-08-10T13:42:00Z,208.167,208.42,208.06,208.41
2018-08-10T13:43:00Z,208.42,208.89,208.415,208.86
2018-08-10T13:44:00Z,208.855,209.1,208.84,208.95
2018-08-10T13:45:00Z,208.945,209.01,208.85,208.9299
2018-08-10T13:46:00Z,208.91,208.95,208.78,208.8485
2018-08-10T13:47:00Z,208.85,208.89,208.76,208.8
2018-08-10T13:48:00Z,208.8,208.97,208.8,208.9
2018-08-10T13:49:00Z,208.88,208.95,208.63,208.63
2018-08-10T13:50:00Z,208.65,208.65,208.47,208.64
2018-08-10T13:51:00Z,208.65,208.7199,208.52,208.71
2018-08-10T13:52:00Z,208.72,208.8228,208.7,208.72
2018-08-10T13:53:00Z,208.74,208.75,208.54,208.64
2018-08-10T13:54:00Z,208.64,208.66,208.35,208.48
2018-08-10T13:55:00Z,208.48,208.51,208.16,208.22
2018-08-10T13:56:00Z,208.2148,208.43,208.14,208.41
2018-08-10T13:57:00Z,208.41,208.47,208.2201,208.24
2018-08-10T13:58:00Z,208.237,208.4,208.18,208.2799
2018-08-10T13:59:00Z,208.27,208.3,208.03,208.05
2018-08-10T14:00:00Z,208.05,208.06,207.91,207.97
2018-08-10T14:01:00Z,207.96,208.04,207.87,207.8731
2018-08-10T14:02:00Z,207.87,208.19,207.87,208.03
2018-08-10T14:03:00Z,208.03,208.12,207.31,208.04
2018-08-10T14:04:00Z,208.06,208.155,208.03,208.1101
2018-08-10T14:05:00Z,208.11,208.12,207.92,208.05
2018-08-10T14:06:00Z,208.06,208.17,208.02,208.1496
2018-08-10T14:07:00Z,208.16,208.2,208.005,208.06
2018-08-10T14:08:00Z,208.0549,208.1,207.95,208.0064
2018-08-10T14:09:00Z,207.99,208.07,207.96,208.07
2018-08-10T14:10:00Z,208.07,208.1958,208.07,208.17
2018-08-10T14:11:00Z,208.17,208.23,208.05,208.22
2018-08-10T14:12:00Z,208.23,208.3,208.14,208.2598
2018-08-10T14:13:00Z,208.26,208.26,208.17,208.2
2018-08-10T14:14:00Z,208.2,208.3,208.18,208.2689
2018-08-10T14:15:00Z,208.27,208.46,208.27,208.4551
2018-08-10T14:16:00Z,208.4432,208.59,208.43,208.56
2018-08-10T14:17:00Z,208.5634,208.684,208.55,208.684
2018-08-10T14:18:00Z,208.68,208.9,208.675,208.827
2018-08-10T14:19:00Z,208.83,208.8801,208.66,208.66
2018-08-10T14:20:00Z,208.68,208.71,208.62,208.6548
2018-08-10T14:21:00Z,208.65,208.77,208.63,208.66
2018-08-10T14:22:00Z,208.67,208.6727,208.52,208.58
2018-08-10T14:23:00Z,208.57,208.59,208.51,208.56
2018-08-10T14:24:00Z,208.56,208.655,208.55,208.65
2018-08-10T14:25:00Z,208.64,208.65,208.55,208.5685
2018-08-10T14:26:00Z,208.56,208.6,208.47,208.58
2018-08-10T14:27:00Z,208.59,208.6,208.41,208.47
2018-08-10T14:28:00Z,208.47,208.52,208.38,208.47
2018-08-10T14:29:00Z,208.46,208.565,208.4401,208.49
2018-08-10T14:30:00Z,208.49,208.6598,208.4844,208.62
2018-08-10T14:31:00Z,208.63,208.8,208.63,208.785
2018-08-10T14:32:00Z,208.79,208.865,208.7315,208.848
2018-08-10T14:33:00Z,208.8401,208.94,208.8,208.87
2018-08-10T14:34:00Z,208.8699,208.88,208.73,208.82
2018-08-10T14:35:00Z,208.83,208.85,208.74,208.81
2018-08-10T14:36:00Z,208.8,208.99,208.8,208.96
2018-08-10T14:37:00Z,208.95,208.96,208.7931,208.85
2018-08-10T14:38:00Z,208.8499,208.92,208.83,208.9162
2018-08-10T14:39:00Z,208.9,208.9048,208.6,208.65
2018-08-10T14:40:00Z,208.6499,208.66,208.51,208.52
2018-08-10T14:41:00Z,208.51,208.56,208.35,208.4101
2018-08-10T14:42:00Z,208.42,208.45,208.27,208.3148
2018-08-10T14:43:00Z,208.3166,208.39,208.25,208.33
2018-08-10T14:44:00Z,208.31,208.33,208.19,208.2
2018-08-10T14:45:00Z,208.18,208.2252,208.03,208.04
2018-08-10T14:46:00Z,208.04,208.187,207.95,208.156
2018-08-10T14:47:00Z,208.17,208.2,207.94,207.98
2018-08-10T14:48:00Z,207.98,208.18,207.98,208.17
2018-08-10T14:49:00Z,208.18,208.27,208.15,208.2658
2018-08-10T14:50:00Z,208.26,208.27,208.13,208.21
2018-08-10T14:51:00Z,208.2177,208.22,208.02,208.07
2018-08-10T14:52:00Z,208.09,208.15,208.03,208.06
2018-08-10T14:53:00Z,208.07,208.155,208.05,208.15
2018-08-10T14:54:00Z,208.15,208.32,208.11,208.32
2018-08-10T14:55:00Z,208.3201,208.4,208.27,208.2901
2018-08-10T14:56:00Z,208.29,208.3333,208.04,208.07
2018-08-10T14:57:00Z,208.07,208.11,208.03,208.0311
2018-08-10T14:58:00Z,208.04,208.04,207.88,207.89
2018-08-10T14:59:00Z,207.89,208.01,207.8898,207.9899
2018-08-10T15:00:00Z,207.98,208.01,207.91,207.9266
2018-08-10T15:01:00Z,207.93,208.01,207.85,207.9
2018-08-10T15:02:00Z,207.91,207.9998,207.91,207.97
2018-08-10T15:03:00Z,207.967,208.16,207.96,208.14
2018-08-10T15:04:00Z,208.1467,208.25,208.1398,208.2462
2018-08-10T15:05:00Z,208.25,208.27,208.01,208.02
2018-08-10T15:06:00Z,208.02,208.15,208,208.1205
2018-08-10T15:07:00Z,208.1198,208.22,208.0735,208.18
2018-08-10T15:08:00Z,208.18,208.1899,208.075,208.08
2018-08-10T15:09:00Z,208.08,208.08,207.94,207.95
2018-08-10T15:10:00Z,207.95,207.9632,207.86,207.95
2018-08-10T15:11:00Z,207.9505,207.9505,207.9,207.94
2018-08-10T15:12:00Z,207.93,208.025,207.8994,208.02
2018-08-10T15:13:00Z,208.03,208.1,208.02,208.06
2018-08-10T15:14:00Z,208.05,208.14,207.97,208.14
2018-08-10T15:15:00Z,208.13,208.18,208.04,208.04
2018-08-10T15:16:00Z,208.06,208.15,208.05,208.115
2018-08-10T15:17:00Z,208.12,208.24,208.12,208.24
2018-08-10T15:18:00Z,208.23,208.23,208.12,208.16
2018-08-10T15:19:00Z,208.15,208.18,208.08,208.1
2018-08-10T15:20:00Z,208.1,208.18,208.04,208.17
2018-08-10T15:21:00Z,208.16,208.22,208.135,208.19
2018-08-10T15:22:00Z,208.19,208.22,208.15,208.19
2018-08-10T15:23:00Z,208.19,208.23,208.18,208.21
2018-08-10T15:24:00Z,208.21,208.47,208.19,208.435
2018-08-10T15:25:00Z,208.43,208.44,208.34,208.3552
2018-08-10T15:26:00Z,208.345,208.42,208.345,208.41
2018-08-10T15:27:00Z,208.41,208.44,208.4,208.424
2018-08-10T15:28:00Z,208.43,208.47,208.415,208.43
2018-08-10T15:29:00Z,208.4253,208.4253,208.265,208.29
2018-08-10T15:30:00Z,208.29,208.395,208.27,208.3801
2018-08-10T15:31:00Z,208.39,208.41,208.35,208.37
2018-08-10T15:32:00Z,208.371,208.46,208.37,208.44
2018-08-10T15:33:00Z,208.45,208.5,208.4,208.4
2018-08-10T15:34:00Z,208.4,208.43,208.3686,208.39
2018-08-10T15:35:00Z,208.39,208.43,208.38,208.4128
2018-08-10T15:36:00Z,208.41,208.41,208.34,208.346
2018-08-10T15:37:00Z,208.35,208.39,208.29,208.325
2018-08-10T15:38:00Z,208.325,208.3274,208.24,208.28
2018-08-10T15:39:00Z,208.28,208.32,208.22,208.25
2018-08-10T15:40:00Z,208.27,208.33,208.22,208.2231
2018-08-10T15:41:00Z,208.225,208.225,208.11,208.13
2018-08-10T15:42:00Z,208.13,208.16,208.06,208.08
2018-08-10T15:43:00Z,208.07,208.092,208.0499,208.08
2018-08-10T15:44:00Z,208.08,208.14,208.07,208.0799
2018-08-10T15:45:00Z,208.08,208.1153,208.06,208.09
2018-08-10T15:46:00Z,208.09,208.1,208.07,208.08
2018-08-10T15:47:00Z,208.08,208.11,208.05,208.079
2018-08-10T15:48:00Z,208.07,208.1825,208.07,208.17
2018-08-10T15:49:00Z,208.17,208.22,208.14,208.17
2018-08-10T15:50:00Z,208.15,208.15,208.12,208.12
2018-08-10T15:51:00Z,208.12,208.1499,208.0668,208.0868
2018-08-10T15:52:00Z,208.09,208.09,207.97,207.98
2018-08-10T15:53:00Z,207.99,208.04,207.9893,208.0344
2018-08-10T15:54:00Z,208.02,208.04,207.991,208
2018-08-10T15:55:00Z,208,208.05,207.96,207.96
2018-08-10T15:56:00Z,207.98,208.01,207.9599,207.98
2018-08-10T15:57:00Z,207.9866,207.9866,207.865,207.89
2018-08-10T15:58:00Z,207.9,208.08,207.89,208.03
2018-08-10T15:59:00Z,208.04,208.05,207.98,207.98
2018-08-10T16:00:00Z,207.97,207.9715,207.85,207.91
2018-08-10T16:01:00Z,207.91,207.915,207.8,207.895
2018-08-10T16:02:00Z,207.9,208.03,207.9,207.97
2018-08-10T16:03:00Z,207.96,208.0398,207.95,208
2018-08-10T16:04:00Z,208,208.03,207.95,208
2018-08-10T16:05:00Z,208.005,208.09,208.005,208.09
2018-08-10T16:06:00Z,208.08,208.12,208.08,208.1
2018-08-10T16:07:00Z,208.1,208.1,207.9,207.93
2018-08-10T16:08:00Z,207.92,207.94,207.81,207.93
2018-08-10T16:09:00Z,207.94,207.9817,207.92,207.9201
2018-08-10T16:10:00Z,207.93,207.9432,207.88,207.92
2018-08-10T16:11:00Z,207.94,208.02,207.94,207.96
2018-08-10T16:12:00Z,207.955,207.965,207.91,207.93
2018-08-10T16:13:00Z,207.925,207.94,207.86,207.93
2018-08-10T16:14:00Z,207.92,208.02,207.91,208.01
2018-08-10T16:15:00Z,208,208.04,207.982,208.01
2018-08-10T16:16:00Z,208.02,208.0619,208.005,208.06
2018-08-10T16:17:00Z,208.05,208.0825,208.04,208.07
2018-08-10T16:18:00Z,208.07,208.09,208.06,208.0725
2018-08-10T16:19:00Z,208.08,208.11,208.08,208.0958
2018-08-10T16:20:00Z,208.0999,208.1658,208.0851,208.16
2018-08-10T16:21:00Z,208.14,208.14,208.04,208.08
2018-08-10T16:22:00Z,208.08,208.08,208.01,208.03
2018-08-10T16:23:00Z,208.04,208.08,208.0201,208.03
2018-08-10T16:24:00Z,208.03,208.05,207.99,208.045
2018-08-10T16:25:00Z,208.04,208.0428,207.9602,207.975
2018-08-10T16:26:00Z,207.97,208,207.94,207.99
2018-08-10T16:27:00Z,208,208.11,208,208.08
2018-08-10T16:28:00Z,208.08,208.08,208.01,208.06
2018-08-10T16:29:00Z,208.06,208.08,208.06,208.07
2018-08-10T16:30:00Z,208.08,208.1136,208.065,208.0986
2018-08-10T16:31:00Z,208.1,208.13,208.08,208.09
2018-08-10T16:32:00Z,208.0933,208.13,208.08,208.1222
2018-08-10T16:33:00Z,208.12,208.16,208.12,208.1301
2018-08-10T16:34:00Z,208.13,208.1466,208.09,208.1099
2018-08-10T16:35:00Z,208.1,208.11,208.05,208.0556
2018-08-10T16:36:00Z,208.0599,208.08,208.02,208.03
2018-08-10T16:37:00Z,208.02,208.0755,208.02,208.04
2018-08-10T16:38:00Z,208.03,208.03,207.931,207.95
2018-08-10T16:39:00Z,207.95,208.01,207.95,208
2018-08-10T16:40:00Z,208,208.02,207.97,208
2018-08-10T16:41:00Z,207.995,208.02,207.98,208
2018-08-10T16:42:00Z,208,208.02,207.99,208.02
2018-08-10T16:43:00Z,208.014,208.045,207.98,207.99
2018-08-10T16:44:00Z,207.99,207.99,207.9,207.91
2018-08-10T16:45:00Z,207.9199,207.94,207.8832,207.8925
2018-08-10T16:46:00Z,207.894,207.93,207.845,207.91
2018-08-10T16:47:00Z,207.92,207.95,207.9,207.9
2018-08-10T16:48:00Z,207.8967,207.91,207.865,207.87
2018-08-10T16:49:00Z,207.86,207.885,207.85,207.86
2018-08-10T16:50:00Z,207.86,207.879,207.83,207.875
2018-08-10T16:51:00Z,207.85,207.87,207.75,207.83
2018-08-10T16:52:00Z,207.8156,207.86,207.8129,207.8341
2018-08-10T16:53:00Z,207.8315,207.87,207.8315,207.87
2018-08-10T16:54:00Z,207.87,207.88,207.82,207.83
2018-08-10T16:55:00Z,207.83,207.855,207.82,207.85
2018-08-10T16:56:00Z,207.84,207.87,207.8,207.84
2018-08-10T16:57:00Z,207.84,207.88,207.84,207.88
2018-08-10T16:58:00Z,207.8741,207.88,207.85,207.85
2018-08-10T16:59:00Z,207.85,207.905,207.85,207.8877
2018-08-10T17:00:00Z,207.88,207.91,207.85,207.895
2018-08-10T17:01:00Z,207.89,207.93,207.89,207.93
2018-08-10T17:02:00Z,207.9266,207.94,207.86,207.86
2018-08-10T17:03:00Z,207.86,207.9,207.85,207.89
2018-08-10T17:04:00Z,207.89,207.9,207.85,207.86
2018-08-10T17:05:00Z,207.86,207.88,207.85,207.876
2018-08-10T17:06:00Z,207.8739,207.88,207.85,207.8764
2018-08-10T17:07:00Z,207.87,207.87,207.85,207.8575
2018-08-10T17:08:00Z,207.85,207.875,207.81,207.83
2018-08-10T17:09:00Z,207.83,207.88,207.83,207.864
2018-08-10T17:10:00Z,207.86,207.86,207.84,207.85
2018-08-10T17:11:00Z,207.86,207.885,207.855,207.87
2018-08-10T17:12:00Z,207.875,207.9099,207.87,207.9
2018-08-10T17:13:00Z,207.89,207.9,207.88,207.88
2018-08-10T17:14:00Z,207.88,207.885,207.835,207.84
2018-08-10T17:15:00Z,207.84,207.8499,207.8085,207.8499
2018-08-10T17:16:00Z,207.84,207.84,207.82,207.84
2018-08-10T17:17:00Z,207.8336,207.8352,207.81,207.8162
2018-08-10T17:18:00Z,207.8048,207.8198,207.72,207.725
2018-08-10T17:19:00Z,207.725,207.73,207.6,207.61
2018-08-10T17:20:00Z,207.6,207.6661,207.57,207.66
2018-08-10T17:21:00Z,207.66,207.69,207.63,207.63
2018-08-10T17:22:00Z,207.64,207.65,207.59,207.62
2018-08-10T17:23:00Z,207.6146,207.66,207.607,207.61
2018-08-10T17:24:00Z,207.615,207.6199,207.55,207.58
2018-08-10T17:25:00Z,207.585,207.6,207.5689,207.58
2018-08-10T17:26:00Z,207.58,207.58,207.56,207.568
2018-08-10T17:27:00Z,207.58,207.64,207.55,207.634
2018-08-10T17:28:00Z,207.64,207.67,207.59,207.62
2018-08-10T17:29:00Z,207.62,207.63,207.6072,207.6201
2018-08-10T17:30:00Z,207.62,207.65,207.61,207.63
2018-08-10T17:31:00Z,207.62,207.62,207.5166,207.5166
2018-08-10T17:32:00Z,207.5125,207.56,207.51,207.53
2018-08-10T17:33:00Z,207.52,207.58,207.51,207.5715
2018-08-10T17:34:00Z,207.57,207.59,207.56,207.56
2018-08-10T17:35:00Z,207.5501,207.555,207.51,207.54
2018-08-10T17:36:00Z,207.5336,207.57,207.51,207.515
2018-08-10T17:37:00Z,207.51,207.52,207.37,207.4
2018-08-10T17:38:00Z,207.39,207.47,207.37,207.4633
2018-08-10T17:39:00Z,207.46,207.4669,207.4,207.4
2018-08-10T17:40:00Z,207.39,207.42,207.35,207.37
2018-08-10T17:41:00Z,207.3642,207.38,207.31,207.38
2018-08-10T17:42:00Z,207.3854,207.43,207.32,207.32
2018-08-10T17:43:00Z,207.3266,207.33,207.26,207.27
2018-08-10T17:44:00Z,207.26,207.2732,207.2,207.2
2018-08-10T17:45:00Z,207.19,207.21,207.16,207.2
2018-08-10T17:46:00Z,207.2,207.27,207.1331,207.135
2018-08-10T17:47:00Z,207.13,207.13,206.96,206.991
2018-08-10T17:48:00Z,206.9801,206.99,206.91,206.91
2018-08-10T17:49:00Z,206.9199,207.02,206.8968,207.01
2018-08-10T17:50:00Z,207,207.11,206.99,207.0182
2018-08-10T17:51:00Z,207.01,207.01,206.88,206.9532
2018-08-10T17:52:00Z,206.94,206.97,206.89,206.91
2018-08-10T17:53:00Z,206.905,206.91,206.81,206.875
2018-08-10T17:54:00Z,206.88,206.9025,206.81,206.85
2018-08-10T17:55:00Z,206.85,206.899,206.82,206.829
2018-08-10T17:56:00Z,206.83,206.84,206.67,206.69
2018-08-10T17:57:00Z,206.6831,206.85,206.6831,206.83
2018-08-10T17:58:00Z,206.82,206.92,206.81,206.89
2018-08-10T17:59:00Z,206.91,206.96,206.9,206.93
2018-08-10T18:00:00Z,206.93,207.07,206.91,207.06
2018-08-10T18:01:00Z,207.056,207.09,207.01,207.0794
2018-08-10T18:02:00Z,207.071,207.105,206.98,207
2018-08-10T18:03:00Z,206.9901,207.05,206.95,206.9515
2018-08-10T18:04:00Z,206.95,206.98,206.88,206.9748
2018-08-10T18:05:00Z,206.975,207.01,206.82,206.9159
2018-08-10T18:06:00Z,206.92,207.01,206.91,207.0001
2018-08-10T18:07:00Z,207.0063,207.06,206.98,207.05
2018-08-10T18:08:00Z,207.07,207.17,207.0554,207.1561
2018-08-10T18:09:00Z,207.155,207.165,207.08,207.09
2018-08-10T18:10:00Z,207.08,207.1392,207.08,207.135
2018-08-10T18:11:00Z,207.1301,207.23,207.13,207.23
2018-08-10T18:12:00Z,207.24,207.29,207.19,207.27
2018-08-10T18:13:00Z,207.27,207.28,207.13,207.16
2018-08-10T18:14:00Z,207.174,207.19,207.13,207.17
2018-08-10T18:15:00Z,207.16,207.1798,207.01,207.06
2018-08-10T18:16:00Z,207.0653,207.12,207.06,207.07
2018-08-10T18:17:00Z,207.07,207.08,207,207.0601
2018-08-10T18:18:00Z,207.07,207.1039,207.044,207.09
2018-08-10T18:19:00Z,207.11,207.11,207.065,207.08
2018-08-10T18:20:00Z,207.09,207.13,207.06,207.07
2018-08-10T18:21:00Z,207.06,207.06,206.996,207.0185
2018-08-10T18:22:00Z,207.01,207.01,206.8701,206.875
2018-08-10T18:23:00Z,206.87,206.88,206.76,206.83
2018-08-10T18:24:00Z,206.86,206.95,206.77,206.78
2018-08-10T18:25:00Z,206.8,206.86,206.8,206.84
2018-08-10T18:26:00Z,206.85,206.941,206.85,206.94
2018-08-10T18:27:00Z,206.9461,206.95,206.81,206.81
2018-08-10T18:28:00Z,206.81,206.81,206.68,206.79
2018-08-10T18:29:00Z,206.7991,206.92,206.75,206.75
2018-08-10T18:30:00Z,206.76,206.84,206.76,206.8028
2018-08-10T18:31:00Z,206.8,206.92,206.8,206.89
2018-08-10T18:32:00Z,206.88,206.95,206.85,206.89
2018-08-10T18:33:00Z,206.8801,207.02,206.87,206.99
2018-08-10T18:34:00Z,206.98,206.99,206.9,206.951
2018-08-10T18:35:00Z,206.95,206.99,206.9,206.98
2018-08-10T18:36:00Z,206.98,207.08,206.9788,207.07
2018-08-10T18:37:00Z,207.06,207.07,206.98,207.02
2018-08-10T18:38:00Z,207.01,207.1,206.932,207.087
2018-08-10T18:39:00Z,207.0861,207.19,207.07,207.17
2018-08-10T18:40:00Z,207.175,207.2,207.11,207.1235
2018-08-10T18:41:00Z,207.12,207.1353,207.1,207.1265
2018-08-10T18:42:00Z,207.1163,207.1584,207.1005,207.12
2018-08-10T18:43:00Z,207.13,207.207,207.13,207.207
2018-08-10T18:44:00Z,207.2,207.26,207.19,207.2301
2018-08-10T18:45:00Z,207.235,207.26,207.19,207.2497
2018-08-10T18:46:00Z,207.25,207.25,207.17,207.1901
2018-08-10T18:47:00Z,207.195,207.26,207.185,207.26
2018-08-10T18:48:00Z,207.26,207.33,207.26,207.2867
2018-08-10T18:49:00Z,207.285,207.285,207.14,207.23
2018-08-10T18:50:00Z,207.25,207.28,207.205,207.21
2018-08-10T18:51:00Z,207.21,207.3267,207.2065,207.32
2018-08-10T18:52:00Z,207.32,207.35,207.31,207.32
2018-08-10T18:53:00Z,207.32,207.35,207.3,207.3
2018-08-10T18:54:00Z,207.29,207.35,207.285,207.31
2018-08-10T18:55:00Z,207.3142,207.34,207.305,207.33
2018-08-10T18:56:00Z,207.33,207.33,207.27,207.3
2018-08-10T18:57:00Z,207.3,207.35,207.25,207.26
2018-08-10T18:58:00Z,207.251,207.3,207.22,207.23
2018-08-10T18:59:00Z,207.235,207.27,207.22,207.225
2018-08-10T19:00:00Z,207.23,207.23,207.1,207.1
2018-08-10T19:01:00Z,207.11,207.17,207.1,207.11
2018-08-10T19:02:00Z,207.1,207.15,207.09,207.1361
2018-08-10T19:03:00Z,207.14,207.25,207.135,207.25
2018-08-10T19:04:00Z,207.25,207.31,207.23,207.2801
2018-08-10T19:05:00Z,207.28,207.28,207.15,207.17
2018-08-10T19:06:00Z,207.16,207.19,207.0731,207.1
2018-08-10T19:07:00Z,207.11,207.21,207.09,207.2
2018-08-10T19:08:00Z,207.1944,207.274,207.16,207.23
2018-08-10T19:09:00Z,207.23,207.26,207.22,207.235
2018-08-10T19:10:00Z,207.225,207.2499,207.175,207.24
2018-08-10T19:11:00Z,207.2464,207.26,207.23,207.245
2018-08-10T19:12:00Z,207.24,207.24,207.16,207.16
2018-08-10T19:13:00Z,207.1515,207.32,207.1515,207.27
2018-08-10T19:14:00Z,207.28,207.3,207.22,207.235
2018-08-10T19:15:00Z,207.23,207.25,207.205,207.22
2018-08-10T19:16:00Z,207.23,207.38,207.22,207.38
2018-08-10T19:17:00Z,207.37,207.5321,207.37,207.52
2018-08-10T19:18:00Z,207.53,207.55,207.38,207.45
2018-08-10T19:19:00Z,207.45,207.54,207.42,207.54
2018-08-10T19:20:00Z,207.54,207.7,207.52,207.61
2018-08-10T19:21:00Z,207.61,207.7,207.6,207.69
2018-08-10T19:22:00Z,207.69,207.833,207.68,207.81
2018-08-10T19:23:00Z,207.7997,207.7997,207.72,207.74
2018-08-10T19:24:00Z,207.74,207.7662,207.695,207.76
2018-08-10T19:25:00Z,207.77,207.94,207.77,207.9
2018-08-10T19:26:00Z,207.89,207.89,207.815,207.86
2018-08-10T19:27:00Z,207.86,207.87,207.76,207.85
2018-08-10T19:28:00Z,207.84,207.88,207.74,207.85
2018-08-10T19:29:00Z,207.87,207.89,207.8,207.835
2018-08-10T19:30:00Z,207.84,207.89,207.76,207.7652
2018-08-10T19:31:00Z,207.77,207.835,207.71,207.74
2018-08-10T19:32:00Z,207.75,207.8299,207.69,207.7539
2018-08-10T19:33:00Z,207.76,207.87,207.76,207.85
2018-08-10T19:34:00Z,207.85,207.88,207.82,207.83
2018-08-10T19:35:00Z,207.83,207.86,207.76,207.824
2018-08-10T19:36:00Z,207.82,207.8506,207.8,207.84
2018-08-10T19:37:00Z,207.84,207.849,207.77,207.8
2018-08-10T19:38:00Z,207.79,207.799,207.72,207.76
2018-08-10T19:39:00Z,207.77,207.8285,207.764,207.8285
2018-08-10T19:40:00Z,207.8239,207.83,207.76,207.765
2018-08-10T19:41:00Z,207.76,207.765,207.55,207.65
2018-08-10T19:42:00Z,207.65,207.71,207.17,207.65
2018-08-10T19:43:00Z,207.635,207.7,207.5801,207.6619
2018-08-10T19:44:00Z,207.6683,207.675,207.6,207.63
2018-08-10T19:45:00Z,207.63,207.69,207.61,207.65
2018-08-10T19:46:00Z,207.65,207.65,207.5499,207.575
2018-08-10T19:47:00Z,207.58,207.62,207.53,207.6199
2018-08-10T19:48:00Z,207.62,207.69,207.62,207.6867
2018-08-10T19:49:00Z,207.69,207.7,207.67,207.69
2018-08-10T19:50:00Z,207.69,207.7,207.48,207.64
2018-08-10T19:51:00Z,207.65,207.71,207.625,207.64
2018-08-10T19:52:00Z,207.65,207.68,207.63,207.64
2018-08-10T19:53:00Z,207.65,207.7,207.65,207.68
2018-08-10T19:54:00Z,207.67,207.71,207.625,207.65
2018-08-10T19:55:00Z,207.63,207.81,207.63,207.69
2018-08-10T19:56:00Z,207.68,207.71,207.625,207.625
2018-08-10T19:57:00Z,207.6253,207.68,207.6,207.6047
2018-08-10T19:58:00Z,207.6,207.72,207.5735,207.6
2018-08-10T19:59:00Z,207.61,207.65,207.53,207.55
