2020-12-22T13:30:00Z,131.89,131.92,131.86,131.9
2020-12-22T13:31:00Z,131.91,132,131.9,131.9998
2020-12-22T13:32:00Z,131.99,132.05,131.93,131.93
2020-12-22T13:33:00Z,131.93,132.05,131.91,132.03
2020-12-22T13:34:00Z,132.02,132.09,132.02,132.08
2020-12-22T13:35:00Z,132.09,132.0998,132.04,132.0998
2020-12-22T13:36:00Z,132.1,132.2299,132.08,132.2102
2020-12-22T13:37:00Z,132.21,132.325,132.21,132.32
2020-12-22T13:38:00Z,132.33,132.36,132.25,132.3
2020-12-22T13:39:00Z,132.3,132.3,132.15,132.23
2020-12-22T13:40:00Z,132.2302,132.2302,132.11,132.11
2020-12-22T13:41:00Z,132.12,132.2,132.1,132.18
2020-12-22T13:42:00Z,132.17,132.2,132.15,132.18
2020-12-22T13:43:00Z,132.19,132.2,132.15,132.17
2020-12-22T13:44:00Z,132.18,132.18,132.1,132.11
2020-12-22T13:45:00Z,132.11,132.15,132.11,132.15
2020-12-22T13:46:00Z,132.1499,132.16,132.14,132.14
2020-12-22T13:47:00Z,132.13,132.16,132.13,132.15
2020-12-22T13:48:00Z,132.16,132.2,132.13,132.18
2020-12-22T13:49:00Z,132.15,132.1799,132.01,132.01
2020-12-22T13:50:00Z,132.02,132.08,132,132.03
2020-12-22T13:51:00Z,132.04,132.09,132.02,132.09
2020-12-22T13:52:00Z,132.09,132.13,132.05,132.06
2020-12-22T13:53:00Z,132.05,132.09,132.05,132.08
2020-12-22T13:54:00Z,132.08,132.15,132.06,132.15
2020-12-22T13:55:00Z,132.15,132.26,132.15,132.25
2020-12-22T13:56:00Z,132.22,132.26,132.18,132.19
2020-12-22T13:57:00Z,132.19,132.21,132.17,132.17
2020-12-22T13:58:00Z,132.19,132.19,132.15,132.17
2020-12-22T13:59:00Z,132.16,132.19,132.15,132.16
2020-12-22T14:00:00Z,132.17,132.17,131.9,132
2020-12-22T14:01:00Z,131.99,132.1,131.94,132.04
2020-12-22T14:02:00Z,132.06,132.13,132.05,132.08
2020-12-22T14:03:00Z,132.08,132.12,132.05,132.12
2020-12-22T14:04:00Z,132.11,132.1699,132.11,132.13
2020-12-22T14:05:00Z,132.1298,132.15,132.11,132.15
2020-12-22T14:06:00Z,132.14,132.15,132.1,132.13
2020-12-22T14:07:00Z,132.15,132.27,132.1,132.27
2020-12-22T14:08:00Z,132.2602,132.27,132.2,132.229
2020-12-22T14:09:00Z,132.2,132.27,132.2,132.25
2020-12-22T14:10:00Z,132.26,132.27,132.25,132.26
2020-12-22T14:11:00Z,132.27,132.28,132.13,132.1698
2020-12-22T14:12:00Z,132.1516,132.2,132.02,132.07
2020-12-22T14:13:00Z,132.09,132.09,131.88,131.95
2020-12-22T14:14:00Z,131.9698,132.09,131.9,131.9
2020-12-22T14:15:00Z,131.91,131.94,131.8,131.87
2020-12-22T14:16:00Z,131.86,131.9102,131.85,131.89
2020-12-22T14:17:00Z,131.89,131.94,131.88,131.9201
2020-12-22T14:18:00Z,131.92,131.95,131.9,131.95
2020-12-22T14:19:00Z,131.93,131.98,131.93,131.98
2020-12-22T14:20:00Z,131.98,131.98,131.95,131.9602
2020-12-22T14:21:00Z,131.97,131.97,131.8498,131.86
2020-12-22T14:22:00Z,131.85,131.92,131.85,131.92
2020-12-22T14:23:00Z,131.93,131.98,131.89,131.98
2020-12-22T14:24:00Z,131.98,132.18,131.98,132.18
2020-12-22T14:25:00Z,132.16,132.16,132.0601,132.0798
2020-12-22T14:26:00Z,132.06,132.09,131.89,131.91
2020-12-22T14:27:00Z,131.93,131.99,131.89,131.93
2020-12-22T14:28:00Z,131.91,131.91,131.6,131.61
2020-12-22T14:29:00Z,131.61,131.64,131.5,131.56
2020-12-22T14:30:00Z,131.59,131.75,131,131.03
2020-12-22T14:31:00Z,131.05,131.06,130.46,130.6
2020-12-22T14:32:00Z,130.58,131.37,130.4,131.3
2020-12-22T14:33:00Z,131.31,131.32,131.01,131.2027
2020-12-22T14:34:00Z,131.22,131.34,130.8325,130.905
2020-12-22T14:35:00Z,130.9138,130.95,130.65,130.7099
2020-12-22T14:36:00Z,130.69,131.03,130.56,130.97
2020-12-22T14:37:00Z,130.95,131.5,130.915,131.45
2020-12-22T14:38:00Z,131.4453,132.01,131.4,131.98
2020-12-22T14:39:00Z,131.98,132.08,131.78,131.7802
2020-12-22T14:40:00Z,131.78,132,131.55,131.6497
2020-12-22T14:41:00Z,131.65,132.22,131.62,132.2
2020-12-22T14:42:00Z,132.2,132.3,132.085,132.2099
2020-12-22T14:43:00Z,132.203,132.29,132.09,132.23
2020-12-22T14:44:00Z,132.23,132.65,132.19,132.53
2020-12-22T14:45:00Z,132.53,132.87,131.61,132.83
2020-12-22T14:46:00Z,132.825,132.84,132.47,132.5102
2020-12-22T14:47:00Z,132.51,132.64,132.3901,132.436
2020-12-22T14:48:00Z,132.435,132.92,132.43,132.905
2020-12-22T14:49:00Z,132.91,133.21,132.87,133.17
2020-12-22T14:50:00Z,133.165,133.32,133.08,133.27
2020-12-22T14:51:00Z,133.26,133.3,133.01,133.055
2020-12-22T14:52:00Z,133.06,133.235,132.99,133.08
2020-12-22T14:53:00Z,133.1,133.4,133.1,133.37
2020-12-22T14:54:00Z,133.3727,133.71,133.36,133.695
2020-12-22T14:55:00Z,133.7,133.8,133.62,133.765
2020-12-22T14:56:00Z,133.7699,134,133.74,133.99
2020-12-22T14:57:00Z,133.99,134.22,133.93,134.19
2020-12-22T14:58:00Z,134.1911,134.2,133.93,134.01
2020-12-22T14:59:00Z,134,134.25,133.97,134.13
2020-12-22T15:00:00Z,134.12,134.22,133.6,133.66
2020-12-22T15:01:00Z,133.65,133.9,133.59,133.74
2020-12-22T15:02:00Z,133.74,133.74,133.135,133.16
2020-12-22T15:03:00Z,133.1592,133.6899,133.14,133.6
2020-12-22T15:04:00Z,133.61,133.9559,133.57,133.7801
2020-12-22T15:05:00Z,133.785,133.89,133.68,133.82
2020-12-22T15:06:00Z,133.83,134.04,133.77,134.015
2020-12-22T15:07:00Z,134.015,134.405,133.98,134.39
2020-12-22T15:08:00Z,134.381,134.39,134.065,134.186
2020-12-22T15:09:00Z,134.1801,134.3,134.13,134.28
2020-12-22T15:10:00Z,134.2744,134.28,133.93,133.9829
2020-12-22T15:11:00Z,133.985,134.04,133.6,133.64
2020-12-22T15:12:00Z,133.6499,133.6793,133.2,133.21
2020-12-22T15:13:00Z,133.2135,133.49,133.14,133.43
2020-12-22T15:14:00Z,133.4245,133.47,133.25,133.3347
2020-12-22T15:15:00Z,133.34,133.55,133.22,133.5381
2020-12-22T15:16:00Z,133.54,133.69,133.52,133.6616
2020-12-22T15:17:00Z,133.67,134,133.66,133.91
2020-12-22T15:18:00Z,133.91,133.9274,133.53,133.5701
2020-12-22T15:19:00Z,133.575,133.67,133.4,133.4119
2020-12-22T15:20:00Z,133.4199,133.45,133.15,133.2
2020-12-22T15:21:00Z,133.205,133.205,132.895,132.9637
2020-12-22T15:22:00Z,132.97,133.14,132.935,133.0701
2020-12-22T15:23:00Z,133.08,133.14,133.01,133.09
2020-12-22T15:24:00Z,133.1,133.36,133.09,133.265
2020-12-22T15:25:00Z,133.27,133.46,133.17,133.18
2020-12-22T15:26:00Z,133.18,133.3,133.02,133.0507
2020-12-22T15:27:00Z,133.0561,133.135,132.9,132.9351
2020-12-22T15:28:00Z,132.94,133.06,131.41,133.006
2020-12-22T15:29:00Z,133.0099,133.2,132.99,133.1318
2020-12-22T15:30:00Z,133.13,133.1501,132.97,133.09
2020-12-22T15:31:00Z,133.09,133.19,132.94,132.99
2020-12-22T15:32:00Z,132.97,132.98,132.82,132.8392
2020-12-22T15:33:00Z,132.84,133.18,132.82,133.17
2020-12-22T15:34:00Z,133.1601,133.31,133.1145,133.2882
2020-12-22T15:35:00Z,133.2893,133.36,133.2008,133.3
2020-12-22T15:36:00Z,133.2932,133.4,133.27,133.3582
2020-12-22T15:37:00Z,133.36,133.42,133.3,133.375
2020-12-22T15:38:00Z,133.37,133.38,133.11,133.18
2020-12-22T15:39:00Z,133.185,133.24,133.14,133.1712
2020-12-22T15:40:00Z,133.18,133.18,132.84,132.916
2020-12-22T15:41:00Z,132.92,133.07,132.88,133.045
2020-12-22T15:42:00Z,133.05,133.17,131.41,133.14
2020-12-22T15:43:00Z,133.155,133.185,132.98,133.03
2020-12-22T15:44:00Z,133.03,133.05,132.85,132.9
2020-12-22T15:45:00Z,132.9087,133,132.79,132.82
2020-12-22T15:46:00Z,132.8216,132.9699,132.76,132.955
2020-12-22T15:47:00Z,132.9533,132.9584,132.67,132.7
2020-12-22T15:48:00Z,132.6909,132.75,132.37,132.44
2020-12-22T15:49:00Z,132.44,132.45,132.28,132.375
2020-12-22T15:50:00Z,132.38,132.51,132.3408,132.4682
2020-12-22T15:51:00Z,132.4701,132.54,132.36,132.515
2020-12-22T15:52:00Z,132.5185,132.5884,132.4601,132.5687
2020-12-22T15:53:00Z,132.565,132.62,132.47,132.58
2020-12-22T15:54:00Z,132.57,132.62,132.5,132.605
2020-12-22T15:55:00Z,132.605,132.6995,132.46,132.565
2020-12-22T15:56:00Z,132.56,132.66,132.5,132.605
2020-12-22T15:57:00Z,132.6,132.605,132.43,132.557
2020-12-22T15:58:00Z,132.55,132.77,132.53,132.67
2020-12-22T15:59:00Z,132.67,132.91,132.67,132.8793
2020-12-22T16:00:00Z,132.875,132.895,132.7,132.75
2020-12-22T16:01:00Z,132.78,132.84,132.5,132.5062
2020-12-22T16:02:00Z,132.5,132.525,131.69,131.69
2020-12-22T16:03:00Z,131.71,132.09,131.5,132.035
2020-12-22T16:04:00Z,132.04,132.17,131.97,132.1556
2020-12-22T16:05:00Z,132.17,132.18,131.98,132.01
2020-12-22T16:06:00Z,132.015,132.155,131.87,132.0953
2020-12-22T16:07:00Z,132.1062,132.11,131.88,131.9
2020-12-22T16:08:00Z,131.88,131.99,131.88,131.9232
2020-12-22T16:09:00Z,131.9152,131.93,131.71,131.7601
2020-12-22T16:10:00Z,131.78,132,131.6,131.87
2020-12-22T16:11:00Z,131.865,132.6,131.6,131.9203
2020-12-22T16:12:00Z,131.915,131.92,131.05,131.17
2020-12-22T16:13:00Z,131.1755,131.36,131,131.1215
2020-12-22T16:14:00Z,131.1281,131.46,131.1281,131.4584
2020-12-22T16:15:00Z,131.4593,131.57,131.4,131.5254
2020-12-22T16:16:00Z,131.52,131.55,131.4081,131.5
2020-12-22T16:17:00Z,131.5119,131.5685,131.45,131.51
2020-12-22T16:18:00Z,131.5159,131.72,131.5,131.66
2020-12-22T16:19:00Z,131.6507,131.88,131.6507,131.87
2020-12-22T16:20:00Z,131.87,131.92,131.75,131.7792
2020-12-22T16:21:00Z,131.7759,131.7899,131.51,131.53
2020-12-22T16:22:00Z,131.53,131.6,131.43,131.45
2020-12-22T16:23:00Z,131.44,131.45,131.33,131.42
2020-12-22T16:24:00Z,131.43,131.54,131.42,131.5
2020-12-22T16:25:00Z,131.5,131.63,131.44,131.5953
2020-12-22T16:26:00Z,131.595,131.64,131.38,131.405
2020-12-22T16:27:00Z,131.4,131.5229,131.37,131.4531
2020-12-22T16:28:00Z,131.4593,131.65,131.38,131.62
2020-12-22T16:29:00Z,131.61,131.735,131.55,131.69
2020-12-22T16:30:00Z,131.685,131.69,131.14,131.1635
2020-12-22T16:31:00Z,131.16,131.18,130.98,131.1
2020-12-22T16:32:00Z,131.11,131.15,130.89,130.9186
2020-12-22T16:33:00Z,130.92,131.0669,130.91,130.97
2020-12-22T16:34:00Z,130.97,131,130.71,130.72
2020-12-22T16:35:00Z,130.71,130.79,130.21,130.2117
2020-12-22T16:36:00Z,130.215,130.45,129.93,129.99
2020-12-22T16:37:00Z,129.99,130,129.65,129.85
2020-12-22T16:38:00Z,129.8559,130.3,129.85,130.2799
2020-12-22T16:39:00Z,130.28,130.68,130.26,130.64
2020-12-22T16:40:00Z,130.6,130.78,130.6,130.73
2020-12-22T16:41:00Z,130.7308,130.7387,130.51,130.51
2020-12-22T16:42:00Z,130.52,130.53,130.31,130.42
2020-12-22T16:43:00Z,130.415,130.49,130.03,130.1399
2020-12-22T16:44:00Z,130.14,130.4,130.03,130.37
2020-12-22T16:45:00Z,130.3689,130.4,130.23,130.2315
2020-12-22T16:46:00Z,130.2308,130.45,130.21,130.387
2020-12-22T16:47:00Z,130.39,130.77,130.37,130.7015
2020-12-22T16:48:00Z,130.7185,130.93,130.58,130.925
2020-12-22T16:49:00Z,130.9201,130.9282,130.7201,130.86
2020-12-22T16:50:00Z,130.875,130.8893,130.6,130.81
2020-12-22T16:51:00Z,130.79,130.94,130.6901,130.93
2020-12-22T16:52:00Z,130.93,131.1394,130.9001,131.1299
2020-12-22T16:53:00Z,131.12,131.13,130.97,131.005
2020-12-22T16:54:00Z,131.0031,131.1,130.96,131.04
2020-12-22T16:55:00Z,131.0401,131.17,130.93,131.1584
2020-12-22T16:56:00Z,131.155,131.31,131.14,131.295
2020-12-22T16:57:00Z,131.29,131.4,131.27,131.355
2020-12-22T16:58:00Z,131.3552,131.44,131.3001,131.4385
2020-12-22T16:59:00Z,131.425,131.5,131.35,131.475
2020-12-22T17:00:00Z,131.475,131.52,131.28,131.45
2020-12-22T17:01:00Z,131.4601,131.6102,131.39,131.59
2020-12-22T17:02:00Z,131.59,131.6,131.4541,131.499
2020-12-22T17:03:00Z,131.5062,131.5166,131.29,131.397
2020-12-22T17:04:00Z,131.395,131.43,131.34,131.39
2020-12-22T17:05:00Z,131.3958,131.42,131.32,131.4038
2020-12-22T17:06:00Z,131.4,131.45,131.23,131.3287
2020-12-22T17:07:00Z,131.326,131.37,131.2,131.24
2020-12-22T17:08:00Z,131.2425,131.3793,131.2008,131.3601
2020-12-22T17:09:00Z,131.36,131.375,131.21,131.2208
2020-12-22T17:10:00Z,131.23,131.25,131.04,131.1159
2020-12-22T17:11:00Z,131.1101,131.28,131.1101,131.265
2020-12-22T17:12:00Z,131.27,131.36,131.2,131.3562
2020-12-22T17:13:00Z,131.355,131.74,131.3518,131.72
2020-12-22T17:14:00Z,131.72,131.96,131.68,131.93
2020-12-22T17:15:00Z,131.94,132,131.865,131.9919
2020-12-22T17:16:00Z,131.9857,132.17,131.9632,132.0763
2020-12-22T17:17:00Z,132.08,132.1,131.97,132.0101
2020-12-22T17:18:00Z,132,132.0199,131.72,131.7801
2020-12-22T17:19:00Z,131.7899,131.93,131.78,131.8299
2020-12-22T17:20:00Z,131.83,131.99,131.8201,131.985
2020-12-22T17:21:00Z,131.9801,132.12,131.89,132.08
2020-12-22T17:22:00Z,132.1,132.1092,131.94,131.9593
2020-12-22T17:23:00Z,131.955,132.0899,131.88,132.025
2020-12-22T17:24:00Z,132.03,132.1,132.02,132.07
2020-12-22T17:25:00Z,132.0723,132.11,131.92,131.98
2020-12-22T17:26:00Z,131.97,131.9899,131.9,131.9601
2020-12-22T17:27:00Z,131.96,132,131.791,131.83
2020-12-22T17:28:00Z,131.84,131.924,131.77,131.7875
2020-12-22T17:29:00Z,131.7999,131.7999,131.55,131.58
2020-12-22T17:30:00Z,131.5861,131.68,131.53,131.575
2020-12-22T17:31:00Z,131.57,131.7847,131.55,131.7785
2020-12-22T17:32:00Z,131.78,131.89,131.77,131.78
2020-12-22T17:33:00Z,131.785,131.785,131.55,131.59
2020-12-22T17:34:00Z,131.58,131.7504,131.57,131.74
2020-12-22T17:35:00Z,131.74,131.79,131.66,131.7
2020-12-22T17:36:00Z,131.7,131.7399,131.48,131.4971
2020-12-22T17:37:00Z,131.5,131.6,131.46,131.53
2020-12-22T17:38:00Z,131.515,131.7799,131.5102,131.7008
2020-12-22T17:39:00Z,131.69,131.88,131.64,131.8581
2020-12-22T17:40:00Z,131.8581,132.05,131.8415,132.02
2020-12-22T17:41:00Z,132.015,132.03,131.86,131.8983
2020-12-22T17:42:00Z,131.9098,131.95,131.86,131.91
2020-12-22T17:43:00Z,131.911,132.01,131.91,132
2020-12-22T17:44:00Z,132,132.36,131.99,132.34
2020-12-22T17:45:00Z,132.33,132.3425,132.0806,132.135
2020-12-22T17:46:00Z,132.14,132.18,132.04,132.07
2020-12-22T17:47:00Z,132.07,132.2493,132.07,132.13
2020-12-22T17:48:00Z,132.12,132.23,132.12,132.229
2020-12-22T17:49:00Z,132.2231,132.26,132.06,132.07
2020-12-22T17:50:00Z,132.0692,132.1999,131.97,132.12
2020-12-22T17:51:00Z,132.1299,132.15,132.03,132.0901
2020-12-22T17:52:00Z,132.0981,132.0999,131.99,132.0408
2020-12-22T17:53:00Z,132.05,132.11,131.89,131.95
2020-12-22T17:54:00Z,131.95,132.04,131.91,132.03
2020-12-22T17:55:00Z,132.03,132.05,131.92,131.98
2020-12-22T17:56:00Z,131.9863,132.04,131.92,132
2020-12-22T17:57:00Z,132,132.11,131.975,132.09
2020-12-22T17:58:00Z,132.0851,132.13,131.97,131.97
2020-12-22T17:59:00Z,131.9758,131.9919,131.8602,131.9919
2020-12-22T18:00:00Z,132,132.15,131.97,132.1293
2020-12-22T18:01:00Z,132.1207,132.2,132.08,132.19
2020-12-22T18:02:00Z,132.2,132.35,132.17,132.2887
2020-12-22T18:03:00Z,132.2882,132.45,132.22,132.445
2020-12-22T18:04:00Z,132.44,132.445,132.34,132.3984
2020-12-22T18:05:00Z,132.405,132.5,132.32,132.47
2020-12-22T18:06:00Z,132.4692,132.55,132.44,132.4999
2020-12-22T18:07:00Z,132.5,132.5,132.42,132.45
2020-12-22T18:08:00Z,132.4499,132.5,132.4,132.455
2020-12-22T18:09:00Z,132.45,132.48,132.34,132.3519
2020-12-22T18:10:00Z,132.35,132.438,132.2824,132.33
2020-12-22T18:11:00Z,132.3308,132.44,132.32,132.43
2020-12-22T18:12:00Z,132.43,132.61,132.43,132.5656
2020-12-22T18:13:00Z,132.565,132.65,132.54,132.5678
2020-12-22T18:14:00Z,132.5608,132.58,132.5,132.525
2020-12-22T18:15:00Z,132.525,132.68,132.5201,132.6566
2020-12-22T18:16:00Z,132.655,132.75,132.62,132.75
2020-12-22T18:17:00Z,132.745,132.88,132.745,132.87
2020-12-22T18:18:00Z,132.86,132.88,132.78,132.81
2020-12-22T18:19:00Z,132.8152,132.9,132.71,132.7591
2020-12-22T18:20:00Z,132.76,132.9,132.67,132.8999
2020-12-22T18:21:00Z,132.8901,132.95,132.83,132.87
2020-12-22T18:22:00Z,132.866,132.8799,132.8,132.86
2020-12-22T18:23:00Z,132.8692,132.9,132.8,132.83
2020-12-22T18:24:00Z,132.83,132.8799,132.8,132.865
2020-12-22T18:25:00Z,132.865,132.9,132.69,132.7
2020-12-22T18:26:00Z,132.705,132.75,132.63,132.7342
2020-12-22T18:27:00Z,132.73,132.74,132.66,132.709
2020-12-22T18:28:00Z,132.71,132.78,132.7,132.7541
2020-12-22T18:29:00Z,132.75,132.76,132.69,132.6993
2020-12-22T18:30:00Z,132.69,132.8,132.6807,132.785
2020-12-22T18:31:00Z,132.785,132.84,132.75,132.77
2020-12-22T18:32:00Z,132.7799,132.78,132.73,132.7513
2020-12-22T18:33:00Z,132.76,132.77,132.68,132.71
2020-12-22T18:34:00Z,132.71,132.72,132.42,132.435
2020-12-22T18:35:00Z,132.43,132.6151,132.38,132.605
2020-12-22T18:36:00Z,132.616,132.77,132.58,132.755
2020-12-22T18:37:00Z,132.755,132.82,132.725,132.8042
2020-12-22T18:38:00Z,132.81,132.95,132.8,132.91
2020-12-22T18:39:00Z,132.9099,133,132.871,132.98
2020-12-22T18:40:00Z,132.99,133,132.91,132.933
2020-12-22T18:41:00Z,132.935,132.95,132.82,132.86
2020-12-22T18:42:00Z,132.8458,132.89,132.81,132.8607
2020-12-22T18:43:00Z,132.865,132.8699,132.73,132.7515
2020-12-22T18:44:00Z,132.7699,132.7959,132.69,132.725
2020-12-22T18:45:00Z,132.7201,132.83,132.72,132.785
2020-12-22T18:46:00Z,132.787,132.95,132.7707,132.89
2020-12-22T18:47:00Z,132.895,132.93,132.79,132.8165
2020-12-22T18:48:00Z,132.8092,132.8796,132.76,132.818
2020-12-22T18:49:00Z,132.825,132.9,132.75,132.84
2020-12-22T18:50:00Z,132.8306,132.95,132.8101,132.91
2020-12-22T18:51:00Z,132.9066,132.94,132.8501,132.86
2020-12-22T18:52:00Z,132.8633,132.99,132.8608,132.985
2020-12-22T18:53:00Z,132.99,133,132.92,132.965
2020-12-22T18:54:00Z,132.965,133,132.92,132.9605
2020-12-22T18:55:00Z,132.97,133.1,132.96,133.065
2020-12-22T18:56:00Z,133.065,133.15,132.99,133
2020-12-22T18:57:00Z,133.0067,133.0161,132.81,132.9299
2020-12-22T18:58:00Z,132.928,132.97,132.815,132.8592
2020-12-22T18:59:00Z,132.84,132.84,132.64,132.755
2020-12-22T19:00:00Z,132.76,132.92,132.76,132.825
2020-12-22T19:01:00Z,132.845,132.965,132.825,132.935
2020-12-22T19:02:00Z,132.9363,132.99,132.885,132.921
2020-12-22T19:03:00Z,132.925,132.935,132.88,132.9101
2020-12-22T19:04:00Z,132.9062,132.94,132.8508,132.8561
2020-12-22T19:05:00Z,132.86,132.91,132.85,132.8897
2020-12-22T19:06:00Z,132.885,132.91,132.77,132.79
2020-12-22T19:07:00Z,132.7841,132.83,132.69,132.7079
2020-12-22T19:08:00Z,132.7093,132.73,132.59,132.66
2020-12-22T19:09:00Z,132.66,132.76,132.66,132.69
2020-12-22T19:10:00Z,132.7,132.7499,132.65,132.6741
2020-12-22T19:11:00Z,132.675,132.68,132.5468,132.5601
2020-12-22T19:12:00Z,132.57,132.7099,132.565,132.7
2020-12-22T19:13:00Z,132.695,132.7,132.59,132.6108
2020-12-22T19:14:00Z,132.61,132.6299,132.4334,132.4334
2020-12-22T19:15:00Z,132.4301,132.53,132.4,132.4
2020-12-22T19:16:00Z,132.405,132.49,132.35,132.41
2020-12-22T19:17:00Z,132.41,132.44,132.33,132.3515
2020-12-22T19:18:00Z,132.36,132.43,132.33,132.42
2020-12-22T19:19:00Z,132.435,132.49,132.41,132.48
2020-12-22T19:20:00Z,132.485,132.59,132.46,132.525
2020-12-22T19:21:00Z,132.5215,132.55,132.45,132.4508
2020-12-22T19:22:00Z,132.45,132.455,132.29,132.44
2020-12-22T19:23:00Z,132.44,132.5,132.3901,132.46
2020-12-22T19:24:00Z,132.46,132.53,132.45,132.48
2020-12-22T19:25:00Z,132.4801,132.49,131.657192,132.4485
2020-12-22T19:26:00Z,132.44,132.55,132.435,132.545
2020-12-22T19:27:00Z,132.5469,132.5899,132.52,132.57
2020-12-22T19:28:00Z,132.57,132.61,132.55,132.58
2020-12-22T19:29:00Z,132.5892,132.66,132.55,132.645
2020-12-22T19:30:00Z,132.65,132.65,132.4901,132.495
2020-12-22T19:31:00Z,132.4937,132.6,132.43,132.5815
2020-12-22T19:32:00Z,132.6,132.61,132.51,132.56
2020-12-22T19:33:00Z,132.55,132.57,132.45,132.4508
2020-12-22T19:34:00Z,132.4563,132.56,132.454,132.52
2020-12-22T19:35:00Z,132.5223,132.5554,132.47,132.5341
2020-12-22T19:36:00Z,132.5304,132.5619,132.42,132.44
2020-12-22T19:37:00Z,132.435,132.4893,132.28,132.2801
2020-12-22T19:38:00Z,132.28,132.3,132.11,132.12
2020-12-22T19:39:00Z,132.13,132.1699,132.04,132.045
2020-12-22T19:40:00Z,132.0432,132.05,131.91,132.0332
2020-12-22T19:41:00Z,132.03,132.14,132.03,132.1308
2020-12-22T19:42:00Z,132.135,132.15,132.035,132.045
2020-12-22T19:43:00Z,132.04,132.12,131.96,132.1
2020-12-22T19:44:00Z,132.105,132.14,132.05,132.105
2020-12-22T19:45:00Z,132.1041,132.11,131.94,131.955
2020-12-22T19:46:00Z,131.955,131.99,131.89,131.98
2020-12-22T19:47:00Z,131.9716,132.13,131.9716,132.0592
2020-12-22T19:48:00Z,132.055,132.06,131.98,132.0352
2020-12-22T19:49:00Z,132.0347,132.1985,131.9999,132.18
2020-12-22T19:50:00Z,132.18,132.24,132.13,132.204
2020-12-22T19:51:00Z,132.2011,132.22,132.06,132.0901
2020-12-22T19:52:00Z,132.095,132.1416,132.03,132.07
2020-12-22T19:53:00Z,132.07,132.075,131.97,132.0006
2020-12-22T19:54:00Z,132.005,132.08,132,132.06
2020-12-22T19:55:00Z,132.06,132.1,131.93,132.0038
2020-12-22T19:56:00Z,132.01,132.15,132.01,132.09
2020-12-22T19:57:00Z,132.0896,132.13,132.04,132.075
2020-12-22T19:58:00Z,132.0771,132.14,132.05,132.05
2020-12-22T19:59:00Z,132.055,132.13,132.02,132.0407
