2016-03-09T13:30:00Z,101.6,101.6,101.6,101.6
2016-03-09T13:33:00Z,101.65,101.65,101.65,101.65
2016-03-09T13:35:00Z,101.65,101.67,101.65,101.67
2016-03-09T13:36:00Z,101.67,101.67,101.62,101.62
2016-03-09T13:37:00Z,101.62,101.62,101.6,101.6
2016-03-09T13:38:00Z,101.59,101.59,101.59,101.59
2016-03-09T13:39:00Z,101.58,101.59,101.58,101.59
2016-03-09T13:40:00Z,101.59,101.59,101.58,101.58
2016-03-09T13:41:00Z,101.54,101.54,101.5,101.54
2016-03-09T13:47:00Z,101.6,101.6,101.6,101.6
2016-03-09T13:53:00Z,101.54,101.54,101.54,101.54
2016-03-09T13:54:00Z,101.52,101.52,101.46,101.46
2016-03-09T13:55:00Z,101.4,101.4,101.4,101.4
2016-03-09T13:56:00Z,101.5,101.5,101.5,101.5
2016-03-09T13:57:00Z,101.5,101.5,101.5,101.5
2016-03-09T13:58:00Z,101.45,101.5,101.45,101.5
2016-03-09T13:59:00Z,101.5,101.5,101.5,101.5
2016-03-09T14:00:00Z,101.5,101.5,101.5,101.5
2016-03-09T14:02:00Z,101.5,101.5,101.5,101.5
2016-03-09T14:05:00Z,101.5,101.5,101.5,101.5
2016-03-09T14:06:00Z,101.52,101.59,101.52,101.59
2016-03-09T14:07:00Z,101.59,101.59,101.59,101.59
2016-03-09T14:09:00Z,101.6,101.6,101.6,101.6
2016-03-09T14:10:00Z,101.6,101.6,101.6,101.6
2016-03-09T14:12:00Z,101.56,101.56,101.56,101.56
2016-03-09T14:13:00Z,101.56,101.56,101.56,101.56
2016-03-09T14:14:00Z,101.59,101.6,101.59,101.6
2016-03-09T14:16:00Z,101.6,101.6,101.6,101.6
2016-03-09T14:17:00Z,101.56,101.62,101.56,101.62
2016-03-09T14:19:00Z,101.68,101.68,101.62,101.62
2016-03-09T14:22:00Z,101.62,101.62,101.6,101.6
2016-03-09T14:23:00Z,101.65,101.65,101.61,101.61
2016-03-09T14:24:00Z,101.61,101.61,101.61,101.61
2016-03-09T14:26:00Z,101.6,101.6,101.6,101.6
2016-03-09T14:27:00Z,101.6,101.6,101.6,101.6
2016-03-09T14:28:00Z,101.46,101.55,101.45,101.45
2016-03-09T14:29:00Z,101.38,101.4,101.32,101.32
2016-03-09T14:30:00Z,101.32,101.5,101.26,101.5
2016-03-09T14:31:00Z,101.5,101.5,101.37,101.445
2016-03-09T14:32:00Z,101.45,101.58,101.26,101.345
2016-03-09T14:33:00Z,101.35,101.4098,101.03,101.1499
2016-03-09T14:34:00Z,101.1448,101.19,101.06,101.19
2016-03-09T14:35:00Z,101.17,101.19,100.93,100.98
2016-03-09T14:36:00Z,100.951,100.97,100.79,100.86
2016-03-09T14:37:00Z,100.86,100.91,100.745,100.76
2016-03-09T14:38:00Z,100.75,100.78,100.7,100.735
2016-03-09T14:39:00Z,100.73,100.84,100.71,100.815
2016-03-09T14:40:00Z,100.81,100.95,100.8,100.95
2016-03-09T14:41:00Z,100.9401,100.99,100.87,100.91
2016-03-09T14:42:00Z,100.91,100.92,100.81,100.815
2016-03-09T14:43:00Z,100.82,100.82,100.56,100.575
2016-03-09T14:44:00Z,100.57,100.71,100.535,100.6795
2016-03-09T14:45:00Z,100.672,100.68,100.54,100.565
2016-03-09T14:46:00Z,100.56,100.69,100.53,100.69
2016-03-09T14:47:00Z,100.7,100.74,100.61,100.73
2016-03-09T14:48:00Z,100.73,100.73,100.565,100.565
2016-03-09T14:49:00Z,100.57,100.63,100.53,100.54
2016-03-09T14:50:00Z,100.54,100.54,100.37,100.38
2016-03-09T14:51:00Z,100.37,100.46,100.33,100.35
2016-03-09T14:52:00Z,100.35,100.3625,100.27,100.35
2016-03-09T14:53:00Z,100.351,100.38,100.284,100.326
2016-03-09T14:54:00Z,100.33,100.48,100.326,100.48
2016-03-09T14:55:00Z,100.485,100.67,100.485,100.6038
2016-03-09T14:56:00Z,100.601,100.72,100.6,100.695
2016-03-09T14:57:00Z,100.7,100.73,100.52,100.52
2016-03-09T14:58:00Z,100.52,100.6575,100.47,100.6562
2016-03-09T14:59:00Z,100.65,100.695,100.615,100.65
2016-03-09T15:00:00Z,100.65,100.96,100.63,100.93
2016-03-09T15:01:00Z,100.92,100.94,100.84,100.915
2016-03-09T15:02:00Z,100.92,101.01,100.92,100.985
2016-03-09T15:03:00Z,100.98,101.06,100.94,100.9667
2016-03-09T15:04:00Z,100.97,101.08,100.89,100.89
2016-03-09T15:05:00Z,100.9,100.97,100.835,100.854
2016-03-09T15:06:00Z,100.86,100.93,100.85,100.88
2016-03-09T15:07:00Z,100.88,100.935,100.8,100.86
2016-03-09T15:08:00Z,100.869,100.88,100.77,100.79
2016-03-09T15:09:00Z,100.8,100.93,100.78,100.8601
2016-03-09T15:10:00Z,100.86,100.87,100.805,100.84
2016-03-09T15:11:00Z,100.834,100.84,100.76,100.82
2016-03-09T15:12:00Z,100.825,101.02,100.825,100.99
2016-03-09T15:13:00Z,100.995,101.03,100.81,100.81
2016-03-09T15:14:00Z,100.82,100.864,100.78,100.78
2016-03-09T15:15:00Z,100.78,101,100.75,100.99
2016-03-09T15:16:00Z,100.98,100.98,100.872,100.91
2016-03-09T15:17:00Z,100.93,100.9375,100.8301,100.88
2016-03-09T15:18:00Z,100.87,100.9215,100.85,100.85
2016-03-09T15:19:00Z,100.859,100.86,100.7,100.749
2016-03-09T15:20:00Z,100.75,100.76,100.67,100.69
2016-03-09T15:21:00Z,100.7,100.72,100.65,100.66
2016-03-09T15:22:00Z,100.66,100.7498,100.65,100.74
2016-03-09T15:23:00Z,100.7499,100.865,100.73,100.75
2016-03-09T15:24:00Z,100.75,100.8,100.68,100.75
2016-03-09T15:25:00Z,100.74,100.84,100.72,100.81
2016-03-09T15:26:00Z,100.79,100.92,100.78,100.92
2016-03-09T15:27:00Z,100.92,100.94,100.84,100.909
2016-03-09T15:28:00Z,100.9001,100.96,100.82,100.9199
2016-03-09T15:29:00Z,100.91,100.97,100.84,100.9
2016-03-09T15:30:00Z,100.9,101.1198,100.89,101.1001
2016-03-09T15:31:00Z,101.1,101.15,101.06,101.1
2016-03-09T15:32:00Z,101.096,101.105,101.009,101.07
2016-03-09T15:33:00Z,101.07,101.15,101.041,101.15
2016-03-09T15:34:00Z,101.14,101.16,101.04,101.151
2016-03-09T15:35:00Z,101.15,101.35,101.13,101.33
2016-03-09T15:36:00Z,101.35,101.35,101.22,101.275
2016-03-09T15:37:00Z,101.28,101.29,101.2,101.25
2016-03-09T15:38:00Z,101.25,101.32,101.18,101.22
2016-03-09T15:39:00Z,101.21,101.26,101.15,101.25
2016-03-09T15:40:00Z,101.2599,101.27,101.21,101.2333
2016-03-09T15:41:00Z,101.23,101.24,101.1727,101.24
2016-03-09T15:42:00Z,101.23,101.26,101.2,101.22
2016-03-09T15:43:00Z,101.23,101.25,101.195,101.23
2016-03-09T15:44:00Z,101.24,101.26,101.1739,101.19
2016-03-09T15:45:00Z,101.2,101.23,101.07,101.1
2016-03-09T15:46:00Z,101.11,101.17,101.08,101.169
2016-03-09T15:47:00Z,101.17,101.17,101.08,101.09
2016-03-09T15:48:00Z,101.096,101.13,101.04,101.12
2016-03-09T15:49:00Z,101.1,101.11,101.04,101.07
2016-03-09T15:50:00Z,101.07,101.07,100.86,100.8801
2016-03-09T15:51:00Z,100.88,100.88,100.75,100.822
2016-03-09T15:52:00Z,100.83,100.86,100.65,100.742
2016-03-09T15:53:00Z,100.74,100.88,100.73,100.88
2016-03-09T15:54:00Z,100.88,100.9,100.74,100.8057
2016-03-09T15:55:00Z,100.8,100.8675,100.66,100.867
2016-03-09T15:56:00Z,100.861,100.93,100.84,100.91
2016-03-09T15:57:00Z,100.9025,100.9025,100.73,100.835
2016-03-09T15:58:00Z,100.835,100.92,100.81,100.88
2016-03-09T15:59:00Z,100.86,100.88,100.8,100.8132
2016-03-09T16:00:00Z,100.82,100.94,100.79,100.94
2016-03-09T16:01:00Z,100.93,100.97,100.8901,100.9601
2016-03-09T16:02:00Z,100.9637,100.98,100.8725,100.9795
2016-03-09T16:03:00Z,100.98,100.98,100.91,100.9659
2016-03-09T16:04:00Z,100.97,100.98,100.87,100.889
2016-03-09T16:05:00Z,100.9063,100.97,100.88,100.94
2016-03-09T16:06:00Z,100.94,100.97,100.86,100.95
2016-03-09T16:07:00Z,100.94,100.95,100.845,100.89
2016-03-09T16:08:00Z,100.87,100.93,100.85,100.873
2016-03-09T16:09:00Z,100.87,100.97,100.81,100.91
2016-03-09T16:10:00Z,100.915,101,100.89,100.9495
2016-03-09T16:11:00Z,100.94,100.97,100.84,100.97
2016-03-09T16:12:00Z,100.975,100.98,100.89,100.9021
2016-03-09T16:13:00Z,100.9063,100.95,100.85,100.86
2016-03-09T16:14:00Z,100.86,100.88,100.8,100.8283
2016-03-09T16:15:00Z,100.83,100.92,100.81,100.89
2016-03-09T16:16:00Z,100.89,100.95,100.87,100.92
2016-03-09T16:17:00Z,100.91,100.96,100.89,100.8999
2016-03-09T16:18:00Z,100.91,100.99,100.854,100.93
2016-03-09T16:19:00Z,100.94,100.99,100.93,100.98
2016-03-09T16:20:00Z,100.98,100.99,100.89,100.9
2016-03-09T16:21:00Z,100.89,100.99,100.88,100.957
2016-03-09T16:22:00Z,100.97,100.97,100.91,100.91
2016-03-09T16:23:00Z,100.905,101.0183,100.905,100.9685
2016-03-09T16:24:00Z,100.98,101,100.96,101
2016-03-09T16:25:00Z,101,101.02,100.9816,101
2016-03-09T16:26:00Z,101,101.06,100.97,101.01
2016-03-09T16:27:00Z,101.025,101.08,101.02,101.08
2016-03-09T16:28:00Z,101.08,101.17,101.08,101.15
2016-03-09T16:29:00Z,101.158,101.2241,101.151,101.22
2016-03-09T16:30:00Z,101.23,101.42,101.23,101.37
2016-03-09T16:31:00Z,101.36,101.37,101.26,101.31
2016-03-09T16:32:00Z,101.31,101.35,101.27,101.3499
2016-03-09T16:33:00Z,101.36,101.4,101.3001,101.3004
2016-03-09T16:34:00Z,101.31,101.32,101.27,101.3035
2016-03-09T16:35:00Z,101.31,101.33,101.27,101.3
2016-03-09T16:36:00Z,101.306,101.4,101.2802,101.39
2016-03-09T16:37:00Z,101.4,101.43,101.35,101.37
2016-03-09T16:38:00Z,101.36,101.37,101.29,101.3
2016-03-09T16:39:00Z,101.3,101.38,101.29,101.36
2016-03-09T16:40:00Z,101.36,101.38,101.27,101.29
2016-03-09T16:41:00Z,101.295,101.31,101.22,101.23
2016-03-09T16:42:00Z,101.23,101.24,101.15,101.189
2016-03-09T16:43:00Z,101.18,101.2,101.151,101.151
2016-03-09T16:44:00Z,101.15,101.23,101.12,101.23
2016-03-09T16:45:00Z,101.23,101.26,101.16,101.18
2016-03-09T16:46:00Z,101.18,101.19,101.09,101.13
2016-03-09T16:47:00Z,101.135,101.15,101.055,101.085
2016-03-09T16:48:00Z,101.08,101.1899,101.08,101.186
2016-03-09T16:49:00Z,101.181,101.23,101.16,101.19
2016-03-09T16:50:00Z,101.2,101.2199,101.11,101.149
2016-03-09T16:51:00Z,101.15,101.19,101.12,101.1651
2016-03-09T16:52:00Z,101.15,101.22,101.13,101.21
2016-03-09T16:53:00Z,101.2,101.21,101.115,101.15
2016-03-09T16:54:00Z,101.15,101.209,101.13,101.1701
2016-03-09T16:55:00Z,101.159,101.16,101.12,101.13
2016-03-09T16:56:00Z,101.125,101.23,101.12,101.2021
2016-03-09T16:57:00Z,101.202,101.24,101.2001,101.23
2016-03-09T16:58:00Z,101.2342,101.29,101.2342,101.24
2016-03-09T16:59:00Z,101.2499,101.31,101.24,101.27
2016-03-09T17:00:00Z,101.26,101.3,101.23,101.23
2016-03-09T17:01:00Z,101.23,101.27,101.19,101.246
2016-03-09T17:02:00Z,101.245,101.25,101.2,101.22
2016-03-09T17:03:00Z,101.2261,101.25,101.21,101.22
2016-03-09T17:04:00Z,101.22,101.25,101.22,101.22
2016-03-09T17:05:00Z,101.22,101.23,101.13,101.145
2016-03-09T17:06:00Z,101.15,101.18,101.13,101.17
2016-03-09T17:07:00Z,101.176,101.18,101.105,101.13
2016-03-09T17:08:00Z,101.12,101.13,101.04,101.1
2016-03-09T17:09:00Z,101.09,101.15,101.09,101.145
2016-03-09T17:10:00Z,101.142,101.15,101.0732,101.0732
2016-03-09T17:11:00Z,101.0722,101.1299,101.0722,101.1252
2016-03-09T17:12:00Z,101.13,101.17,101.115,101.15
2016-03-09T17:13:00Z,101.14,101.17,101.1,101.11
2016-03-09T17:14:00Z,101.11,101.17,101.1,101.16
2016-03-09T17:15:00Z,101.17,101.19,101.1499,101.17
2016-03-09T17:16:00Z,101.17,101.17,101.07,101.07
2016-03-09T17:17:00Z,101.0795,101.17,101.05,101.11
2016-03-09T17:18:00Z,101.1,101.21,101.09,101.21
2016-03-09T17:19:00Z,101.19,101.29,101.19,101.27
2016-03-09T17:20:00Z,101.2641,101.27,101.18,101.1901
2016-03-09T17:21:00Z,101.21,101.26,101.2,101.2561
2016-03-09T17:22:00Z,101.2539,101.26,101.21,101.24
2016-03-09T17:23:00Z,101.23,101.26,101.2064,101.2359
2016-03-09T17:24:00Z,101.24,101.3,101.23,101.27
2016-03-09T17:25:00Z,101.28,101.29,101.23,101.26
2016-03-09T17:26:00Z,101.263,101.27,101.23,101.26
2016-03-09T17:27:00Z,101.26,101.27,101.21,101.21
2016-03-09T17:28:00Z,101.2104,101.2499,101.2104,101.227
2016-03-09T17:29:00Z,101.22,101.24,101.21,101.21
2016-03-09T17:30:00Z,101.22,101.24,101.2052,101.23
2016-03-09T17:31:00Z,101.22,101.23,101.16,101.17
2016-03-09T17:32:00Z,101.176,101.18,101.1,101.115
2016-03-09T17:33:00Z,101.12,101.17,101.1,101.1
2016-03-09T17:34:00Z,101.1,101.12,101.09,101.11
2016-03-09T17:35:00Z,101.11,101.12,101.07,101.0737
2016-03-09T17:36:00Z,101.07,101.08,101.01,101.01
2016-03-09T17:37:00Z,101.02,101.07,101.01,101.0499
2016-03-09T17:38:00Z,101.0434,101.09,101.03,101.09
2016-03-09T17:39:00Z,101.08,101.15,101.08,101.15
2016-03-09T17:40:00Z,101.1457,101.16,101.09,101.09
2016-03-09T17:41:00Z,101.0936,101.14,101.09,101.09
2016-03-09T17:42:00Z,101.09,101.1,101.01,101.03
2016-03-09T17:43:00Z,101.0301,101.06,101.03,101.03
2016-03-09T17:44:00Z,101.03,101.0475,100.96,100.97
2016-03-09T17:45:00Z,100.97,100.97,100.92,100.96
2016-03-09T17:46:00Z,100.96,101.2019,100.9501,100.97
2016-03-09T17:47:00Z,100.96,101,100.9,100.9702
2016-03-09T17:48:00Z,100.97,100.98,100.89,100.95
2016-03-09T17:49:00Z,100.95,100.98,100.87,100.9
2016-03-09T17:50:00Z,100.9099,100.99,100.9,100.9799
2016-03-09T17:51:00Z,100.98,101.05,100.955,101.05
2016-03-09T17:52:00Z,101.05,101.11,101.05,101.09
2016-03-09T17:53:00Z,101.08,101.1,101.08,101.09
2016-03-09T17:54:00Z,101.09,101.13,101.08,101.125
2016-03-09T17:55:00Z,101.12,101.15,101.11,101.15
2016-03-09T17:56:00Z,101.13,101.17,101.12,101.1338
2016-03-09T17:57:00Z,101.14,101.19,101.14,101.17
2016-03-09T17:58:00Z,101.17,101.22,101.16,101.2
2016-03-09T17:59:00Z,101.2,101.2,101.12,101.12
2016-03-09T18:00:00Z,101.1,101.1,101.01,101.03
2016-03-09T18:01:00Z,101.03,101.09,101.01,101.05
2016-03-09T18:02:00Z,101.059,101.059,100.98,101.035
2016-03-09T18:03:00Z,101.042,101.12,101.042,101.07
2016-03-09T18:04:00Z,101.076,101.11,101.0299,101.0401
2016-03-09T18:05:00Z,101.05,101.08,101.04,101.07
2016-03-09T18:06:00Z,101.07,101.07,101,101
2016-03-09T18:07:00Z,101,101.01,100.84,100.886
2016-03-09T18:08:00Z,100.88,100.94,100.85,100.8963
2016-03-09T18:09:00Z,100.89,100.92,100.85,100.92
2016-03-09T18:10:00Z,100.92,100.99,100.91,100.96
2016-03-09T18:11:00Z,100.96,101.03,100.95,100.995
2016-03-09T18:12:00Z,100.9998,101.01,100.95,100.96
2016-03-09T18:13:00Z,100.97,100.98,100.95,100.97
2016-03-09T18:14:00Z,100.9708,100.99,100.92,100.95
2016-03-09T18:15:00Z,100.95,100.96,100.9,100.91
2016-03-09T18:16:00Z,100.92,100.97,100.92,100.96
2016-03-09T18:17:00Z,100.96,100.97,100.91,100.93
2016-03-09T18:18:00Z,100.915,100.92,100.85,100.87
2016-03-09T18:19:00Z,100.875,100.89,100.854,100.86
2016-03-09T18:20:00Z,100.86,100.8799,100.85,100.8699
2016-03-09T18:21:00Z,100.87,100.885,100.835,100.875
2016-03-09T18:22:00Z,100.87,100.94,100.87,100.92
2016-03-09T18:23:00Z,100.9,100.94,100.88,100.9
2016-03-09T18:24:00Z,100.92,100.92,100.87,100.8766
2016-03-09T18:25:00Z,100.87,100.91,100.84,100.85
2016-03-09T18:26:00Z,100.85,100.87,100.784,100.87
2016-03-09T18:27:00Z,100.86,100.88,100.8401,100.8723
2016-03-09T18:28:00Z,100.88,100.88,100.835,100.86
2016-03-09T18:29:00Z,100.865,100.92,100.86,100.91
2016-03-09T18:30:00Z,100.91,100.96,100.91,100.956
2016-03-09T18:31:00Z,100.96,100.97,100.93,100.94
2016-03-09T18:32:00Z,100.94,100.95,100.9275,100.94
2016-03-09T18:33:00Z,100.95,100.96,100.91,100.94
2016-03-09T18:34:00Z,100.93,100.96,100.91,100.94
2016-03-09T18:35:00Z,100.9459,101.04,100.9459,101.04
2016-03-09T18:36:00Z,101.034,101.06,101.01,101.01
2016-03-09T18:37:00Z,101.02,101.05,101.01,101.04
2016-03-09T18:38:00Z,101.03,101.06,101.01,101.025
2016-03-09T18:39:00Z,101.0259,101.04,100.98,100.98
2016-03-09T18:40:00Z,100.99,101.02,100.89,100.93
2016-03-09T18:41:00Z,100.93,100.97,100.93,100.941
2016-03-09T18:42:00Z,100.942,100.96,100.93,100.9499
2016-03-09T18:43:00Z,100.949,100.96,100.905,100.932
2016-03-09T18:44:00Z,100.9337,100.96,100.9316,100.9337
2016-03-09T18:45:00Z,100.94,100.9899,100.93,100.9899
2016-03-09T18:46:00Z,100.99,101.04,100.99,101.0091
2016-03-09T18:47:00Z,101.01,101.12,101,101.1099
2016-03-09T18:48:00Z,101.1001,101.11,101.0675,101.08
2016-03-09T18:49:00Z,101.0839,101.2,101.07,101.16
2016-03-09T18:50:00Z,101.16,101.22,101.14,101.1837
2016-03-09T18:51:00Z,101.18,101.2,101.16,101.18
2016-03-09T18:52:00Z,101.19,101.21,101.1623,101.17
2016-03-09T18:53:00Z,101.16,101.19,101.1,101.12
2016-03-09T18:54:00Z,101.1189,101.16,101.1189,101.15
2016-03-09T18:55:00Z,101.15,101.16,101.1163,101.16
2016-03-09T18:56:00Z,101.1661,101.17,101.081,101.081
2016-03-09T18:57:00Z,101.08,101.21,101.08,101.21
2016-03-09T18:58:00Z,101.2,101.3,101.2,101.28
2016-03-09T18:59:00Z,101.26,101.27,101.181,101.23
2016-03-09T19:00:00Z,101.2399,101.26,101.17,101.1736
2016-03-09T19:01:00Z,101.18,101.22,101.18,101.22
2016-03-09T19:02:00Z,101.2161,101.25,101.21,101.22
2016-03-09T19:03:00Z,101.23,101.2597,101.2,101.257
2016-03-09T19:04:00Z,101.25,101.29,101.24,101.27
2016-03-09T19:05:00Z,101.27,101.3,101.26,101.3
2016-03-09T19:06:00Z,101.3,101.31,101.26,101.29
2016-03-09T19:07:00Z,101.3,101.3,101.236,101.24
2016-03-09T19:08:00Z,101.2398,101.24,101.19,101.21
2016-03-09T19:09:00Z,101.2,101.31,101.1899,101.295
2016-03-09T19:10:00Z,101.29,101.29,101.24,101.25
2016-03-09T19:11:00Z,101.25,101.27,101.191,101.27
2016-03-09T19:12:00Z,101.26,101.27,101.24,101.265
2016-03-09T19:13:00Z,101.265,101.27,101.15,101.15
2016-03-09T19:14:00Z,101.16,101.22,101.14,101.2032
2016-03-09T19:15:00Z,101.21,101.28,101.21,101.25
2016-03-09T19:16:00Z,101.25,101.26,101.2,101.235
2016-03-09T19:17:00Z,101.24,101.3,101.24,101.285
2016-03-09T19:18:00Z,101.28,101.29,101.23,101.247
2016-03-09T19:19:00Z,101.24,101.25,101.18,101.1839
2016-03-09T19:20:00Z,101.185,101.19,101.08,101.1
2016-03-09T19:21:00Z,101.095,101.1299,101.0775,101.105
2016-03-09T19:22:00Z,101.1,101.11,101.05,101.055
2016-03-09T19:23:00Z,101.05,101.1045,101.02,101.06
2016-03-09T19:24:00Z,101.065,101.0799,101.02,101.02
2016-03-09T19:25:00Z,101.03,101.05,101.0201,101.041
2016-03-09T19:26:00Z,101.05,101.05,101,101.02
2016-03-09T19:27:00Z,101.03,101.13,101.0221,101.116
2016-03-09T19:28:00Z,101.111,101.18,101.11,101.1368
2016-03-09T19:29:00Z,101.1499,101.19,101.14,101.19
2016-03-09T19:30:00Z,101.18,101.19,101.11,101.16
2016-03-09T19:31:00Z,101.1661,101.19,101.12,101.125
2016-03-09T19:32:00Z,101.13,101.13,101.04,101.04
2016-03-09T19:33:00Z,101.04,101.05,100.93,100.96
2016-03-09T19:34:00Z,100.97,101,100.965,100.975
2016-03-09T19:35:00Z,100.975,101,100.96,100.9789
2016-03-09T19:36:00Z,100.975,100.98,100.92,100.925
2016-03-09T19:37:00Z,100.9201,100.93,100.82,100.8258
2016-03-09T19:38:00Z,100.83,100.88,100.82,100.87
2016-03-09T19:39:00Z,100.87,100.9,100.863,100.871
2016-03-09T19:40:00Z,100.8737,100.88,100.82,100.85
2016-03-09T19:41:00Z,100.84,100.86,100.83,100.85
2016-03-09T19:42:00Z,100.85,100.918,100.85,100.88
2016-03-09T19:43:00Z,100.87,100.89,100.84,100.8425
2016-03-09T19:44:00Z,100.8438,100.92,100.83,100.92
2016-03-09T19:45:00Z,100.925,100.95,100.925,100.93
2016-03-09T19:46:00Z,100.94,100.96,100.88,100.925
2016-03-09T19:47:00Z,100.925,100.97,100.92,100.95
2016-03-09T19:48:00Z,100.94,100.99,100.94,100.99
2016-03-09T19:49:00Z,100.98,100.99,100.93,100.97
2016-03-09T19:50:00Z,100.97,101.03,100.95,101.03
2016-03-09T19:51:00Z,101.04,101.06,100.99,101.01
2016-03-09T19:52:00Z,101.015,101.02,100.99,101.002
2016-03-09T19:53:00Z,101,101.01,100.95,100.955
2016-03-09T19:54:00Z,100.95,100.9724,100.91,100.97
2016-03-09T19:55:00Z,100.97,100.99,100.97,100.9701
2016-03-09T19:56:00Z,100.975,100.98,100.9301,100.98
2016-03-09T19:57:00Z,100.99,101.03,100.98,101.02
2016-03-09T19:58:00Z,101.015,101.02,100.97,101.005
2016-03-09T19:59:00Z,101,101.01,100.97,100.985
