2019-04-23T13:30:00Z,204.48,204.5,204.11,204.46
2019-04-23T13:31:00Z,204.46,204.75,204.27,204.31
2019-04-23T13:32:00Z,204.36,204.4,203.9,204.25
2019-04-23T13:33:00Z,204.25,204.56,204.2,204.45
2019-04-23T13:34:00Z,204.4725,204.5,204.27,204.47
2019-04-23T13:35:00Z,204.4797,204.6,204.03,204.34
2019-04-23T13:36:00Z,204.34,204.6,204.3102,204.38
2019-04-23T13:37:00Z,204.39,204.85,204.34,204.8006
2019-04-23T13:38:00Z,204.8,204.98,204.6684,204.98
2019-04-23T13:39:00Z,204.965,205,204.87,204.91
2019-04-23T13:40:00Z,204.92,205,204.89,204.98
2019-04-23T13:41:00Z,204.98,205.17,204.9001,204.9616
2019-04-23T13:42:00Z,204.97,205,204.72,204.85
2019-04-23T13:43:00Z,204.86,205.12,204.85,205.12
2019-04-23T13:44:00Z,205.112,205.46,205.112,205.39
2019-04-23T13:45:00Z,205.39,205.46,205.13,205.29
2019-04-23T13:46:00Z,205.3121,205.37,205.17,205.34
2019-04-23T13:47:00Z,205.3436,205.44,205.28,205.3645
2019-04-23T13:48:00Z,205.37,205.42,205.26,205.37
2019-04-23T13:49:00Z,205.37,205.43,205.32,205.34
2019-04-23T13:50:00Z,205.35,205.39,205.22,205.22
2019-04-23T13:51:00Z,205.24,205.26,205.11,205.2
2019-04-23T13:52:00Z,205.2,205.39,205.2,205.29
2019-04-23T13:53:00Z,205.29,205.37,205.29,205.3
2019-04-23T13:54:00Z,205.3,205.36,205.17,205.29
2019-04-23T13:55:00Z,205.29,205.3584,205.29,205.33
2019-04-23T13:56:00Z,205.33,205.44,205.31,205.41
2019-04-23T13:57:00Z,205.41,205.42,205.39,205.4134
2019-04-23T13:58:00Z,205.42,205.54,205.41,205.47
2019-04-23T13:59:00Z,205.48,205.5,205.39,205.3924
2019-04-23T14:00:00Z,205.41,205.46,205.28,205.43
2019-04-23T14:01:00Z,205.44,205.54,205.44,205.54
2019-04-23T14:02:00Z,205.55,205.74,205.4272,205.48
2019-04-23T14:03:00Z,205.48,205.57,205.37,205.47
2019-04-23T14:04:00Z,205.47,205.64,205.41,205.54
2019-04-23T14:05:00Z,205.54,205.61,205.47,205.5
2019-04-23T14:06:00Z,205.5099,205.56,205.38,205.38
2019-04-23T14:07:00Z,205.38,205.41,205.27,205.37
2019-04-23T14:08:00Z,205.3836,205.4,205.16,205.17
2019-04-23T14:09:00Z,205.18,205.36,205.11,205.35
2019-04-23T14:10:00Z,205.35,205.45,205.31,205.41
2019-04-23T14:11:00Z,205.42,205.49,205.39,205.39
2019-04-23T14:12:00Z,205.41,205.49,205.35,205.49
2019-04-23T14:13:00Z,205.49,205.65,205.4798,205.65
2019-04-23T14:14:00Z,205.65,205.76,205.63,205.71
2019-04-23T14:15:00Z,205.71,205.75,205.53,205.609
2019-04-23T14:16:00Z,205.6,205.7047,205.59,205.6401
2019-04-23T14:17:00Z,205.62,205.76,205.61,205.74
2019-04-23T14:18:00Z,205.7394,205.82,205.58,205.63
2019-04-23T14:19:00Z,205.63,205.67,205.58,205.62
2019-04-23T14:20:00Z,205.6,205.67,205.58,205.6201
2019-04-23T14:21:00Z,205.64,205.665,205.58,205.66
2019-04-23T14:22:00Z,205.67,205.6822,205.63,205.65
2019-04-23T14:23:00Z,205.65,205.7,205.592,205.69
2019-04-23T14:24:00Z,205.6901,205.77,205.67,205.7699
2019-04-23T14:25:00Z,205.7501,205.815,205.65,205.69
2019-04-23T14:26:00Z,205.6974,205.8,205.64,205.7962
2019-04-23T14:27:00Z,205.8,205.89,205.8,205.8736
2019-04-23T14:28:00Z,205.88,205.9,205.85,205.87
2019-04-23T14:29:00Z,205.87,205.92,205.82,205.82
2019-04-23T14:30:00Z,205.82,205.84,205.63,205.7724
2019-04-23T14:31:00Z,205.7803,205.7934,205.67,205.72
2019-04-23T14:32:00Z,205.7299,205.73,205.66,205.725
2019-04-23T14:33:00Z,205.725,205.75,205.66,205.73
2019-04-23T14:34:00Z,205.73,205.74,205.68,205.71
2019-04-23T14:35:00Z,205.69,205.72,205.6102,205.7
2019-04-23T14:36:00Z,205.72,205.8064,205.69,205.7
2019-04-23T14:37:00Z,205.71,205.795,205.71,205.75
2019-04-23T14:38:00Z,205.75,205.78,205.6172,205.6701
2019-04-23T14:39:00Z,205.68,205.76,205.68,205.74
2019-04-23T14:40:00Z,205.75,205.78,205.71,205.73
2019-04-23T14:41:00Z,205.74,205.79,205.685,205.7149
2019-04-23T14:42:00Z,205.715,205.7444,205.67,205.72
2019-04-23T14:43:00Z,205.73,205.79,205.71,205.785
2019-04-23T14:44:00Z,205.79,205.85,205.75,205.81
2019-04-23T14:45:00Z,205.8,205.83,205.76,205.79
2019-04-23T14:46:00Z,205.79,205.8,205.57,205.5999
2019-04-23T14:47:00Z,205.59,205.63,205.55,205.615
2019-04-23T14:48:00Z,205.62,205.68,205.46,205.5151
2019-04-23T14:49:00Z,205.52,205.6402,205.52,205.6098
2019-04-23T14:50:00Z,205.6001,205.65,205.5101,205.5834
2019-04-23T14:51:00Z,205.5842,205.605,205.55,205.5528
2019-04-23T14:52:00Z,205.55,205.5928,205.52,205.575
2019-04-23T14:53:00Z,205.57,205.6,205.53,205.53
2019-04-23T14:54:00Z,205.53,205.537,205.45,205.537
2019-04-23T14:55:00Z,205.53,205.71,205.53,205.68
2019-04-23T14:56:00Z,205.68,205.71,205.6299,205.7
2019-04-23T14:57:00Z,205.6922,205.87,205.6922,205.86
2019-04-23T14:58:00Z,205.865,205.99,205.86,205.92
2019-04-23T14:59:00Z,205.94,205.99,205.91,205.97
2019-04-23T15:00:00Z,205.96,205.98,205.8875,205.9385
2019-04-23T15:01:00Z,205.94,205.95,205.8899,205.9401
2019-04-23T15:02:00Z,205.9495,205.95,205.88,205.89
2019-04-23T15:03:00Z,205.8816,205.91,205.825,205.835
2019-04-23T15:04:00Z,205.83,205.86,205.69,205.7776
2019-04-23T15:05:00Z,205.78,205.89,205.77,205.8019
2019-04-23T15:06:00Z,205.81,205.81,205.7498,205.78
2019-04-23T15:07:00Z,205.78,205.87,205.78,205.8619
2019-04-23T15:08:00Z,205.87,205.92,205.86,205.865
2019-04-23T15:09:00Z,205.87,205.96,205.85,205.903
2019-04-23T15:10:00Z,205.9199,205.95,205.83,205.905
2019-04-23T15:11:00Z,205.905,205.96,205.9,205.945
2019-04-23T15:12:00Z,205.94,205.98,205.925,205.965
2019-04-23T15:13:00Z,205.965,205.98,205.93,205.965
2019-04-23T15:14:00Z,205.98,206,205.952,205.9741
2019-04-23T15:15:00Z,205.98,206,205.93,205.96
2019-04-23T15:16:00Z,205.948,205.99,205.94,205.98
2019-04-23T15:17:00Z,205.98,206,205.96,205.99
2019-04-23T15:18:00Z,205.99,206,205.9488,205.989
2019-04-23T15:19:00Z,205.9866,206,205.9674,205.99
2019-04-23T15:20:00Z,205.99,206.165,205.99,206.107
2019-04-23T15:21:00Z,206.12,206.24,206.09,206.2001
2019-04-23T15:22:00Z,206.2199,206.27,206.2,206.2524
2019-04-23T15:23:00Z,206.2585,206.29,206.18,206.22
2019-04-23T15:24:00Z,206.24,206.36,206.22,206.3276
2019-04-23T15:25:00Z,206.33,206.35,206.2558,206.32
2019-04-23T15:26:00Z,206.32,206.4,206.3,206.38
2019-04-23T15:27:00Z,206.38,206.5,206.3649,206.4698
2019-04-23T15:28:00Z,206.46,206.46,206.35,206.36
2019-04-23T15:29:00Z,206.3632,206.5,206.36,206.47
2019-04-23T15:30:00Z,206.47,206.5101,206.44,206.47
2019-04-23T15:31:00Z,206.4842,206.4842,206.39,206.48
2019-04-23T15:32:00Z,206.49,206.55,206.485,206.5366
2019-04-23T15:33:00Z,206.54,206.57,206.45,206.54
2019-04-23T15:34:00Z,206.56,206.65,206.55,206.6124
2019-04-23T15:35:00Z,206.62,206.68,206.61,206.67
2019-04-23T15:36:00Z,206.67,206.76,206.65,206.72
2019-04-23T15:37:00Z,206.72,206.72,206.67,206.695
2019-04-23T15:38:00Z,206.69,206.7,206.585,206.585
2019-04-23T15:39:00Z,206.59,206.6,206.53,206.54
2019-04-23T15:40:00Z,206.54,206.62,206.5,206.52
2019-04-23T15:41:00Z,206.52,206.63,206.5,206.63
2019-04-23T15:42:00Z,206.644,206.69,206.6,206.6473
2019-04-23T15:43:00Z,206.66,206.69,206.51,206.51
2019-04-23T15:44:00Z,206.5199,206.5857,206.43,206.57
2019-04-23T15:45:00Z,206.57,206.5957,206.5,206.5
2019-04-23T15:46:00Z,206.48,206.51,206.46,206.51
2019-04-23T15:47:00Z,206.5142,206.55,206.48,206.53
2019-04-23T15:48:00Z,206.53,206.53,206.46,206.51
2019-04-23T15:49:00Z,206.52,206.6,206.52,206.584
2019-04-23T15:50:00Z,206.59,206.6041,206.53,206.6041
2019-04-23T15:51:00Z,206.6051,206.7,206.6051,206.63
2019-04-23T15:52:00Z,206.65,206.7601,206.65,206.74
2019-04-23T15:53:00Z,206.73,206.73,206.665,206.665
2019-04-23T15:54:00Z,206.66,206.76,206.655,206.745
2019-04-23T15:55:00Z,206.745,206.745,206.56,206.61
2019-04-23T15:56:00Z,206.61,206.67,206.61,206.67
2019-04-23T15:57:00Z,206.67,206.74,206.6487,206.6487
2019-04-23T15:58:00Z,206.65,206.675,206.58,206.61
2019-04-23T15:59:00Z,206.62,206.68,206.62,206.645
2019-04-23T16:00:00Z,206.6445,206.65,206.57,206.6499
2019-04-23T16:01:00Z,206.63,206.69,206.63,206.69
2019-04-23T16:02:00Z,206.695,206.78,206.66,206.75
2019-04-23T16:03:00Z,206.75,206.89,206.74,206.88
2019-04-23T16:04:00Z,206.8766,206.93,206.83,206.91
2019-04-23T16:05:00Z,206.9,207.09,206.9,207.06
2019-04-23T16:06:00Z,207.06,207.1,206.91,206.955
2019-04-23T16:07:00Z,206.9566,207.11,206.9566,207.0103
2019-04-23T16:08:00Z,207.02,207.0244,206.91,206.9685
2019-04-23T16:09:00Z,206.9657,206.99,206.82,206.8201
2019-04-23T16:10:00Z,206.84,206.88,206.82,206.85
2019-04-23T16:11:00Z,206.85,206.91,206.85,206.89
2019-04-23T16:12:00Z,206.89,206.96,206.89,206.94
2019-04-23T16:13:00Z,206.9416,206.9416,206.9015,206.92
2019-04-23T16:14:00Z,206.92,207.02,206.92,207.02
2019-04-23T16:15:00Z,207.01,207.04,206.99,207.03
2019-04-23T16:16:00Z,207.0207,207.03,206.99,207.005
2019-04-23T16:17:00Z,207.009,207.08,207,207.07
2019-04-23T16:18:00Z,207.075,207.09,206.94,206.97
2019-04-23T16:19:00Z,206.98,206.98,206.83,206.9249
2019-04-23T16:20:00Z,206.93,206.98,206.87,206.87
2019-04-23T16:21:00Z,206.87,206.99,206.83,206.98
2019-04-23T16:22:00Z,206.98,207.06,206.98,207
2019-04-23T16:23:00Z,206.9832,207.1,206.98,207.0869
2019-04-23T16:24:00Z,207.08,207.14,207.06,207.116
2019-04-23T16:25:00Z,207.1157,207.15,207.0445,207.0734
2019-04-23T16:26:00Z,207.0701,207.16,207.06,207.1068
2019-04-23T16:27:00Z,207.105,207.13,207.0602,207.09
2019-04-23T16:28:00Z,207.095,207.105,207,207.019
2019-04-23T16:29:00Z,207.02,207.06,206.966,207.04
2019-04-23T16:30:00Z,207.04,207.06,206.97,206.975
2019-04-23T16:31:00Z,206.979,207.0069,206.95,207
2019-04-23T16:32:00Z,207,207,206.95,206.99
2019-04-23T16:33:00Z,206.99,207,206.9,206.93
2019-04-23T16:34:00Z,206.94,206.97,206.8665,206.87
2019-04-23T16:35:00Z,206.88,206.96,206.88,206.955
2019-04-23T16:36:00Z,206.98,207.07,206.96,207.04
2019-04-23T16:37:00Z,207.05,207.21,207.0436,207.18
2019-04-23T16:38:00Z,207.21,207.22,207.0557,207.18
2019-04-23T16:39:00Z,207.18,207.25,207.1336,207.2432
2019-04-23T16:40:00Z,207.24,207.34,207.23,207.33
2019-04-23T16:41:00Z,207.33,207.41,207.3,207.35
2019-04-23T16:42:00Z,207.36,207.47,207.36,207.3975
2019-04-23T16:43:00Z,207.41,207.43,207.37,207.3957
2019-04-23T16:44:00Z,207.4,207.46,207.39,207.4199
2019-04-23T16:45:00Z,207.414,207.4452,207.39,207.43
2019-04-23T16:46:00Z,207.44,207.49,207.4301,207.47
2019-04-23T16:47:00Z,207.47,207.47,207.415,207.45
2019-04-23T16:48:00Z,207.455,207.4668,207.4,207.4
2019-04-23T16:49:00Z,207.405,207.54,207.405,207.5
2019-04-23T16:50:00Z,207.51,207.5199,207.36,207.39
2019-04-23T16:51:00Z,207.39,207.4,207.3201,207.3374
2019-04-23T16:52:00Z,207.3201,207.37,207.25,207.25
2019-04-23T16:53:00Z,207.25,207.31,207.25,207.27
2019-04-23T16:54:00Z,207.265,207.27,207.22,207.2585
2019-04-23T16:55:00Z,207.26,207.3,207.26,207.3
2019-04-23T16:56:00Z,207.29,207.37,207.29,207.365
2019-04-23T16:57:00Z,207.36,207.36,207.16,207.17
2019-04-23T16:58:00Z,207.1751,207.3,207.16,207.3
2019-04-23T16:59:00Z,207.3,207.342,207.29,207.33
2019-04-23T17:00:00Z,207.33,207.4078,207.325,207.3842
2019-04-23T17:01:00Z,207.39,207.41,207.243,207.27
2019-04-23T17:02:00Z,207.26,207.28,207.17,207.25
2019-04-23T17:03:00Z,207.24,207.3,207.22,207.276
2019-04-23T17:04:00Z,207.2701,207.3,207.23,207.245
2019-04-23T17:05:00Z,207.24,207.27,207.23,207.26
2019-04-23T17:06:00Z,207.26,207.32,207.24,207.3
2019-04-23T17:07:00Z,207.31,207.332,207.2631,207.29
2019-04-23T17:08:00Z,207.29,207.34,207.28,207.32
2019-04-23T17:09:00Z,207.32,207.38,207.27,207.38
2019-04-23T17:10:00Z,207.375,207.4,207.35,207.36
2019-04-23T17:11:00Z,207.375,207.39,207.3,207.32
2019-04-23T17:12:00Z,207.32,207.38,207.32,207.38
2019-04-23T17:13:00Z,207.3758,207.38,207.3,207.33
2019-04-23T17:14:00Z,207.34,207.38,207.3344,207.355
2019-04-23T17:15:00Z,207.355,207.3999,207.3,207.3326
2019-04-23T17:16:00Z,207.33,207.38,207.33,207.34
2019-04-23T17:17:00Z,207.33,207.33,207.27,207.29
2019-04-23T17:18:00Z,207.2999,207.32,207.26,207.32
2019-04-23T17:19:00Z,207.32,207.34,207.29,207.33
2019-04-23T17:20:00Z,207.3336,207.34,207.29,207.31
2019-04-23T17:21:00Z,207.31,207.32,207.27,207.32
2019-04-23T17:22:00Z,207.32,207.34,207.25,207.255
2019-04-23T17:23:00Z,207.2699,207.285,207.23,207.265
2019-04-23T17:24:00Z,207.27,207.32,207.23,207.245
2019-04-23T17:25:00Z,207.25,207.3,207.1885,207.1885
2019-04-23T17:26:00Z,207.195,207.23,207.16,207.22
2019-04-23T17:27:00Z,207.23,207.29,207.23,207.25
2019-04-23T17:28:00Z,207.25,207.28,207.23,207.27
2019-04-23T17:29:00Z,207.28,207.32,207.2672,207.2672
2019-04-23T17:30:00Z,207.267,207.34,207.267,207.3
2019-04-23T17:31:00Z,207.29,207.38,207.27,207.36
2019-04-23T17:32:00Z,207.36,207.39,207.332,207.35
2019-04-23T17:33:00Z,207.35,207.3601,207.27,207.3
2019-04-23T17:34:00Z,207.3,207.3,207.21,207.28
2019-04-23T17:35:00Z,207.2766,207.35,207.2766,207.35
2019-04-23T17:36:00Z,207.35,207.3685,207.33,207.3623
2019-04-23T17:37:00Z,207.3633,207.41,207.31,207.3598
2019-04-23T17:38:00Z,207.35,207.38,207.33,207.37
2019-04-23T17:39:00Z,207.38,207.43,207.3401,207.3941
2019-04-23T17:40:00Z,207.4,207.4215,207.35,207.35
2019-04-23T17:41:00Z,207.355,207.3807,207.3479,207.36
2019-04-23T17:42:00Z,207.364,207.364,207.25,207.3222
2019-04-23T17:43:00Z,207.33,207.385,207.3287,207.36
2019-04-23T17:44:00Z,207.36,207.4,207.36,207.39
2019-04-23T17:45:00Z,207.395,207.4,207.32,207.36
2019-04-23T17:46:00Z,207.36,207.38,207.33,207.33
2019-04-23T17:47:00Z,207.33,207.34,207.27,207.325
2019-04-23T17:48:00Z,207.34,207.37,207.32,207.35
2019-04-23T17:49:00Z,207.355,207.36,207.3,207.31
2019-04-23T17:50:00Z,207.31,207.3299,207.31,207.32
2019-04-23T17:51:00Z,207.32,207.325,207.2533,207.29
2019-04-23T17:52:00Z,207.29,207.29,207.2,207.22
2019-04-23T17:53:00Z,207.225,207.24,207.08,207.11
2019-04-23T17:54:00Z,207.115,207.115,206.95,206.98
2019-04-23T17:55:00Z,206.995,207.03,206.94,206.97
2019-04-23T17:56:00Z,206.9748,207.01,206.91,206.98
2019-04-23T17:57:00Z,206.98,207.0119,206.9642,206.9642
2019-04-23T17:58:00Z,206.98,207.02,206.95,206.9884
2019-04-23T17:59:00Z,207,207.01,206.96,206.98
2019-04-23T18:00:00Z,206.995,207.01,206.912,206.94
2019-04-23T18:01:00Z,206.954,207,206.92,206.9475
2019-04-23T18:02:00Z,206.956,206.96,206.91,206.94
2019-04-23T18:03:00Z,206.95,206.97,206.915,206.9424
2019-04-23T18:04:00Z,206.94,206.975,206.93,206.95
2019-04-23T18:05:00Z,206.9527,206.98,206.95,206.97
2019-04-23T18:06:00Z,206.97,206.99,206.94,206.97
2019-04-23T18:07:00Z,206.975,207.01,206.975,207.0056
2019-04-23T18:08:00Z,207.0001,207.08,207,207.0751
2019-04-23T18:09:00Z,207.08,207.1034,207.03,207.03
2019-04-23T18:10:00Z,207.0301,207.0866,206.94,206.97
2019-04-23T18:11:00Z,206.965,206.99,206.93,206.94
2019-04-23T18:12:00Z,206.94,206.9905,206.93,206.93
2019-04-23T18:13:00Z,206.94,206.96,206.88,206.9
2019-04-23T18:14:00Z,206.91,206.96,206.91,206.9536
2019-04-23T18:15:00Z,206.95,206.96,206.9,206.915
2019-04-23T18:16:00Z,206.92,206.97,206.91,206.96
2019-04-23T18:17:00Z,206.97,206.98,206.95,206.95
2019-04-23T18:18:00Z,206.9664,206.9664,206.9387,206.95
2019-04-23T18:19:00Z,206.95,206.96,206.9252,206.94
2019-04-23T18:20:00Z,206.95,206.98,206.9,206.92
2019-04-23T18:21:00Z,206.9215,206.9621,206.91,206.9544
2019-04-23T18:22:00Z,206.9537,206.99,206.95,206.99
2019-04-23T18:23:00Z,206.98,207.0157,206.97,206.98
2019-04-23T18:24:00Z,206.99,206.99,206.95,206.98
2019-04-23T18:25:00Z,206.98,207.04,206.975,207.04
2019-04-23T18:26:00Z,207.04,207.0801,207.04,207.08
2019-04-23T18:27:00Z,207.08,207.09,207.02,207.06
2019-04-23T18:28:00Z,207.06,207.0702,207.05,207.06
2019-04-23T18:29:00Z,207.07,207.075,207.03,207.03
2019-04-23T18:30:00Z,207.03,207.04,206.93,207
2019-04-23T18:31:00Z,207,207.07,206.99,207.06
2019-04-23T18:32:00Z,207.06,207.07,206.98,207.05
2019-04-23T18:33:00Z,207.0401,207.09,207.04,207.0661
2019-04-23T18:34:00Z,207.06,207.07,207.05,207.07
2019-04-23T18:35:00Z,207.0719,207.09,207.06,207.0899
2019-04-23T18:36:00Z,207.09,207.115,207.08,207.095
2019-04-23T18:37:00Z,207.1,207.12,207.09,207.11
2019-04-23T18:38:00Z,207.105,207.105,207.0568,207.065
2019-04-23T18:39:00Z,207.065,207.0899,207.065,207.075
2019-04-23T18:40:00Z,207.0738,207.15,207.0738,207.1401
2019-04-23T18:41:00Z,207.14,207.21,207.14,207.18
2019-04-23T18:42:00Z,207.2,207.24,207.18,207.2122
2019-04-23T18:43:00Z,207.225,207.25,207.21,207.21
2019-04-23T18:44:00Z,207.2097,207.235,207.2,207.23
2019-04-23T18:45:00Z,207.24,207.2749,207.23,207.255
2019-04-23T18:46:00Z,207.26,207.31,207.26,207.29
2019-04-23T18:47:00Z,207.29,207.3049,207.24,207.25
2019-04-23T18:48:00Z,207.26,207.2901,207.25,207.29
2019-04-23T18:49:00Z,207.2979,207.3,207.28,207.28
2019-04-23T18:50:00Z,207.29,207.33,207.28,207.33
2019-04-23T18:51:00Z,207.33,207.39,207.33,207.37
2019-04-23T18:52:00Z,207.37,207.385,207.33,207.37
2019-04-23T18:53:00Z,207.37,207.4,207.36,207.375
2019-04-23T18:54:00Z,207.37,207.44,207.37,207.42
2019-04-23T18:55:00Z,207.42,207.49,207.42,207.47
2019-04-23T18:56:00Z,207.47,207.4996,207.415,207.42
2019-04-23T18:57:00Z,207.43,207.5,207.42,207.49
2019-04-23T18:58:00Z,207.49,207.54,207.48,207.54
2019-04-23T18:59:00Z,207.54,207.59,207.53,207.53
2019-04-23T19:00:00Z,207.53,207.64,207.49,207.502
2019-04-23T19:01:00Z,207.51,207.55,207.51,207.53
2019-04-23T19:02:00Z,207.5313,207.56,207.49,207.55
2019-04-23T19:03:00Z,207.55,207.56,207.49,207.49
2019-04-23T19:04:00Z,207.5,207.56,207.49,207.56
2019-04-23T19:05:00Z,207.5633,207.64,207.5016,207.5016
2019-04-23T19:06:00Z,207.51,207.6015,207.5015,207.54
2019-04-23T19:07:00Z,207.54,207.61,207.5374,207.575
2019-04-23T19:08:00Z,207.575,207.64,207.575,207.61
2019-04-23T19:09:00Z,207.61,207.68,207.61,207.68
2019-04-23T19:10:00Z,207.66,207.68,207.62,207.665
2019-04-23T19:11:00Z,207.6653,207.69,207.64,207.68
2019-04-23T19:12:00Z,207.685,207.75,207.67,207.72
2019-04-23T19:13:00Z,207.73,207.75,207.7,207.71
2019-04-23T19:14:00Z,207.73,207.7327,207.61,207.61
2019-04-23T19:15:00Z,207.61,207.63,207.55,207.57
2019-04-23T19:16:00Z,207.575,207.59,207.43,207.49
2019-04-23T19:17:00Z,207.49,207.595,207.47,207.58
2019-04-23T19:18:00Z,207.585,207.62,207.51,207.5299
2019-04-23T19:19:00Z,207.53,207.57,207.525,207.545
2019-04-23T19:20:00Z,207.5516,207.56,207.48,207.52
2019-04-23T19:21:00Z,207.52,207.52,207.44,207.4531
2019-04-23T19:22:00Z,207.46,207.54,207.4523,207.52
2019-04-23T19:23:00Z,207.54,207.545,207.47,207.4735
2019-04-23T19:24:00Z,207.49,207.56,207.48,207.555
2019-04-23T19:25:00Z,207.55,207.555,207.5109,207.555
2019-04-23T19:26:00Z,207.555,207.58,207.52,207.5521
2019-04-23T19:27:00Z,207.56,207.56,207.446,207.48
2019-04-23T19:28:00Z,207.49,207.54,207.47,207.52
2019-04-23T19:29:00Z,207.52,207.54,207.48,207.515
2019-04-23T19:30:00Z,207.52,207.54,207.51,207.53
2019-04-23T19:31:00Z,207.52,207.5661,207.485,207.56
2019-04-23T19:32:00Z,207.565,207.62,207.565,207.585
2019-04-23T19:33:00Z,207.59,207.59,207.5399,207.56
2019-04-23T19:34:00Z,207.555,207.5801,207.51,207.515
2019-04-23T19:35:00Z,207.51,207.6,207.51,207.56
2019-04-23T19:36:00Z,207.55,207.59,207.5115,207.53
2019-04-23T19:37:00Z,207.52,207.54,207.48,207.51
2019-04-23T19:38:00Z,207.51,207.53,207.41,207.42
2019-04-23T19:39:00Z,207.43,207.43,207.37,207.42
2019-04-23T19:40:00Z,207.42,207.42,207.31,207.3199
2019-04-23T19:41:00Z,207.31,207.42,207.26,207.4177
2019-04-23T19:42:00Z,207.415,207.42,207.36,207.37
2019-04-23T19:43:00Z,207.37,207.39,207.29,207.36
2019-04-23T19:44:00Z,207.36,207.37,207.3,207.32
2019-04-23T19:45:00Z,207.31,207.32,207.11,207.125
2019-04-23T19:46:00Z,207.125,207.255,207.12,207.2353
2019-04-23T19:47:00Z,207.24,207.27,207.18,207.19
2019-04-23T19:48:00Z,207.19,207.2551,207.135,207.244
2019-04-23T19:49:00Z,207.24,207.32,207.22,207.24
2019-04-23T19:50:00Z,207.24,207.32,207.22,207.29
2019-04-23T19:51:00Z,207.29,207.31,207.25,207.28
2019-04-23T19:52:00Z,207.275,207.29,207.07,207.17
2019-04-23T19:53:00Z,207.17,207.18,207.07,207.08
2019-04-23T19:54:00Z,207.08,207.11,207,207.11
2019-04-23T19:55:00Z,207.1,207.31,207.1,207.2788
2019-04-23T19:56:00Z,207.2833,207.3,207.23,207.3
2019-04-23T19:57:00Z,207.3,207.33,207.23,207.32
2019-04-23T19:58:00Z,207.32,207.32,207.25,207.27
2019-04-23T19:59:00Z,207.265,207.52,207.265,207.51
