2018-03-19T13:30:00Z,177.37,177.47,177.01,177.01
2018-03-19T13:31:00Z,177.02,177.2,176.8,176.95
2018-03-19T13:32:00Z,176.94,177.05,176.71,176.73
2018-03-19T13:33:00Z,176.72,176.73,176.44,176.5088
2018-03-19T13:34:00Z,176.53,176.87,176.5,176.8556
2018-03-19T13:35:00Z,176.84,176.9,176.7,176.81
2018-03-19T13:36:00Z,176.82,177.03,176.81,177
2018-03-19T13:37:00Z,177,177.02,176.75,176.76
2018-03-19T13:38:00Z,176.75,176.77,176.36,176.399
2018-03-19T13:39:00Z,176.395,176.66,176.29,176.66
2018-03-19T13:40:00Z,176.652,176.71,176.57,176.64
2018-03-19T13:41:00Z,176.647,176.658,176.43,176.52
2018-03-19T13:42:00Z,176.52,176.66,176.51,176.52
2018-03-19T13:43:00Z,176.52,176.52,176.37,176.52
2018-03-19T13:44:00Z,176.53,176.63,176.49,176.539
2018-03-19T13:45:00Z,176.52,176.58,176.4,176.58
2018-03-19T13:46:00Z,176.6,176.75,176.58,176.74
2018-03-19T13:47:00Z,176.7467,176.78,176.66,176.67
2018-03-19T13:48:00Z,176.67,176.69,176.54,176.66
2018-03-19T13:49:00Z,176.66,176.76,176.63,176.76
2018-03-19T13:50:00Z,176.7679,177.03,176.75,177.015
2018-03-19T13:51:00Z,177.02,177.03,176.9,176.92
2018-03-19T13:52:00Z,176.92,177.06,176.91,177.06
2018-03-19T13:53:00Z,177.0675,177.0922,177,177.01
2018-03-19T13:54:00Z,177.015,177.0181,176.87,176.97
2018-03-19T13:55:00Z,176.96,176.995,176.83,176.84
2018-03-19T13:56:00Z,176.86,176.9,176.76,176.8
2018-03-19T13:57:00Z,176.8,176.82,176.64,176.77
2018-03-19T13:58:00Z,176.78,176.85,176.7297,176.78
2018-03-19T13:59:00Z,176.78,176.82,176.7,176.81
2018-03-19T14:00:00Z,176.81,176.88,176.71,176.88
2018-03-19T14:01:00Z,176.88,176.88,176.74,176.84
2018-03-19T14:02:00Z,176.84,176.88,176.65,176.65
2018-03-19T14:03:00Z,176.67,176.82,176.67,176.81
2018-03-19T14:04:00Z,176.82,176.86,176.72,176.72
2018-03-19T14:05:00Z,176.73,176.7486,176.55,176.58
2018-03-19T14:06:00Z,176.56,176.72,176.55,176.6999
2018-03-19T14:07:00Z,176.705,176.72,176.6,176.675
2018-03-19T14:08:00Z,176.67,176.67,176.55,176.5801
2018-03-19T14:09:00Z,176.58,176.66,176.56,176.6
2018-03-19T14:10:00Z,176.57,176.63,176.52,176.56
2018-03-19T14:11:00Z,176.54,176.59,176.4405,176.4738
2018-03-19T14:12:00Z,176.48,176.485,176.3201,176.33
2018-03-19T14:13:00Z,176.33,176.45,176.3,176.43
2018-03-19T14:14:00Z,176.43,176.44,176.26,176.428
2018-03-19T14:15:00Z,176.41,176.5499,176.41,176.48
2018-03-19T14:16:00Z,176.485,176.59,176.48,176.5109
2018-03-19T14:17:00Z,176.5,176.53,176.45,176.4995
2018-03-19T14:18:00Z,176.48,176.48,176.4,176.44
2018-03-19T14:19:00Z,176.45,176.5803,176.415,176.58
2018-03-19T14:20:00Z,176.5902,176.5902,176.43,176.466
2018-03-19T14:21:00Z,176.45,176.52,176.4,176.43
2018-03-19T14:22:00Z,176.4146,176.46,176.3678,176.37
2018-03-19T14:23:00Z,176.37,176.4,176.28,176.3958
2018-03-19T14:24:00Z,176.3954,176.49,176.3,176.4853
2018-03-19T14:25:00Z,176.49,176.54,176.46,176.485
2018-03-19T14:26:00Z,176.4867,176.51,176.4645,176.48
2018-03-19T14:27:00Z,176.49,176.59,176.49,176.5538
2018-03-19T14:28:00Z,176.56,176.5987,176.52,176.54
2018-03-19T14:29:00Z,176.53,176.54,176.4798,176.495
2018-03-19T14:30:00Z,176.49,176.4962,176.3007,176.31
2018-03-19T14:31:00Z,176.3007,176.31,176.2,176.2247
2018-03-19T14:32:00Z,176.2244,176.27,176.2133,176.2645
2018-03-19T14:33:00Z,176.27,176.37,176.27,176.3447
2018-03-19T14:34:00Z,176.35,176.4,176.34,176.35
2018-03-19T14:35:00Z,176.35,176.4,176.335,176.3501
2018-03-19T14:36:00Z,176.355,176.3826,176.285,176.285
2018-03-19T14:37:00Z,176.28,176.31,176.25,176.2848
2018-03-19T14:38:00Z,176.28,176.39,176.28,176.31
2018-03-19T14:39:00Z,176.305,176.32,176.25,176.255
2018-03-19T14:40:00Z,176.26,176.26,176.12,176.17
2018-03-19T14:41:00Z,176.17,176.2,175.9,175.93
2018-03-19T14:42:00Z,175.94,176.1,175.9254,176.08
2018-03-19T14:43:00Z,176.09,176.1,175.95,175.9878
2018-03-19T14:44:00Z,175.99,176.0014,175.75,175.82
2018-03-19T14:45:00Z,175.8154,176.005,175.8033,175.99
2018-03-19T14:46:00Z,175.97,176,175.9,175.96
2018-03-19T14:47:00Z,175.97,175.97,175.88,175.8905
2018-03-19T14:48:00Z,175.9,175.9787,175.87,175.9
2018-03-19T14:49:00Z,175.905,175.9595,175.868,175.9
2018-03-19T14:50:00Z,175.9,175.9,175.8,175.8058
2018-03-19T14:51:00Z,175.805,175.85,175.75,175.85
2018-03-19T14:52:00Z,175.85,175.9547,175.82,175.83
2018-03-19T14:53:00Z,175.84,175.8799,175.73,175.74
2018-03-19T14:54:00Z,175.73,175.82,175.64,175.69
2018-03-19T14:55:00Z,175.68,175.785,175.668,175.668
2018-03-19T14:56:00Z,175.67,175.79,175.63,175.72
2018-03-19T14:57:00Z,175.73,175.7315,175.58,175.67
2018-03-19T14:58:00Z,175.6753,175.82,175.65,175.745
2018-03-19T14:59:00Z,175.75,175.88,175.743,175.84
2018-03-19T15:00:00Z,175.83,175.89,175.76,175.77
2018-03-19T15:01:00Z,175.7653,175.83,175.6014,175.6348
2018-03-19T15:02:00Z,175.64,175.71,175.58,175.7
2018-03-19T15:03:00Z,175.71,175.75,175.63,175.74
2018-03-19T15:04:00Z,175.75,176.5,175.6,175.65
2018-03-19T15:05:00Z,175.667,175.77,175.6,175.76
2018-03-19T15:06:00Z,175.76,175.89,175.73,175.87
2018-03-19T15:07:00Z,175.865,175.97,175.83,175.95
2018-03-19T15:08:00Z,175.931,176.03,175.931,176.01
2018-03-19T15:09:00Z,175.9935,176.03,175.87,175.915
2018-03-19T15:10:00Z,175.914,175.99,175.91,175.9668
2018-03-19T15:11:00Z,175.96,175.9899,175.8698,175.95
2018-03-19T15:12:00Z,175.95,175.95,175.81,175.82
2018-03-19T15:13:00Z,175.81,175.81,175.53,175.54
2018-03-19T15:14:00Z,175.55,175.62,175.51,175.57
2018-03-19T15:15:00Z,175.59,175.59,175.3,175.3143
2018-03-19T15:16:00Z,175.3237,175.55,175.32,175.51
2018-03-19T15:17:00Z,175.5007,175.59,175.45,175.5468
2018-03-19T15:18:00Z,175.55,175.56,175.46,175.51
2018-03-19T15:19:00Z,175.515,175.5701,175.49,175.545
2018-03-19T15:20:00Z,175.55,175.57,175.46,175.5366
2018-03-19T15:21:00Z,175.54,175.69,175.53,175.63
2018-03-19T15:22:00Z,175.6,175.67,175.6,175.63
2018-03-19T15:23:00Z,175.6301,175.6601,175.55,175.58
2018-03-19T15:24:00Z,175.57,175.63,175.5518,175.6
2018-03-19T15:25:00Z,175.6,175.725,175.6,175.701
2018-03-19T15:26:00Z,175.7397,175.7399,175.56,175.66
2018-03-19T15:27:00Z,175.66,175.7757,175.59,175.7753
2018-03-19T15:28:00Z,175.77,175.85,175.69,175.72
2018-03-19T15:29:00Z,175.72,175.78,175.67,175.76
2018-03-19T15:30:00Z,175.77,175.7701,175.62,175.63
2018-03-19T15:31:00Z,175.61,175.72,175.61,175.69
2018-03-19T15:32:00Z,175.68,175.68,175.4601,175.54
2018-03-19T15:33:00Z,175.53,175.7,175.53,175.68
2018-03-19T15:34:00Z,175.68,175.7185,175.645,175.6965
2018-03-19T15:35:00Z,175.69,175.69,175.5701,175.59
2018-03-19T15:36:00Z,175.61,175.63,175.49,175.59
2018-03-19T15:37:00Z,175.59,175.63,175.45,175.49
2018-03-19T15:38:00Z,175.49,175.5699,175.46,175.5
2018-03-19T15:39:00Z,175.51,175.555,175.42,175.45
2018-03-19T15:40:00Z,175.44,175.45,175.29,175.3305
2018-03-19T15:41:00Z,175.33,175.33,175.23,175.2496
2018-03-19T15:42:00Z,175.26,175.316,175.23,175.2499
2018-03-19T15:43:00Z,175.245,175.32,175.15,175.315
2018-03-19T15:44:00Z,175.31,175.345,175.12,175.145
2018-03-19T15:45:00Z,175.15,175.17,175.03,175.08
2018-03-19T15:46:00Z,175.09,175.14,175.01,175.03
2018-03-19T15:47:00Z,175.04,175.09,175.02,175.09
2018-03-19T15:48:00Z,175.08,175.2,175.08,175.16
2018-03-19T15:49:00Z,175.17,175.22,175.1176,175.1987
2018-03-19T15:50:00Z,175.21,175.3,175.07,175.3
2018-03-19T15:51:00Z,175.3,175.3565,175.23,175.35
2018-03-19T15:52:00Z,175.34,175.36,175.225,175.28
2018-03-19T15:53:00Z,175.28,175.37,175.28,175.3501
2018-03-19T15:54:00Z,175.3548,175.3548,175.13,175.19
2018-03-19T15:55:00Z,175.19,175.26,174.86,174.94
2018-03-19T15:56:00Z,174.93,174.975,174.81,174.84
2018-03-19T15:57:00Z,174.85,174.86,174.57,174.6
2018-03-19T15:58:00Z,174.58,174.7698,174.57,174.6
2018-03-19T15:59:00Z,174.6051,174.6901,174.51,174.67
2018-03-19T16:00:00Z,174.68,174.74,174.66,174.735
2018-03-19T16:01:00Z,174.7348,174.8699,174.7317,174.83
2018-03-19T16:02:00Z,174.835,174.93,174.62,174.62
2018-03-19T16:03:00Z,174.61,174.72,174.52,174.69
2018-03-19T16:04:00Z,174.71,174.74,174.54,174.572
2018-03-19T16:05:00Z,174.56,174.85,174.56,174.83
2018-03-19T16:06:00Z,174.8397,174.95,174.75,174.95
2018-03-19T16:07:00Z,174.95,174.96,174.8401,174.93
2018-03-19T16:08:00Z,174.9418,175.06,174.86,174.89
2018-03-19T16:09:00Z,174.9,174.92,174.7901,174.855
2018-03-19T16:10:00Z,174.87,174.97,174.835,174.85
2018-03-19T16:11:00Z,174.83,175.0463,174.77,174.83
2018-03-19T16:12:00Z,174.84,174.9,174.78,174.82
2018-03-19T16:13:00Z,174.8143,174.99,174.78,174.9
2018-03-19T16:14:00Z,174.9,174.9552,174.86,174.91
2018-03-19T16:15:00Z,174.91,174.94,174.81,174.83
2018-03-19T16:16:00Z,174.83,174.83,174.75,174.78
2018-03-19T16:17:00Z,174.78,174.99,174.78,174.99
2018-03-19T16:18:00Z,174.98,175,174.89,174.91
2018-03-19T16:19:00Z,174.9,174.98,174.785,174.94
2018-03-19T16:20:00Z,174.93,174.98,174.84,174.98
2018-03-19T16:21:00Z,174.97,175.115,174.8,175.0778
2018-03-19T16:22:00Z,175.07,175.21,175.06,175.21
2018-03-19T16:23:00Z,175.22,175.31,175.17,175.31
2018-03-19T16:24:00Z,175.29,175.32,175.1972,175.27
2018-03-19T16:25:00Z,175.26,175.26,175.06,175.07
2018-03-19T16:26:00Z,175.06,175.19,175.06,175.09
2018-03-19T16:27:00Z,175.09,175.29,175.07,175.29
2018-03-19T16:28:00Z,175.3,175.32,175.22,175.29
2018-03-19T16:29:00Z,175.3,175.37,175.27,175.33
2018-03-19T16:30:00Z,175.3399,175.39,175.2,175.26
2018-03-19T16:31:00Z,175.26,175.3,174.97,175.01
2018-03-19T16:32:00Z,175.01,175.1,174.89,174.97
2018-03-19T16:33:00Z,174.95,175.02,174.8101,174.83
2018-03-19T16:34:00Z,174.84,174.93,174.7714,174.88
2018-03-19T16:35:00Z,174.9,175.0142,174.89,174.97
2018-03-19T16:36:00Z,174.97,174.97,174.87,174.96
2018-03-19T16:37:00Z,174.97,174.98,174.86,174.9449
2018-03-19T16:38:00Z,174.95,175.005,174.87,174.88
2018-03-19T16:39:00Z,174.88,174.96,174.83,174.89
2018-03-19T16:40:00Z,174.9,174.9,174.81,174.84
2018-03-19T16:41:00Z,174.84,174.88,174.8,174.876
2018-03-19T16:42:00Z,174.8747,174.93,174.86,174.898
2018-03-19T16:43:00Z,174.9,174.91,174.79,174.83
2018-03-19T16:44:00Z,174.83,174.87,174.75,174.7551
2018-03-19T16:45:00Z,174.75,174.76,174.51,174.56
2018-03-19T16:46:00Z,174.5545,174.59,174.19,174.29
2018-03-19T16:47:00Z,174.29,174.38,174.26,174.34
2018-03-19T16:48:00Z,174.34,174.34,174.205,174.27
2018-03-19T16:49:00Z,174.28,174.3199,174.04,174.1
2018-03-19T16:50:00Z,174.09,174.1798,174.03,174.06
2018-03-19T16:51:00Z,174.07,174.23,174.04,174.17
2018-03-19T16:52:00Z,174.18,174.25,174.11,174.135
2018-03-19T16:53:00Z,174.14,174.18,174.095,174.16
2018-03-19T16:54:00Z,174.1501,174.44,174.1501,174.44
2018-03-19T16:55:00Z,174.44,174.58,174.42,174.54
2018-03-19T16:56:00Z,174.54,174.58,174.48,174.5035
2018-03-19T16:57:00Z,174.5,174.53,174.44,174.4499
2018-03-19T16:58:00Z,174.45,174.6,174.4448,174.5
2018-03-19T16:59:00Z,174.5,174.585,174.47,174.52
2018-03-19T17:00:00Z,174.51,174.62,174.3825,174.595
2018-03-19T17:01:00Z,174.59,174.59,174.311,174.38
2018-03-19T17:02:00Z,174.4,174.4365,174.32,174.3629
2018-03-19T17:03:00Z,174.36,174.42,174.27,174.34
2018-03-19T17:04:00Z,174.33,174.36,174.2215,174.23
2018-03-19T17:05:00Z,174.24,174.2861,174.15,174.23
2018-03-19T17:06:00Z,174.22,174.22,174.1,174.1332
2018-03-19T17:07:00Z,174.14,174.25,174.1,174.22
2018-03-19T17:08:00Z,174.2132,174.2132,173.77,173.85
2018-03-19T17:09:00Z,173.85,173.95,173.77,173.81
2018-03-19T17:10:00Z,173.83,173.87,173.66,173.69
2018-03-19T17:11:00Z,173.7,173.77,173.69,173.7011
2018-03-19T17:12:00Z,173.7122,173.8,173.7,173.7749
2018-03-19T17:13:00Z,173.771,173.82,173.74,173.74
2018-03-19T17:14:00Z,173.728,173.94,173.728,173.936
2018-03-19T17:15:00Z,173.93,173.98,173.9,173.9046
2018-03-19T17:16:00Z,173.91,174.03,173.91,174.018
2018-03-19T17:17:00Z,174.03,174.29,174.025,174.22
2018-03-19T17:18:00Z,174.21,174.2999,174.161,174.29
2018-03-19T17:19:00Z,174.3,174.3217,174.21,174.287
2018-03-19T17:20:00Z,174.27,174.28,174.11,174.11
2018-03-19T17:21:00Z,174.11,174.17,174.01,174.08
2018-03-19T17:22:00Z,174.0799,174.17,174.05,174.14
2018-03-19T17:23:00Z,174.14,174.21,174.07,174.07
2018-03-19T17:24:00Z,174.08,174.15,174.03,174.03
2018-03-19T17:25:00Z,174.025,174.06,173.98,174.035
2018-03-19T17:26:00Z,174.05,174.08,173.8019,174.015
2018-03-19T17:27:00Z,174.01,174.0501,173.95,174.0018
2018-03-19T17:28:00Z,173.9988,174.06,173.95,174
2018-03-19T17:29:00Z,174.005,174.22,173.86,174.1901
2018-03-19T17:30:00Z,174.19,174.42,174.13,174.335
2018-03-19T17:31:00Z,174.3499,174.36,174.18,174.27
2018-03-19T17:32:00Z,174.2576,174.4,174.21,174.28
2018-03-19T17:33:00Z,174.2702,174.47,174.27,174.44
2018-03-19T17:34:00Z,174.44,174.445,174.29,174.32
2018-03-19T17:35:00Z,174.325,174.3309,174.18,174.28
2018-03-19T17:36:00Z,174.28,174.39,174.25,174.37
2018-03-19T17:37:00Z,174.38,174.4551,174.3,174.45
2018-03-19T17:38:00Z,174.44,174.62,174.39,174.55
2018-03-19T17:39:00Z,174.56,174.66,174.53,174.5999
2018-03-19T17:40:00Z,174.61,174.72,174.61,174.7101
2018-03-19T17:41:00Z,174.715,174.715,174.53,174.61
2018-03-19T17:42:00Z,174.6,174.6,174.53,174.54
2018-03-19T17:43:00Z,174.55,174.65,174.53,174.58
2018-03-19T17:44:00Z,174.585,174.61,174.55,174.58
2018-03-19T17:45:00Z,174.56,174.62,174.51,174.6
2018-03-19T17:46:00Z,174.6,174.73,174.57,174.69
2018-03-19T17:47:00Z,174.69,174.7488,174.65,174.65
2018-03-19T17:48:00Z,174.64,174.72,174.53,174.56
2018-03-19T17:49:00Z,174.55,174.6499,174.51,174.569
2018-03-19T17:50:00Z,174.56,174.56,174.24,174.2414
2018-03-19T17:51:00Z,174.23,174.28,174.1,174.15
2018-03-19T17:52:00Z,174.1472,174.242,174.14,174.17
2018-03-19T17:53:00Z,174.18,174.2652,174.14,174.215
2018-03-19T17:54:00Z,174.22,174.25,174.07,174.0799
2018-03-19T17:55:00Z,174.08,174.129,174.04,174.06
2018-03-19T17:56:00Z,174.06,174.3,174.03,174.27
2018-03-19T17:57:00Z,174.27,174.34,174.24,174.24
2018-03-19T17:58:00Z,174.242,174.36,174.18,174.36
2018-03-19T17:59:00Z,174.36,174.56,174.3422,174.48
2018-03-19T18:00:00Z,174.4899,174.66,174.44,174.61
2018-03-19T18:01:00Z,174.61,174.64,174.4763,174.4862
2018-03-19T18:02:00Z,174.48,174.67,174.47,174.65
2018-03-19T18:03:00Z,174.6468,174.775,174.62,174.76
2018-03-19T18:04:00Z,174.76,174.86,174.74,174.82
2018-03-19T18:05:00Z,174.82,174.83,174.71,174.76
2018-03-19T18:06:00Z,174.76,174.88,174.76,174.83
2018-03-19T18:07:00Z,174.8361,174.8361,174.7055,174.72
2018-03-19T18:08:00Z,174.73,174.77,174.68,174.74
2018-03-19T18:09:00Z,174.74,174.78,174.66,174.6751
2018-03-19T18:10:00Z,174.68,174.73,174.56,174.58
2018-03-19T18:11:00Z,174.59,174.6236,174.57,174.605
2018-03-19T18:12:00Z,174.61,174.73,174.59,174.65
2018-03-19T18:13:00Z,174.6562,174.659,174.505,174.55
2018-03-19T18:14:00Z,174.5299,174.55,174.42,174.4732
2018-03-19T18:15:00Z,174.48,174.53,174.44,174.52
2018-03-19T18:16:00Z,174.52,174.61,174.51,174.54
2018-03-19T18:17:00Z,174.54,174.57,174.47,174.54
2018-03-19T18:18:00Z,174.5302,174.59,174.42,174.43
2018-03-19T18:19:00Z,174.42,174.49,174.34,174.36
2018-03-19T18:20:00Z,174.3599,174.37,174.2302,174.29
2018-03-19T18:21:00Z,174.27,174.27,174.1848,174.1899
2018-03-19T18:22:00Z,174.18,174.23,174.14,174.1701
2018-03-19T18:23:00Z,174.19,174.24,174.14,174.21
2018-03-19T18:24:00Z,174.235,174.285,174.11,174.13
2018-03-19T18:25:00Z,174.14,174.24,174.1299,174.24
2018-03-19T18:26:00Z,174.23,174.36,174.21,174.36
2018-03-19T18:27:00Z,174.36,174.42,174.3099,174.31
2018-03-19T18:28:00Z,174.31,174.32,174.24,174.3168
2018-03-19T18:29:00Z,174.32,174.39,174.29,174.3
2018-03-19T18:30:00Z,174.29,174.32,174.14,174.18
2018-03-19T18:31:00Z,174.18,174.32,174.14,174.29
2018-03-19T18:32:00Z,174.29,174.299,174.1,174.13
2018-03-19T18:33:00Z,174.12,174.35,174.12,174.28
2018-03-19T18:34:00Z,174.28,174.3,174.15,174.21
2018-03-19T18:35:00Z,174.21,174.21,174.11,174.17
2018-03-19T18:36:00Z,174.16,174.17,174.08,174.16
2018-03-19T18:37:00Z,174.15,174.15,174.03,174.07
2018-03-19T18:38:00Z,174.08,174.08,173.84,173.87
2018-03-19T18:39:00Z,173.86,174.13,173.86,174.02
2018-03-19T18:40:00Z,174.0101,174.0101,173.83,173.91
2018-03-19T18:41:00Z,173.9201,174,173.92,174
2018-03-19T18:42:00Z,174,174.07,173.96,174.07
2018-03-19T18:43:00Z,174.06,174.3,174.05,174.3
2018-03-19T18:44:00Z,174.29,174.5,174.28,174.48
2018-03-19T18:45:00Z,174.45,174.54,174.4,174.47
2018-03-19T18:46:00Z,174.46,174.48,174.33,174.48
2018-03-19T18:47:00Z,174.485,174.51,174.38,174.5
2018-03-19T18:48:00Z,174.48,174.6,174.44,174.46
2018-03-19T18:49:00Z,174.46,174.4711,174.32,174.39
2018-03-19T18:50:00Z,174.38,174.3824,174.28,174.3701
2018-03-19T18:51:00Z,174.36,174.43,174.31,174.41
2018-03-19T18:52:00Z,174.4,174.71,174.4,174.71
2018-03-19T18:53:00Z,174.69,174.75,174.66,174.68
2018-03-19T18:54:00Z,174.67,174.8,174.65,174.8
2018-03-19T18:55:00Z,174.78,174.82,174.75,174.75
2018-03-19T18:56:00Z,174.73,174.8,174.71,174.71
2018-03-19T18:57:00Z,174.73,174.8,174.64,174.64
2018-03-19T18:58:00Z,174.65,174.74,174.61,174.69
2018-03-19T18:59:00Z,174.67,174.7287,174.6,174.64
2018-03-19T19:00:00Z,174.6187,174.62,174.37,174.52
2018-03-19T19:01:00Z,174.5,174.5015,174.3775,174.4251
2018-03-19T19:02:00Z,174.43,174.5,174.32,174.4684
2018-03-19T19:03:00Z,174.45,174.53,174.4149,174.4848
2018-03-19T19:04:00Z,174.48,174.62,174.47,174.6099
2018-03-19T19:05:00Z,174.61,174.6697,174.54,174.63
2018-03-19T19:06:00Z,174.63,174.83,174.6,174.765
2018-03-19T19:07:00Z,174.73,174.82,174.52,174.531
2018-03-19T19:08:00Z,174.5377,174.559,174.4,174.4488
2018-03-19T19:09:00Z,174.46,174.64,174.45,174.4902
2018-03-19T19:10:00Z,174.5021,174.61,174.47,174.535
2018-03-19T19:11:00Z,174.53,174.68,174.53,174.5948
2018-03-19T19:12:00Z,174.59,174.635,174.55,174.555
2018-03-19T19:13:00Z,174.535,174.59,174.53,174.55
2018-03-19T19:14:00Z,174.54,174.75,174.525,174.73
2018-03-19T19:15:00Z,174.73,174.8,174.7,174.79
2018-03-19T19:16:00Z,174.8,174.91,174.8,174.91
2018-03-19T19:17:00Z,174.89,174.965,174.85,174.915
2018-03-19T19:18:00Z,174.92,175.17,174.915,175.1398
2018-03-19T19:19:00Z,175.13,175.24,175.05,175.15
2018-03-19T19:20:00Z,175.15,175.33,175.08,175.08
2018-03-19T19:21:00Z,175.09,175.1,174.93,174.95
2018-03-19T19:22:00Z,174.95,174.95,174.75,174.775
2018-03-19T19:23:00Z,174.78,174.87,174.74,174.84
2018-03-19T19:24:00Z,174.84,174.8901,174.7,174.71
2018-03-19T19:25:00Z,174.7228,174.83,174.7,174.7
2018-03-19T19:26:00Z,174.705,174.8614,174.68,174.7616
2018-03-19T19:27:00Z,174.76,174.76,174.66,174.67
2018-03-19T19:28:00Z,174.6759,174.77,174.62,174.74
2018-03-19T19:29:00Z,174.75,174.85,174.74,174.78
2018-03-19T19:30:00Z,174.78,174.8248,174.66,174.68
2018-03-19T19:31:00Z,174.68,174.69,174.6,174.6
2018-03-19T19:32:00Z,174.61,174.7,174.5869,174.68
2018-03-19T19:33:00Z,174.67,174.68,174.54,174.5557
2018-03-19T19:34:00Z,174.56,174.66,174.56,174.62
2018-03-19T19:35:00Z,174.62,174.62,174.5305,174.5452
2018-03-19T19:36:00Z,174.54,174.79,174.54,174.76
2018-03-19T19:37:00Z,174.75,174.87,174.7,174.84
2018-03-19T19:38:00Z,174.84,174.9869,174.82,174.98
2018-03-19T19:39:00Z,174.975,175.07,174.95,174.99
2018-03-19T19:40:00Z,174.97,174.97,174.8,174.9002
2018-03-19T19:41:00Z,174.89,175.06,174.86,175
2018-03-19T19:42:00Z,174.99,175.12,174.965,175.1
2018-03-19T19:43:00Z,175.105,175.13,175.03,175.123
2018-03-19T19:44:00Z,175.12,175.12,174.9,174.91
2018-03-19T19:45:00Z,174.9,175.27,174.88,175.14
2018-03-19T19:46:00Z,175.136,175.29,175.09,175.26
2018-03-19T19:47:00Z,175.255,175.2591,175.07,175.19
2018-03-19T19:48:00Z,175.16,175.21,175.08,175.18
2018-03-19T19:49:00Z,175.18,175.27,175.145,175.16
2018-03-19T19:50:00Z,175.15,175.17,174.87,175.08
2018-03-19T19:51:00Z,175.07,175.11,174.9,175
2018-03-19T19:52:00Z,175,175.02,174.92,174.97
2018-03-19T19:53:00Z,174.97,175.19,174.965,175
2018-03-19T19:54:00Z,175,175.03,174.96,175.01
2018-03-19T19:55:00Z,174.992,175.12,174.989,175.1
2018-03-19T19:56:00Z,175.09,175.16,175.02,175.08
2018-03-19T19:57:00Z,175.09,175.36,175.08,175.28
2018-03-19T19:58:00Z,175.28,175.42,175.22,175.27
2018-03-19T19:59:00Z,175.27,175.38,175.22,175.27
