2019-04-08T13:30:00Z,196.42,196.93,196.34,196.6421
2019-04-08T13:31:00Z,196.715,197.17,196.66,197.07
2019-04-08T13:32:00Z,197.05,197.4234,196.95,197.225
2019-04-08T13:33:00Z,197.22,197.36,197.17,197.3
2019-04-08T13:34:00Z,197.3,197.31,196.66,196.86
2019-04-08T13:35:00Z,196.8871,197.41,196.8871,197.2904
2019-04-08T13:36:00Z,197.31,197.37,197.06,197.31
2019-04-08T13:37:00Z,197.3223,197.34,197.21,197.23
2019-04-08T13:38:00Z,197.2,197.25,197.07,197.2
2019-04-08T13:39:00Z,197.215,197.65,197.14,197.55
2019-04-08T13:40:00Z,197.57,197.88,197.48,197.7
2019-04-08T13:41:00Z,197.69,197.85,197.6,197.84
2019-04-08T13:42:00Z,197.81,197.8249,197.6,197.6456
2019-04-08T13:43:00Z,197.66,197.7,197.4384,197.66
2019-04-08T13:44:00Z,197.66,197.79,197.61,197.6829
2019-04-08T13:45:00Z,197.67,197.67,197.42,197.4886
2019-04-08T13:46:00Z,197.4748,197.85,197.36,197.68
2019-04-08T13:47:00Z,197.6715,197.8,197.6413,197.79
2019-04-08T13:48:00Z,197.81,197.81,197.51,197.555
2019-04-08T13:49:00Z,197.54,197.8024,197.5,197.8
2019-04-08T13:50:00Z,197.8,197.81,197.6,197.62
2019-04-08T13:51:00Z,197.62,197.67,197.4538,197.49
2019-04-08T13:52:00Z,197.49,197.49,197.33,197.45
2019-04-08T13:53:00Z,197.46,197.5667,197.35,197.35
2019-04-08T13:54:00Z,197.35,197.43,197.29,197.41
2019-04-08T13:55:00Z,197.43,197.7209,197.42,197.71
2019-04-08T13:56:00Z,197.7089,197.72,197.54,197.61
2019-04-08T13:57:00Z,197.63,197.73,197.57,197.7096
2019-04-08T13:58:00Z,197.6942,197.9067,197.68,197.81
2019-04-08T13:59:00Z,197.805,197.81,197.63,197.79
2019-04-08T14:00:00Z,197.79,197.79,197.52,197.7
2019-04-08T14:01:00Z,197.69,197.7,197.6,197.67
2019-04-08T14:02:00Z,197.67,197.7254,197.4601,197.5229
2019-04-08T14:03:00Z,197.59,197.66,197.4,197.42
2019-04-08T14:04:00Z,197.43,197.49,197.36,197.4
2019-04-08T14:05:00Z,197.4026,197.51,197.3,197.43
2019-04-08T14:06:00Z,197.4101,197.48,197.3,197.31
2019-04-08T14:07:00Z,197.32,197.33,197.19,197.29
2019-04-08T14:08:00Z,197.3,197.4276,197.3,197.33
2019-04-08T14:09:00Z,197.32,197.39,197.27,197.3
2019-04-08T14:10:00Z,197.28,197.35,197.23,197.345
2019-04-08T14:11:00Z,197.345,197.435,197.33,197.35
2019-04-08T14:12:00Z,197.35,197.4369,197.34,197.4261
2019-04-08T14:13:00Z,197.44,197.5313,197.4,197.41
2019-04-08T14:14:00Z,197.4225,197.6,197.42,197.55
2019-04-08T14:15:00Z,197.56,197.65,197.5037,197.5037
2019-04-08T14:16:00Z,197.5001,197.67,197.5,197.64
2019-04-08T14:17:00Z,197.63,197.6885,197.49,197.55
2019-04-08T14:18:00Z,197.55,197.59,197.49,197.59
2019-04-08T14:19:00Z,197.59,197.67,197.53,197.607
2019-04-08T14:20:00Z,197.6119,197.63,197.5168,197.52
2019-04-08T14:21:00Z,197.55,197.57,197.43,197.56
2019-04-08T14:22:00Z,197.55,197.55,197.41,197.455
2019-04-08T14:23:00Z,197.47,197.51,197.4,197.43
2019-04-08T14:24:00Z,197.44,197.52,197.44,197.49
2019-04-08T14:25:00Z,197.4946,197.525,197.46,197.51
2019-04-08T14:26:00Z,197.5218,197.57,197.51,197.52
2019-04-08T14:27:00Z,197.52,197.6,197.48,197.5
2019-04-08T14:28:00Z,197.5,197.56,197.49,197.55
2019-04-08T14:29:00Z,197.5539,197.6187,197.5201,197.58
2019-04-08T14:30:00Z,197.5891,197.708,197.51,197.695
2019-04-08T14:31:00Z,197.72,197.86,197.67,197.83
2019-04-08T14:32:00Z,197.845,198.07,197.84,198.07
2019-04-08T14:33:00Z,198.065,198.15,198.01,198.1424
2019-04-08T14:34:00Z,198.13,198.1599,198,198.07
2019-04-08T14:35:00Z,198.07,198.23,198.06,198.176
2019-04-08T14:36:00Z,198.18,198.24,198.15,198.24
2019-04-08T14:37:00Z,198.2306,198.33,198.19,198.2843
2019-04-08T14:38:00Z,198.29,198.45,198.26,198.27
2019-04-08T14:39:00Z,198.275,198.29,198.16,198.21
2019-04-08T14:40:00Z,198.21,198.28,198.18,198.19
2019-04-08T14:41:00Z,198.1949,198.3399,198.18,198.32
2019-04-08T14:42:00Z,198.32,198.3814,198.2495,198.38
2019-04-08T14:43:00Z,198.3799,198.5,198.35,198.4934
2019-04-08T14:44:00Z,198.49,198.495,198.39,198.41
2019-04-08T14:45:00Z,198.4,198.41,198.31,198.365
2019-04-08T14:46:00Z,198.36,198.42,198.23,198.4
2019-04-08T14:47:00Z,198.4,198.55,198.4,198.51
2019-04-08T14:48:00Z,198.51,198.51,198.3728,198.47
2019-04-08T14:49:00Z,198.463,198.49,198.32,198.39
2019-04-08T14:50:00Z,198.39,198.45,198.3701,198.41
2019-04-08T14:51:00Z,198.41,198.4694,198.37,198.41
2019-04-08T14:52:00Z,198.415,198.61,198.41,198.58
2019-04-08T14:53:00Z,198.576,198.7,198.5,198.7
2019-04-08T14:54:00Z,198.69,198.74,198.563,198.58
2019-04-08T14:55:00Z,198.58,198.65,198.52,198.6199
2019-04-08T14:56:00Z,198.62,198.6601,198.51,198.51
2019-04-08T14:57:00Z,198.52,198.61,198.47,198.6
2019-04-08T14:58:00Z,198.62,198.7,198.61,198.61
2019-04-08T14:59:00Z,198.63,198.75,198.62,198.7001
2019-04-08T15:00:00Z,198.7,198.78,198.67,198.7697
2019-04-08T15:01:00Z,198.77,198.89,198.764,198.89
2019-04-08T15:02:00Z,198.87,198.94,198.77,198.94
2019-04-08T15:03:00Z,198.95,199.16,198.925,199.1309
2019-04-08T15:04:00Z,199.13,199.28,199.12,199.155
2019-04-08T15:05:00Z,199.155,199.33,199.155,199.3231
2019-04-08T15:06:00Z,199.32,199.3329,199.08,199.14
2019-04-08T15:07:00Z,199.13,199.22,199.11,199.1103
2019-04-08T15:08:00Z,199.14,199.14,198.89,198.91
2019-04-08T15:09:00Z,198.93,199.1,198.93,199.0318
2019-04-08T15:10:00Z,199.04,199.09,198.99,199.0431
2019-04-08T15:11:00Z,199.05,199.17,199.0472,199.14
2019-04-08T15:12:00Z,199.15,199.24,199.1238,199.1706
2019-04-08T15:13:00Z,199.17,199.2397,199.05,199.2186
2019-04-08T15:14:00Z,199.22,199.2267,199.06,199.16
2019-04-08T15:15:00Z,199.17,199.33,199.15,199.2561
2019-04-08T15:16:00Z,199.256,199.256,199.01,199.05
2019-04-08T15:17:00Z,199.05,199.07,199.01,199.03
2019-04-08T15:18:00Z,199.03,199.04,198.91,199
2019-04-08T15:19:00Z,199.0103,199.07,198.85,198.91
2019-04-08T15:20:00Z,198.91,198.965,198.76,198.78
2019-04-08T15:21:00Z,198.78,198.88,198.75,198.8104
2019-04-08T15:22:00Z,198.815,199.09,198.8,198.98
2019-04-08T15:23:00Z,198.97,199.105,198.97,199.1
2019-04-08T15:24:00Z,199.09,199.16,199.03,199.09
2019-04-08T15:25:00Z,199.0979,199.37,199.0979,199.32
2019-04-08T15:26:00Z,199.3139,199.34,199.08,199.0845
2019-04-08T15:27:00Z,199.0872,199.14,199.01,199.01
2019-04-08T15:28:00Z,199.03,199.13,199.03,199.1073
2019-04-08T15:29:00Z,199.1062,199.14,199.07,199.11
2019-04-08T15:30:00Z,199.1,199.36,199.095,199.3145
2019-04-08T15:31:00Z,199.311,199.32,199.19,199.22
2019-04-08T15:32:00Z,199.225,199.3,199.22,199.26
2019-04-08T15:33:00Z,199.27,199.4,199.27,199.37
2019-04-08T15:34:00Z,199.37,199.4,199.27,199.35
2019-04-08T15:35:00Z,199.37,199.41,199.33,199.34
2019-04-08T15:36:00Z,199.32,199.41,199.32,199.405
2019-04-08T15:37:00Z,199.4,199.45,199.37,199.435
2019-04-08T15:38:00Z,199.434,199.49,199.41,199.41
2019-04-08T15:39:00Z,199.41,199.4112,199.25,199.32
2019-04-08T15:40:00Z,199.32,199.42,199.3115,199.36
2019-04-08T15:41:00Z,199.36,199.38,199.26,199.27
2019-04-08T15:42:00Z,199.27,199.4,199.26,199.39
2019-04-08T15:43:00Z,199.39,199.5,199.39,199.4541
2019-04-08T15:44:00Z,199.45,199.49,199.37,199.402
2019-04-08T15:45:00Z,199.41,199.45,199.28,199.28
2019-04-08T15:46:00Z,199.2836,199.3,199.1,199.22
2019-04-08T15:47:00Z,199.215,199.3294,199.215,199.3294
2019-04-08T15:48:00Z,199.3176,199.42,199.302,199.35
2019-04-08T15:49:00Z,199.355,199.4,199.1,199.234
2019-04-08T15:50:00Z,199.24,199.28,199.13,199.275
2019-04-08T15:51:00Z,199.2701,199.295,199.17,199.17
2019-04-08T15:52:00Z,199.17,199.2,199.09,199.15
2019-04-08T15:53:00Z,199.14,199.2,199.01,199.07
2019-04-08T15:54:00Z,199.0854,199.22,199.07,199.17
2019-04-08T15:55:00Z,199.16,199.16,199.03,199.08
2019-04-08T15:56:00Z,199.08,199.17,199.0688,199.13
2019-04-08T15:57:00Z,199.12,199.16,199.06,199.115
2019-04-08T15:58:00Z,199.11,199.18,199.1,199.17
2019-04-08T15:59:00Z,199.17,199.24,199.15,199.17
2019-04-08T16:00:00Z,199.18,199.25,199.18,199.21
2019-04-08T16:01:00Z,199.22,199.24,199.08,199.11
2019-04-08T16:02:00Z,199.1198,199.13,199.01,199.05
2019-04-08T16:03:00Z,199.05,199.06,198.86,198.87
2019-04-08T16:04:00Z,198.88,199.08,198.88,198.95
2019-04-08T16:05:00Z,198.95,199,198.84,199
2019-04-08T16:06:00Z,199,199.01,198.85,198.86
2019-04-08T16:07:00Z,198.85,198.88,198.75,198.81
2019-04-08T16:08:00Z,198.83,198.93,198.76,198.76
2019-04-08T16:09:00Z,198.765,198.765,198.61,198.69
2019-04-08T16:10:00Z,198.675,198.72,198.63,198.683
2019-04-08T16:11:00Z,198.7,198.77,198.67,198.765
2019-04-08T16:12:00Z,198.77,198.82,198.7,198.76
2019-04-08T16:13:00Z,198.76,198.85,198.7141,198.85
2019-04-08T16:14:00Z,198.845,198.85,198.75,198.8346
2019-04-08T16:15:00Z,198.83,198.8499,198.8143,198.8413
2019-04-08T16:16:00Z,198.84,198.91,198.7934,198.88
2019-04-08T16:17:00Z,198.875,198.91,198.8,198.809
2019-04-08T16:18:00Z,198.8,198.85,198.8,198.805
2019-04-08T16:19:00Z,198.8,198.8239,198.71,198.74
2019-04-08T16:20:00Z,198.75,198.79,198.7,198.72
2019-04-08T16:21:00Z,198.72,198.75,198.64,198.7188
2019-04-08T16:22:00Z,198.7131,198.8,198.71,198.7995
2019-04-08T16:23:00Z,198.785,198.86,198.7813,198.84
2019-04-08T16:24:00Z,198.84,198.86,198.76,198.76
2019-04-08T16:25:00Z,198.77,198.87,198.7501,198.785
2019-04-08T16:26:00Z,198.79,199,198.79,198.975
2019-04-08T16:27:00Z,198.975,199,198.9,198.9399
2019-04-08T16:28:00Z,198.935,198.935,198.8415,198.875
2019-04-08T16:29:00Z,198.875,198.91,198.8,198.8
2019-04-08T16:30:00Z,198.8,198.81,198.74,198.8
2019-04-08T16:31:00Z,198.79,198.83,198.79,198.8103
2019-04-08T16:32:00Z,198.81,198.92,198.81,198.84
2019-04-08T16:33:00Z,198.84,198.86,198.76,198.84
2019-04-08T16:34:00Z,198.8448,198.88,198.84,198.87
2019-04-08T16:35:00Z,198.88,198.96,198.8701,198.94
2019-04-08T16:36:00Z,198.9442,198.9442,198.71,198.72
2019-04-08T16:37:00Z,198.74,198.81,198.71,198.71
2019-04-08T16:38:00Z,198.7,198.85,198.7,198.75
2019-04-08T16:39:00Z,198.7555,198.89,198.74,198.8
2019-04-08T16:40:00Z,198.8,198.9,198.78,198.78
2019-04-08T16:41:00Z,198.79,198.8732,198.79,198.83
2019-04-08T16:42:00Z,198.83,198.8808,198.83,198.87
2019-04-08T16:43:00Z,198.87,198.87,198.81,198.83
2019-04-08T16:44:00Z,198.8368,198.93,198.76,198.93
2019-04-08T16:45:00Z,198.9356,198.9799,198.88,198.97
2019-04-08T16:46:00Z,198.975,199.16,198.975,199.1545
2019-04-08T16:47:00Z,199.1555,199.22,199.1555,199.2
2019-04-08T16:48:00Z,199.2029,199.21,199.12,199.15
2019-04-08T16:49:00Z,199.1562,199.2,199.11,199.185
2019-04-08T16:50:00Z,199.1852,199.29,199.18,199.26
2019-04-08T16:51:00Z,199.24,199.28,199.185,199.195
2019-04-08T16:52:00Z,199.19,199.2564,199.1801,199.245
2019-04-08T16:53:00Z,199.245,199.26,199.1,199.225
2019-04-08T16:54:00Z,199.22,199.28,199.16,199.19
2019-04-08T16:55:00Z,199.1926,199.259,199.19,199.23
2019-04-08T16:56:00Z,199.23,199.25,199.2,199.21
2019-04-08T16:57:00Z,199.2236,199.28,199.1401,199.1401
2019-04-08T16:58:00Z,199.15,199.2,199.11,199.2
2019-04-08T16:59:00Z,199.2015,199.24,199.15,199.17
2019-04-08T17:00:00Z,199.18,199.27,199.13,199.14
2019-04-08T17:01:00Z,199.14,199.25,199.14,199.21
2019-04-08T17:02:00Z,199.22,199.24,199.18,199.24
2019-04-08T17:03:00Z,199.24,199.25,199.13,199.1643
2019-04-08T17:04:00Z,199.161,199.1652,199.03,199.07
2019-04-08T17:05:00Z,199.095,199.13,199.06,199.11
2019-04-08T17:06:00Z,199.1,199.18,199.1,199.11
2019-04-08T17:07:00Z,199.15,199.16,199.09,199.12
2019-04-08T17:08:00Z,199.125,199.1533,199.08,199.1198
2019-04-08T17:09:00Z,199.11,199.19,199.1,199.1099
2019-04-08T17:10:00Z,199.1144,199.13,199.06,199.1086
2019-04-08T17:11:00Z,199.11,199.15,199.1063,199.1404
2019-04-08T17:12:00Z,199.15,199.23,199.1469,199.185
2019-04-08T17:13:00Z,199.185,199.28,199.18,199.2601
2019-04-08T17:14:00Z,199.26,199.269,199.17,199.1771
2019-04-08T17:15:00Z,199.18,199.2,199.105,199.12
2019-04-08T17:16:00Z,199.12,199.2,199.12,199.18
2019-04-08T17:17:00Z,199.18,199.23,199.18,199.22
2019-04-08T17:18:00Z,199.23,199.28,199.22,199.2644
2019-04-08T17:19:00Z,199.2772,199.3245,199.27,199.29
2019-04-08T17:20:00Z,199.3,199.32,199.23,199.26
2019-04-08T17:21:00Z,199.27,199.3,199.27,199.3
2019-04-08T17:22:00Z,199.31,199.31,199.26,199.27
2019-04-08T17:23:00Z,199.27,199.283,199.23,199.27
2019-04-08T17:24:00Z,199.27,199.33,199.2,199.3101
2019-04-08T17:25:00Z,199.33,199.34,199.29,199.292
2019-04-08T17:26:00Z,199.29,199.295,199.26,199.2716
2019-04-08T17:27:00Z,199.28,199.3347,199.27,199.32
2019-04-08T17:28:00Z,199.3271,199.3703,199.3,199.33
2019-04-08T17:29:00Z,199.33,199.4,199.32,199.36
2019-04-08T17:30:00Z,199.3659,199.37,199.26,199.3
2019-04-08T17:31:00Z,199.32,199.3382,199.28,199.31
2019-04-08T17:32:00Z,199.31,199.39,199.29,199.38
2019-04-08T17:33:00Z,199.37,199.3931,199.335,199.39
2019-04-08T17:34:00Z,199.39,199.47,199.3729,199.4599
2019-04-08T17:35:00Z,199.459,199.48,199.42,199.46
2019-04-08T17:36:00Z,199.455,199.5,199.45,199.5
2019-04-08T17:37:00Z,199.49,199.6,199.47,199.59
2019-04-08T17:38:00Z,199.6,199.65,199.5787,199.619
2019-04-08T17:39:00Z,199.6118,199.66,199.6,199.66
2019-04-08T17:40:00Z,199.66,199.7,199.5926,199.5959
2019-04-08T17:41:00Z,199.5805,199.6202,199.57,199.59
2019-04-08T17:42:00Z,199.6,199.67,199.6,199.64
2019-04-08T17:43:00Z,199.64,199.64,199.57,199.64
2019-04-08T17:44:00Z,199.645,199.7,199.62,199.646
2019-04-08T17:45:00Z,199.66,199.7,199.56,199.5769
2019-04-08T17:46:00Z,199.58,199.62,199.5787,199.6099
2019-04-08T17:47:00Z,199.6094,199.61,199.52,199.545
2019-04-08T17:48:00Z,199.545,199.58,199.52,199.55
2019-04-08T17:49:00Z,199.56,199.59,199.56,199.59
2019-04-08T17:50:00Z,199.59,199.59,199.5,199.5435
2019-04-08T17:51:00Z,199.5401,199.63,199.5401,199.63
2019-04-08T17:52:00Z,199.63,199.65,199.6,199.62
2019-04-08T17:53:00Z,199.62,199.62,199.565,199.5799
2019-04-08T17:54:00Z,199.57,199.59,199.465,199.51
2019-04-08T17:55:00Z,199.52,199.6001,199.51,199.6001
2019-04-08T17:56:00Z,199.6,199.618,199.57,199.6022
2019-04-08T17:57:00Z,199.61,199.62,199.545,199.58
2019-04-08T17:58:00Z,199.5849,199.69,199.582,199.69
2019-04-08T17:59:00Z,199.6865,199.78,199.61,199.77
2019-04-08T18:00:00Z,199.78,199.78,199.72,199.7342
2019-04-08T18:01:00Z,199.74,199.8,199.6824,199.69
2019-04-08T18:02:00Z,199.6992,199.7441,199.6689,199.74
2019-04-08T18:03:00Z,199.75,199.78,199.74,199.76
2019-04-08T18:04:00Z,199.76,199.8,199.74,199.79
2019-04-08T18:05:00Z,199.79,199.8099,199.76,199.8099
2019-04-08T18:06:00Z,199.8,199.89,199.8,199.85
2019-04-08T18:07:00Z,199.86,199.92,199.83,199.8998
2019-04-08T18:08:00Z,199.8901,199.94,199.83,199.87
2019-04-08T18:09:00Z,199.87,199.95,199.85,199.9
2019-04-08T18:10:00Z,199.91,199.96,199.9,199.9456
2019-04-08T18:11:00Z,199.9464,199.96,199.91,199.9472
2019-04-08T18:12:00Z,199.9411,199.96,199.82,199.835
2019-04-08T18:13:00Z,199.835,199.909,199.835,199.84
2019-04-08T18:14:00Z,199.85,199.89,199.85,199.89
2019-04-08T18:15:00Z,199.891,199.9099,199.84,199.8548
2019-04-08T18:16:00Z,199.85,199.8838,199.84,199.86
2019-04-08T18:17:00Z,199.8682,199.89,199.865,199.87
2019-04-08T18:18:00Z,199.87,199.884,199.8336,199.85
2019-04-08T18:19:00Z,199.85,199.865,199.75,199.76
2019-04-08T18:20:00Z,199.765,199.8148,199.73,199.7552
2019-04-08T18:21:00Z,199.75,199.81,199.71,199.7132
2019-04-08T18:22:00Z,199.7148,199.78,199.7,199.77
2019-04-08T18:23:00Z,199.785,199.8576,199.78,199.8542
2019-04-08T18:24:00Z,199.8555,199.87,199.78,199.79
2019-04-08T18:25:00Z,199.7805,199.79,199.76,199.79
2019-04-08T18:26:00Z,199.79,199.8767,199.79,199.8767
2019-04-08T18:27:00Z,199.87,199.88,199.83,199.87
2019-04-08T18:28:00Z,199.8768,199.88,199.8,199.835
2019-04-08T18:29:00Z,199.84,199.92,199.84,199.9
2019-04-08T18:30:00Z,199.9,199.91,199.875,199.9
2019-04-08T18:31:00Z,199.91,199.925,199.89,199.89
2019-04-08T18:32:00Z,199.8972,199.9,199.845,199.845
2019-04-08T18:33:00Z,199.87,199.89,199.84,199.845
2019-04-08T18:34:00Z,199.84,199.8515,199.81,199.81
2019-04-08T18:35:00Z,199.815,199.865,199.815,199.865
2019-04-08T18:36:00Z,199.87,199.885,199.8442,199.865
2019-04-08T18:37:00Z,199.8798,199.91,199.86,199.905
2019-04-08T18:38:00Z,199.9077,199.92,199.86,199.87
2019-04-08T18:39:00Z,199.8892,199.9,199.83,199.885
2019-04-08T18:40:00Z,199.8857,199.8857,199.84,199.87
2019-04-08T18:41:00Z,199.875,199.895,199.8143,199.82
2019-04-08T18:42:00Z,199.82,199.8659,199.811,199.8602
2019-04-08T18:43:00Z,199.87,199.9,199.8,199.835
2019-04-08T18:44:00Z,199.83,199.835,199.77,199.78
2019-04-08T18:45:00Z,199.7849,199.8,199.77,199.785
2019-04-08T18:46:00Z,199.785,199.8,199.73,199.755
2019-04-08T18:47:00Z,199.755,199.7799,199.67,199.68
2019-04-08T18:48:00Z,199.685,199.7,199.61,199.62
2019-04-08T18:49:00Z,199.62,199.6249,199.56,199.575
2019-04-08T18:50:00Z,199.58,199.71,199.57,199.6999
2019-04-08T18:51:00Z,199.71,199.78,199.69,199.75
2019-04-08T18:52:00Z,199.7558,199.79,199.75,199.78
2019-04-08T18:53:00Z,199.78,199.8,199.76,199.79
2019-04-08T18:54:00Z,199.79,199.83,199.74,199.77
2019-04-08T18:55:00Z,199.77,199.81,199.76,199.81
2019-04-08T18:56:00Z,199.81,199.85,199.79,199.85
2019-04-08T18:57:00Z,199.85,199.85,199.76,199.8141
2019-04-08T18:58:00Z,199.8186,199.9,199.8132,199.9
2019-04-08T18:59:00Z,199.9,199.91,199.87,199.87
2019-04-08T19:00:00Z,199.87,199.94,199.87,199.94
2019-04-08T19:01:00Z,199.93,199.95,199.89,199.895
2019-04-08T19:02:00Z,199.8973,199.9049,199.8678,199.8678
2019-04-08T19:03:00Z,199.8672,199.925,199.8672,199.92
2019-04-08T19:04:00Z,199.92,199.92,199.89,199.915
2019-04-08T19:05:00Z,199.9152,199.95,199.9143,199.9457
2019-04-08T19:06:00Z,199.94,199.97,199.94,199.95
2019-04-08T19:07:00Z,199.96,199.99,199.93,199.93
2019-04-08T19:08:00Z,199.93,199.9466,199.91,199.92
2019-04-08T19:09:00Z,199.925,199.9276,199.9,199.9052
2019-04-08T19:10:00Z,199.91,199.9259,199.895,199.9104
2019-04-08T19:11:00Z,199.91,199.945,199.91,199.94
2019-04-08T19:12:00Z,199.94,199.94,199.91,199.92
2019-04-08T19:13:00Z,199.92,199.93,199.86,199.8866
2019-04-08T19:14:00Z,199.88,199.945,199.88,199.935
2019-04-08T19:15:00Z,199.935,199.98,199.93,199.97
2019-04-08T19:16:00Z,199.98,199.98,199.94,199.97
2019-04-08T19:17:00Z,199.97,199.98,199.945,199.9701
2019-04-08T19:18:00Z,199.9787,199.98,199.92,199.96
2019-04-08T19:19:00Z,199.955,200,199.95,199.96
2019-04-08T19:20:00Z,199.97,200,199.96,199.987
2019-04-08T19:21:00Z,199.98,200,199.96,199.974
2019-04-08T19:22:00Z,199.975,200,199.96,199.98
2019-04-08T19:23:00Z,199.96,199.98,199.9,199.92
2019-04-08T19:24:00Z,199.93,199.945,199.89,199.89
2019-04-08T19:25:00Z,199.9,199.92,199.88,199.88
2019-04-08T19:26:00Z,199.88,199.93,199.872,199.92
2019-04-08T19:27:00Z,199.92,199.95,199.91,199.925
2019-04-08T19:28:00Z,199.9232,199.97,199.91,199.9135
2019-04-08T19:29:00Z,199.9161,199.9161,199.87,199.9
2019-04-08T19:30:00Z,199.9,199.92,199.81,199.88
2019-04-08T19:31:00Z,199.885,199.93,199.885,199.9235
2019-04-08T19:32:00Z,199.93,199.96,199.93,199.94
2019-04-08T19:33:00Z,199.95,199.955,199.88,199.92
2019-04-08T19:34:00Z,199.93,199.94,199.9,199.9035
2019-04-08T19:35:00Z,199.905,199.92,199.89,199.91
2019-04-08T19:36:00Z,199.91,199.9399,199.9,199.92
2019-04-08T19:37:00Z,199.92,199.93,199.8801,199.9
2019-04-08T19:38:00Z,199.9,199.925,199.88,199.905
2019-04-08T19:39:00Z,199.9,199.95,199.89,199.94
2019-04-08T19:40:00Z,199.94,199.96,199.9,199.9125
2019-04-08T19:41:00Z,199.9127,199.99,199.91,199.965
2019-04-08T19:42:00Z,199.96,200,199.95,199.97
2019-04-08T19:43:00Z,199.97,199.9768,199.91,199.933
2019-04-08T19:44:00Z,199.94,199.98,199.93,199.961
2019-04-08T19:45:00Z,199.96,199.9601,199.9,199.93
2019-04-08T19:46:00Z,199.93,199.97,199.91,199.9439
2019-04-08T19:47:00Z,199.9499,200,199.93,199.981
2019-04-08T19:48:00Z,199.99,200.1,199.97,200.09
2019-04-08T19:49:00Z,200.08,200.18,200.02,200.04
2019-04-08T19:50:00Z,200.04,200.13,200.03,200.12
2019-04-08T19:51:00Z,200.12,200.23,200.01,200.02
2019-04-08T19:52:00Z,200.02,200.05,199.97,200.035
2019-04-08T19:53:00Z,200.03,200.09,199.92,200.09
2019-04-08T19:54:00Z,200.1,200.11,199.96,200.01
2019-04-08T19:55:00Z,200,200.14,199.88,199.97
2019-04-08T19:56:00Z,199.97,200,199.96,199.9837
2019-04-08T19:57:00Z,199.98,199.99,199.91,199.97
2019-04-08T19:58:00Z,199.96,200.06,199.96,200.0399
2019-04-08T19:59:00Z,200.035,200.2,200,200.08
