2021-05-26T13:30:00Z,126.93,127.29,126.85,127.2858
2021-05-26T13:31:00Z,127.29,127.39,127.1619,127.2
2021-05-26T13:32:00Z,127.21,127.37,127.07,127.07
2021-05-26T13:33:00Z,127.075,127.09,126.86,126.97
2021-05-26T13:34:00Z,126.96,126.995,126.79,126.9
2021-05-26T13:35:00Z,126.89,127.02,126.84,127.0001
2021-05-26T13:36:00Z,127,127.07,126.85,126.9428
2021-05-26T13:37:00Z,126.94,127,126.8599,126.92
2021-05-26T13:38:00Z,126.92,126.995,126.8701,126.9401
2021-05-26T13:39:00Z,126.94,127.155,126.93,127.1299
2021-05-26T13:40:00Z,127.13,127.22,127.02,127.0663
2021-05-26T13:41:00Z,127.06,127.13,126.9649,127.04
2021-05-26T13:42:00Z,127.02,127.0799,126.885,127.0443
2021-05-26T13:43:00Z,127.0499,127.1,126.97,127
2021-05-26T13:44:00Z,127.0024,127.15,127.0024,127.08
2021-05-26T13:45:00Z,127.09,127.1711,127.02,127.0562
2021-05-26T13:46:00Z,127.05,127.12,127.025,127.0302
2021-05-26T13:47:00Z,127.025,127.06,126.96,127.03
2021-05-26T13:48:00Z,127.035,127.075,126.99,126.9999
2021-05-26T13:49:00Z,127,127.0709,126.945,126.955
2021-05-26T13:50:00Z,126.96,127.013,126.87,126.98
2021-05-26T13:51:00Z,126.99,127.03,126.9342,127.01
2021-05-26T13:52:00Z,127.01,127.0199,126.89,126.94
2021-05-26T13:53:00Z,126.94,126.99,126.91,126.98
2021-05-26T13:54:00Z,126.985,127,126.85,126.86
2021-05-26T13:55:00Z,126.8699,126.96,126.84,126.8812
2021-05-26T13:56:00Z,126.885,126.9702,126.88,126.92
2021-05-26T13:57:00Z,126.91,126.9638,126.86,126.95
2021-05-26T13:58:00Z,126.9541,126.99,126.91,126.96
2021-05-26T13:59:00Z,126.96,126.99,126.9001,126.94
2021-05-26T14:00:00Z,126.93,127.04,126.895,126.99
2021-05-26T14:01:00Z,126.985,126.985,126.785,126.8799
2021-05-26T14:02:00Z,126.875,126.88,126.8,126.8464
2021-05-26T14:03:00Z,126.84,126.98,126.84,126.97
2021-05-26T14:04:00Z,126.97,126.97,126.8875,126.9
2021-05-26T14:05:00Z,126.907,126.965,126.8,126.875
2021-05-26T14:06:00Z,126.88,126.94,126.84,126.87
2021-05-26T14:07:00Z,126.86,126.94,126.85,126.925
2021-05-26T14:08:00Z,126.92,126.93,126.87,126.915
2021-05-26T14:09:00Z,126.91,126.97,126.9,126.945
2021-05-26T14:10:00Z,126.94,126.96,126.87,126.87
2021-05-26T14:11:00Z,126.88,126.96,126.88,126.9141
2021-05-26T14:12:00Z,126.915,126.93,126.815,126.865
2021-05-26T14:13:00Z,126.865,126.865,126.77,126.8
2021-05-26T14:14:00Z,126.795,126.81,126.67,126.705
2021-05-26T14:15:00Z,126.7,126.7101,126.64,126.695
2021-05-26T14:16:00Z,126.695,126.8,126.65,126.7746
2021-05-26T14:17:00Z,126.778,126.79,126.741,126.7511
2021-05-26T14:18:00Z,126.75,126.78,126.7175,126.7175
2021-05-26T14:19:00Z,126.71,126.725,126.69,126.713
2021-05-26T14:20:00Z,126.71,126.76,126.68,126.735
2021-05-26T14:21:00Z,126.7372,126.77,126.7,126.745
2021-05-26T14:22:00Z,126.74,126.82,126.715,126.8101
2021-05-26T14:23:00Z,126.817,126.83,126.77,126.775
2021-05-26T14:24:00Z,126.77,126.86,126.76,126.8599
2021-05-26T14:25:00Z,126.855,126.88,126.79,126.8001
2021-05-26T14:26:00Z,126.805,126.91,126.795,126.86
2021-05-26T14:27:00Z,126.86,126.8956,126.83,126.842
2021-05-26T14:28:00Z,126.84,126.99,126.84,126.97
2021-05-26T14:29:00Z,126.965,127.06,126.9537,127.046
2021-05-26T14:30:00Z,127.045,127.06,127,127.03
2021-05-26T14:31:00Z,127.02,127.035,126.97,126.99
2021-05-26T14:32:00Z,126.99,127.05,126.985,126.995
2021-05-26T14:33:00Z,127,127.025,126.97,127.0101
2021-05-26T14:34:00Z,127.015,127.1,127.0001,127.086
2021-05-26T14:35:00Z,127.0847,127.165,127.0847,127.15
2021-05-26T14:36:00Z,127.16,127.17,127.1,127.135
2021-05-26T14:37:00Z,127.135,127.15,127.0001,127.04
2021-05-26T14:38:00Z,127.0356,127.04,126.99,127.0211
2021-05-26T14:39:00Z,127.03,127.0558,127,127.0483
2021-05-26T14:40:00Z,127.045,127.11,127.04,127.065
2021-05-26T14:41:00Z,127.065,127.12,127.01,127.0212
2021-05-26T14:42:00Z,127.03,127.09,127.01,127.06
2021-05-26T14:43:00Z,127.055,127.12,127.033,127.05
2021-05-26T14:44:00Z,127.05,127.08,127.03,127.045
2021-05-26T14:45:00Z,127.05,127.1,127.0328,127.045
2021-05-26T14:46:00Z,127.04,127.0699,127.01,127.0451
2021-05-26T14:47:00Z,127.045,127.075,127.03,127.03
2021-05-26T14:48:00Z,127.03,127.03,126.975,126.99
2021-05-26T14:49:00Z,127,127.02,126.94,126.9585
2021-05-26T14:50:00Z,126.955,127.015,126.95,126.985
2021-05-26T14:51:00Z,126.98,127.02,126.98,126.99
2021-05-26T14:52:00Z,126.995,127.14,126.981,127.13
2021-05-26T14:53:00Z,127.121,127.18,127.06,127.11
2021-05-26T14:54:00Z,127.11,127.11,126.99,127.0561
2021-05-26T14:55:00Z,127.045,127.1,126.93,126.9311
2021-05-26T14:56:00Z,126.94,127.03,126.93,127.025
2021-05-26T14:57:00Z,127.02,127.0736,127.01,127.05
2021-05-26T14:58:00Z,127.0564,127.11,127.045,127.05
2021-05-26T14:59:00Z,127.0587,127.06,127.01,127.02
2021-05-26T15:00:00Z,127.02,127.05,127,127.005
2021-05-26T15:01:00Z,127.0099,127.09,126.975,127.07
2021-05-26T15:02:00Z,127.065,127.11,127.05,127.08
2021-05-26T15:03:00Z,127.085,127.11,127.0643,127.0973
2021-05-26T15:04:00Z,127.098,127.12,127.075,127.085
2021-05-26T15:05:00Z,127.09,127.15,127.09,127.14
2021-05-26T15:06:00Z,127.1441,127.19,127.13,127.14
2021-05-26T15:07:00Z,127.134,127.16,127.1012,127.135
2021-05-26T15:08:00Z,127.14,127.17,127.12,127.12
2021-05-26T15:09:00Z,127.125,127.17,127.1048,127.16
2021-05-26T15:10:00Z,127.16,127.16,127.0485,127.0735
2021-05-26T15:11:00Z,127.0779,127.135,127.02,127.11
2021-05-26T15:12:00Z,127.12,127.1454,127.1006,127.118
2021-05-26T15:13:00Z,127.12,127.18,127.09,127.1669
2021-05-26T15:14:00Z,127.17,127.22,127.15,127.15
2021-05-26T15:15:00Z,127.157,127.21,127.155,127.2022
2021-05-26T15:16:00Z,127.2039,127.26,127.2039,127.225
2021-05-26T15:17:00Z,127.2204,127.235,127.18,127.1848
2021-05-26T15:18:00Z,127.185,127.2108,127.15,127.165
2021-05-26T15:19:00Z,127.17,127.21,127.165,127.165
2021-05-26T15:20:00Z,127.165,127.17,127.08,127.09
2021-05-26T15:21:00Z,127.0999,127.1,127.045,127.0512
2021-05-26T15:22:00Z,127.055,127.09,127.05,127.085
2021-05-26T15:23:00Z,127.08,127.11,127.03,127.065
2021-05-26T15:24:00Z,127.0645,127.07,126.985,126.99
2021-05-26T15:25:00Z,127,127.03,126.9994,127.015
2021-05-26T15:26:00Z,127.01,127.04,127,127.005
2021-05-26T15:27:00Z,127.01,127.04,126.993,127.01
2021-05-26T15:28:00Z,127.005,127.01,126.99,126.995
2021-05-26T15:29:00Z,127,127.01,126.98,126.985
2021-05-26T15:30:00Z,126.98,126.9801,126.925,126.935
2021-05-26T15:31:00Z,126.935,126.94,126.861,126.87
2021-05-26T15:32:00Z,126.86,126.87,126.82,126.86
2021-05-26T15:33:00Z,126.85,126.865,126.82,126.845
2021-05-26T15:34:00Z,126.845,126.8599,126.82,126.8434
2021-05-26T15:35:00Z,126.845,126.8501,126.81,126.84
2021-05-26T15:36:00Z,126.8436,126.89,126.815,126.87
2021-05-26T15:37:00Z,126.875,126.92,126.874,126.875
2021-05-26T15:38:00Z,126.875,126.9,126.84,126.899
2021-05-26T15:39:00Z,126.9,126.915,126.86,126.865
2021-05-26T15:40:00Z,126.865,126.91,126.86,126.9
2021-05-26T15:41:00Z,126.9,126.9092,126.83,126.835
2021-05-26T15:42:00Z,126.83,126.84,126.74,126.815
2021-05-26T15:43:00Z,126.8161,126.845,126.795,126.8448
2021-05-26T15:44:00Z,126.845,126.9,126.815,126.89
2021-05-26T15:45:00Z,126.9,126.95,126.87,126.905
2021-05-26T15:46:00Z,126.91,126.915,126.87,126.8999
2021-05-26T15:47:00Z,126.8941,126.93,126.8941,126.915
2021-05-26T15:48:00Z,126.915,126.9154,126.88,126.8869
2021-05-26T15:49:00Z,126.8801,126.92,126.8801,126.9
2021-05-26T15:50:00Z,126.91,126.94,126.9,126.9299
2021-05-26T15:51:00Z,126.93,126.97,126.925,126.9535
2021-05-26T15:52:00Z,126.96,126.99,126.951,126.985
2021-05-26T15:53:00Z,126.985,127,126.97,126.9799
2021-05-26T15:54:00Z,126.975,126.98,126.94,126.9601
2021-05-26T15:55:00Z,126.96,126.97,126.95,126.955
2021-05-26T15:56:00Z,126.955,126.97,126.9344,126.9635
2021-05-26T15:57:00Z,126.96,126.985,126.9524,126.96
2021-05-26T15:58:00Z,126.965,126.989,126.95,126.989
2021-05-26T15:59:00Z,126.9801,126.99,126.95,126.955
2021-05-26T16:00:00Z,126.96,126.99,126.96,126.9673
2021-05-26T16:01:00Z,126.962,126.98,126.91,126.9201
2021-05-26T16:02:00Z,126.93,126.96,126.92,126.9519
2021-05-26T16:03:00Z,126.95,127.04,126.94,127.0165
2021-05-26T16:04:00Z,127.015,127.06,127.0001,127.005
2021-05-26T16:05:00Z,127.005,127.0174,126.95,126.965
2021-05-26T16:06:00Z,126.97,127.0062,126.97,126.99
2021-05-26T16:07:00Z,126.985,127.04,126.9801,127.03
2021-05-26T16:08:00Z,127.03,127.05,127.01,127.035
2021-05-26T16:09:00Z,127.031,127.045,127.01,127.045
2021-05-26T16:10:00Z,127.04,127.07,127.02,127.045
2021-05-26T16:11:00Z,127.0443,127.065,127.03,127.065
2021-05-26T16:12:00Z,127.0609,127.1,127.04,127.055
2021-05-26T16:13:00Z,127.05,127.055,126.975,126.985
2021-05-26T16:14:00Z,126.99,127.0001,126.96,127.0001
2021-05-26T16:15:00Z,127,127.01,126.975,127.005
2021-05-26T16:16:00Z,127.01,127.02,126.98,127
2021-05-26T16:17:00Z,127,127.015,126.975,126.995
2021-05-26T16:18:00Z,126.9947,127,126.97,126.985
2021-05-26T16:19:00Z,126.98,127.03,126.98,127.015
2021-05-26T16:20:00Z,127.015,127.05,127.01,127.04
2021-05-26T16:21:00Z,127.04,127.04,127.01,127.01
2021-05-26T16:22:00Z,127,127.01,126.955,126.965
2021-05-26T16:23:00Z,126.965,126.965,126.92,126.925
2021-05-26T16:24:00Z,126.9203,126.93,126.9,126.9119
2021-05-26T16:25:00Z,126.91,126.96,126.91,126.925
2021-05-26T16:26:00Z,126.925,126.945,126.9,126.9299
2021-05-26T16:27:00Z,126.92,126.94,126.92,126.92
2021-05-26T16:28:00Z,126.925,126.95,126.91,126.95
2021-05-26T16:29:00Z,126.9546,126.98,126.93,126.93
2021-05-26T16:30:00Z,126.93,126.9553,126.9,126.9
2021-05-26T16:31:00Z,126.9,126.94,126.89,126.92
2021-05-26T16:32:00Z,126.925,126.94,126.9,126.93
2021-05-26T16:33:00Z,126.94,126.94,126.885,126.935
2021-05-26T16:34:00Z,126.935,126.94,126.87,126.87
2021-05-26T16:35:00Z,126.88,126.93,126.84,126.92
2021-05-26T16:36:00Z,126.915,126.94,126.9035,126.933
2021-05-26T16:37:00Z,126.9399,126.95,126.91,126.93
2021-05-26T16:38:00Z,126.94,126.97,126.914,126.9199
2021-05-26T16:39:00Z,126.91,126.93,126.905,126.9201
2021-05-26T16:40:00Z,126.925,126.93,126.88,126.8964
2021-05-26T16:41:00Z,126.8951,126.8952,126.85,126.875
2021-05-26T16:42:00Z,126.87,126.9,126.86,126.89
2021-05-26T16:43:00Z,126.8844,126.93,126.88,126.93
2021-05-26T16:44:00Z,126.9228,126.96,126.9228,126.94
2021-05-26T16:45:00Z,126.935,126.9474,126.9,126.91
2021-05-26T16:46:00Z,126.9128,126.94,126.9025,126.935
2021-05-26T16:47:00Z,126.931,126.95,126.925,126.93
2021-05-26T16:48:00Z,126.92,126.945,126.92,126.94
2021-05-26T16:49:00Z,126.9359,126.95,126.92,126.92
2021-05-26T16:50:00Z,126.92,126.92,126.82,126.8498
2021-05-26T16:51:00Z,126.85,126.86,126.81,126.84
2021-05-26T16:52:00Z,126.85,126.85,126.795,126.795
2021-05-26T16:53:00Z,126.79,126.82,126.79,126.8
2021-05-26T16:54:00Z,126.81,126.82,126.7738,126.79
2021-05-26T16:55:00Z,126.785,126.8,126.765,126.77
2021-05-26T16:56:00Z,126.775,126.815,126.76,126.775
2021-05-26T16:57:00Z,126.77,126.78,126.765,126.7799
2021-05-26T16:58:00Z,126.775,126.7799,126.72,126.76
2021-05-26T16:59:00Z,126.7647,126.7699,126.71,126.71
2021-05-26T17:00:00Z,126.705,126.82,126.7009,126.8179
2021-05-26T17:01:00Z,126.815,126.85,126.79,126.8
2021-05-26T17:02:00Z,126.805,126.8299,126.7841,126.8299
2021-05-26T17:03:00Z,126.8246,126.84,126.81,126.815
2021-05-26T17:04:00Z,126.81,126.84,126.8,126.8
2021-05-26T17:05:00Z,126.81,126.92,126.805,126.9101
2021-05-26T17:06:00Z,126.915,126.92,126.86,126.87
2021-05-26T17:07:00Z,126.875,126.875,126.79,126.8161
2021-05-26T17:08:00Z,126.81,126.81,126.69,126.71
2021-05-26T17:09:00Z,126.71,126.715,126.61,126.705
2021-05-26T17:10:00Z,126.7,126.72,126.67,126.68
2021-05-26T17:11:00Z,126.6748,126.7,126.65,126.6982
2021-05-26T17:12:00Z,126.695,126.77,126.695,126.7446
2021-05-26T17:13:00Z,126.74,126.78,126.6949,126.715
2021-05-26T17:14:00Z,126.71,126.77,126.69,126.7666
2021-05-26T17:15:00Z,126.77,126.78,126.73,126.74
2021-05-26T17:16:00Z,126.74,126.81,126.73,126.77
2021-05-26T17:17:00Z,126.77,126.79,126.74,126.77
2021-05-26T17:18:00Z,126.777,126.78,126.73,126.75
2021-05-26T17:19:00Z,126.75,126.7799,126.71,126.71
2021-05-26T17:20:00Z,126.7099,126.77,126.705,126.77
2021-05-26T17:21:00Z,126.77,126.795,126.745,126.75
2021-05-26T17:22:00Z,126.7499,126.76,126.73,126.7422
2021-05-26T17:23:00Z,126.7411,126.745,126.72,126.7252
2021-05-26T17:24:00Z,126.725,126.76,126.72,126.755
2021-05-26T17:25:00Z,126.75,126.7599,126.71,126.745
2021-05-26T17:26:00Z,126.7419,126.785,126.74,126.76
2021-05-26T17:27:00Z,126.76,126.7612,126.73,126.755
2021-05-26T17:28:00Z,126.755,126.8,126.75,126.785
2021-05-26T17:29:00Z,126.79,126.7968,126.725,126.75
2021-05-26T17:30:00Z,126.74,126.7547,126.71,126.73
2021-05-26T17:31:00Z,126.74,126.762,126.7101,126.7279
2021-05-26T17:32:00Z,126.72,126.735,126.69,126.7
2021-05-26T17:33:00Z,126.705,126.75,126.69,126.71
2021-05-26T17:34:00Z,126.715,126.78,126.715,126.7445
2021-05-26T17:35:00Z,126.745,126.78,126.72,126.77
2021-05-26T17:36:00Z,126.76,126.77,126.735,126.74
2021-05-26T17:37:00Z,126.75,126.76,126.73,126.757
2021-05-26T17:38:00Z,126.755,126.77,126.68,126.73
2021-05-26T17:39:00Z,126.73,126.75,126.705,126.7131
2021-05-26T17:40:00Z,126.715,126.72,126.695,126.715
2021-05-26T17:41:00Z,126.7181,126.7298,126.68,126.68
2021-05-26T17:42:00Z,126.68,126.71,126.635,126.66
2021-05-26T17:43:00Z,126.6699,126.68,126.615,126.615
2021-05-26T17:44:00Z,126.6199,126.64,126.5699,126.599
2021-05-26T17:45:00Z,126.6,126.61,126.56,126.585
2021-05-26T17:46:00Z,126.58,126.585,126.48,126.5
2021-05-26T17:47:00Z,126.5,126.545,126.45,126.5399
2021-05-26T17:48:00Z,126.535,126.56,126.51,126.515
2021-05-26T17:49:00Z,126.51,126.56,126.5,126.555
2021-05-26T17:50:00Z,126.56,126.56,126.5277,126.5352
2021-05-26T17:51:00Z,126.53,126.545,126.5044,126.51
2021-05-26T17:52:00Z,126.51,126.52,126.48,126.5116
2021-05-26T17:53:00Z,126.51,126.51,126.43,126.4499
2021-05-26T17:54:00Z,126.45,126.48,126.42,126.45
2021-05-26T17:55:00Z,126.455,126.55,126.45,126.5337
2021-05-26T17:56:00Z,126.5355,126.56,126.5143,126.55
2021-05-26T17:57:00Z,126.55,126.56,126.51,126.5448
2021-05-26T17:58:00Z,126.5411,126.55,126.51,126.53
2021-05-26T17:59:00Z,126.54,126.58,126.52,126.565
2021-05-26T18:00:00Z,126.56,126.5653,126.53,126.5416
2021-05-26T18:01:00Z,126.545,126.58,126.545,126.5799
2021-05-26T18:02:00Z,126.57,126.63,126.56,126.605
2021-05-26T18:03:00Z,126.61,126.61,126.56,126.59
2021-05-26T18:04:00Z,126.59,126.595,126.51,126.51
2021-05-26T18:05:00Z,126.51,126.575,126.485,126.57
2021-05-26T18:06:00Z,126.5779,126.63,126.5701,126.625
2021-05-26T18:07:00Z,126.625,126.63,126.58,126.58
2021-05-26T18:08:00Z,126.5847,126.59,126.57,126.57
2021-05-26T18:09:00Z,126.58,126.61,126.58,126.595
2021-05-26T18:10:00Z,126.6,126.62,126.59,126.61
2021-05-26T18:11:00Z,126.615,126.66,126.61,126.65
2021-05-26T18:12:00Z,126.65,126.7,126.65,126.695
2021-05-26T18:13:00Z,126.695,126.71,126.66,126.7
2021-05-26T18:14:00Z,126.7055,126.7199,126.67,126.69
2021-05-26T18:15:00Z,126.6958,126.71,126.68,126.695
2021-05-26T18:16:00Z,126.69,126.75,126.685,126.725
2021-05-26T18:17:00Z,126.725,126.7299,126.695,126.719
2021-05-26T18:18:00Z,126.715,126.72,126.69,126.72
2021-05-26T18:19:00Z,126.72,126.78,126.72,126.775
2021-05-26T18:20:00Z,126.775,126.79,126.75,126.785
2021-05-26T18:21:00Z,126.785,126.79,126.75,126.76
2021-05-26T18:22:00Z,126.76,126.78,126.75,126.7699
2021-05-26T18:23:00Z,126.76,126.78,126.75,126.78
2021-05-26T18:24:00Z,126.78,126.8,126.76,126.765
2021-05-26T18:25:00Z,126.77,126.78,126.745,126.755
2021-05-26T18:26:00Z,126.755,126.79,126.755,126.76
2021-05-26T18:27:00Z,126.7687,126.7687,126.731,126.755
2021-05-26T18:28:00Z,126.76,126.7799,126.74,126.76
2021-05-26T18:29:00Z,126.755,126.8,126.755,126.795
2021-05-26T18:30:00Z,126.795,126.82,126.7801,126.785
2021-05-26T18:31:00Z,126.785,126.81,126.77,126.805
2021-05-26T18:32:00Z,126.8005,126.81,126.76,126.76
2021-05-26T18:33:00Z,126.7644,126.8,126.745,126.7865
2021-05-26T18:34:00Z,126.785,126.79,126.77,126.775
2021-05-26T18:35:00Z,126.775,126.775,126.72,126.74
2021-05-26T18:36:00Z,126.745,126.77,126.74,126.7664
2021-05-26T18:37:00Z,126.76,126.7773,126.73,126.7473
2021-05-26T18:38:00Z,126.7448,126.76,126.63,126.655
2021-05-26T18:39:00Z,126.645,126.76,126.64,126.755
2021-05-26T18:40:00Z,126.76,126.82,126.755,126.815
2021-05-26T18:41:00Z,126.8153,126.84,126.8,126.835
2021-05-26T18:42:00Z,126.835,126.835,126.76,126.79
2021-05-26T18:43:00Z,126.795,126.8,126.78,126.785
2021-05-26T18:44:00Z,126.785,126.82,126.78,126.8099
2021-05-26T18:45:00Z,126.81,126.85,126.795,126.815
2021-05-26T18:46:00Z,126.8199,126.82,126.805,126.81
2021-05-26T18:47:00Z,126.815,126.85,126.79,126.84
2021-05-26T18:48:00Z,126.845,126.855,126.8223,126.835
2021-05-26T18:49:00Z,126.83,126.84,126.82,126.82
2021-05-26T18:50:00Z,126.8212,126.8499,126.81,126.83
2021-05-26T18:51:00Z,126.8299,126.85,126.8,126.81
2021-05-26T18:52:00Z,126.805,126.8399,126.8,126.8301
2021-05-26T18:53:00Z,126.83,126.8399,126.7501,126.765
2021-05-26T18:54:00Z,126.77,126.82,126.77,126.81
2021-05-26T18:55:00Z,126.81,126.8199,126.75,126.7913
2021-05-26T18:56:00Z,126.7939,126.8,126.78,126.792
2021-05-26T18:57:00Z,126.795,126.8,126.78,126.785
2021-05-26T18:58:00Z,126.79,126.79,126.76,126.77
2021-05-26T18:59:00Z,126.7733,126.8,126.76,126.785
2021-05-26T19:00:00Z,126.78,126.7999,126.71,126.7245
2021-05-26T19:01:00Z,126.725,126.76,126.71,126.725
2021-05-26T19:02:00Z,126.72,126.74,126.71,126.726
2021-05-26T19:03:00Z,126.725,126.7499,126.7,126.7284
2021-05-26T19:04:00Z,126.72,126.76,126.72,126.755
2021-05-26T19:05:00Z,126.7542,126.78,126.75,126.7746
2021-05-26T19:06:00Z,126.777,126.8,126.765,126.785
2021-05-26T19:07:00Z,126.785,126.8,126.7601,126.77
2021-05-26T19:08:00Z,126.77,126.78,126.71,126.7102
2021-05-26T19:09:00Z,126.71,126.737,126.685,126.6992
2021-05-26T19:10:00Z,126.69,126.71,126.67,126.689
2021-05-26T19:11:00Z,126.685,126.735,126.6745,126.725
2021-05-26T19:12:00Z,126.725,126.76,126.67,126.695
2021-05-26T19:13:00Z,126.7,126.72,126.695,126.715
2021-05-26T19:14:00Z,126.715,126.76,126.71,126.725
2021-05-26T19:15:00Z,126.7233,126.7362,126.69,126.695
2021-05-26T19:16:00Z,126.695,126.7,126.665,126.68
2021-05-26T19:17:00Z,126.6861,126.715,126.68,126.695
2021-05-26T19:18:00Z,126.695,126.71,126.685,126.7
2021-05-26T19:19:00Z,126.7,126.73,126.7,126.725
2021-05-26T19:20:00Z,126.725,126.7701,126.7225,126.7701
2021-05-26T19:21:00Z,126.779,126.81,126.75,126.79
2021-05-26T19:22:00Z,126.795,126.8,126.76,126.76
2021-05-26T19:23:00Z,126.76,126.7601,126.69,126.71
2021-05-26T19:24:00Z,126.72,126.73,126.7,126.7293
2021-05-26T19:25:00Z,126.73,126.74,126.695,126.735
2021-05-26T19:26:00Z,126.74,126.75,126.6824,126.6824
2021-05-26T19:27:00Z,126.68,126.69,126.65,126.665
2021-05-26T19:28:00Z,126.6692,126.74,126.6692,126.74
2021-05-26T19:29:00Z,126.745,126.77,126.72,126.765
2021-05-26T19:30:00Z,126.77,126.795,126.75,126.77
2021-05-26T19:31:00Z,126.7701,126.78,126.69,126.69
2021-05-26T19:32:00Z,126.685,126.7,126.66,126.69
2021-05-26T19:33:00Z,126.6901,126.715,126.68,126.695
2021-05-26T19:34:00Z,126.69,126.71,126.67,126.67
2021-05-26T19:35:00Z,126.67,126.72,126.65,126.695
2021-05-26T19:36:00Z,126.7,126.71,126.68,126.7
2021-05-26T19:37:00Z,126.7,126.7002,126.67,126.69
2021-05-26T19:38:00Z,126.68,126.72,126.66,126.705
2021-05-26T19:39:00Z,126.7,126.71,126.66,126.685
2021-05-26T19:40:00Z,126.68,126.68,126.63,126.665
2021-05-26T19:41:00Z,126.66,126.74,126.64,126.74
2021-05-26T19:42:00Z,126.7459,126.77,126.69,126.7555
2021-05-26T19:43:00Z,126.75,126.79,126.72,126.725
2021-05-26T19:44:00Z,126.727,126.74,126.6901,126.73
2021-05-26T19:45:00Z,126.735,126.78,126.72,126.74
2021-05-26T19:46:00Z,126.735,126.75,126.715,126.74
2021-05-26T19:47:00Z,126.74,126.795,126.73,126.7878
2021-05-26T19:48:00Z,126.79,126.8155,126.76,126.76
2021-05-26T19:49:00Z,126.76,126.79,126.745,126.777
2021-05-26T19:50:00Z,126.78,126.78,126.63,126.73
2021-05-26T19:51:00Z,126.725,126.73,126.645,126.71
2021-05-26T19:52:00Z,126.71,126.715,126.66,126.69
2021-05-26T19:53:00Z,126.69,126.7299,126.67,126.728
2021-05-26T19:54:00Z,126.72,126.85,126.71,126.74
2021-05-26T19:55:00Z,126.74,126.76,126.7,126.745
2021-05-26T19:56:00Z,126.745,126.77,126.71,126.728
2021-05-26T19:57:00Z,126.73,126.75,126.685,126.72
2021-05-26T19:58:00Z,126.715,126.745,126.69,126.745
2021-05-26T19:59:00Z,126.745,126.87,126.74,126.85
