2020-07-14T13:30:00Z,379.3,380.8599,379,380.678
2020-07-14T13:31:00Z,380.58,380.99,379.56,380.8401
2020-07-14T13:32:00Z,380.8425,383.68,380.8425,383.4983
2020-07-14T13:33:00Z,383.53,384.74,383.49,384.39
2020-07-14T13:34:00Z,384.34,385.28,384.25,384.81
2020-07-14T13:35:00Z,384.84,384.85,383.65,384.018
2020-07-14T13:36:00Z,384.09,384.82,384.0601,384.55
2020-07-14T13:37:00Z,384.65,384.93,383.87,384.34
2020-07-14T13:38:00Z,384.39,384.4229,382.8679,382.9407
2020-07-14T13:39:00Z,382.92,383.97,382.85,383.89
2020-07-14T13:40:00Z,383.89,385.25,383.67,385
2020-07-14T13:41:00Z,385.1099,386.1472,385.1099,385.9001
2020-07-14T13:42:00Z,385.95,386.37,385.09,386.29
2020-07-14T13:43:00Z,386.28,386.45,385.56,386.17
2020-07-14T13:44:00Z,386.16,386.18,385.54,385.79
2020-07-14T13:45:00Z,385.8,385.97,384.63,385.0792
2020-07-14T13:46:00Z,385.03,385.11,384.08,384.1304
2020-07-14T13:47:00Z,384.1428,384.39,383.4201,383.578
2020-07-14T13:48:00Z,383.605,383.79,382.42,382.48
2020-07-14T13:49:00Z,382.49,383.179,382.21,382.67
2020-07-14T13:50:00Z,382.68,383.3282,381.58,381.59
2020-07-14T13:51:00Z,381.62,381.8,380.14,380.295
2020-07-14T13:52:00Z,380.33,380.3899,379,379.07
2020-07-14T13:53:00Z,379,379.96,378.31,379.86
2020-07-14T13:54:00Z,379.865,380.85,379.5406,380.24
2020-07-14T13:55:00Z,380.23,380.49,378.9001,380.2129
2020-07-14T13:56:00Z,380.1,380.43,379.07,380.315
2020-07-14T13:57:00Z,380.26,381.09,380.02,381.024
2020-07-14T13:58:00Z,381.0101,381.56,380.81,381.48
2020-07-14T13:59:00Z,381.38,381.55,380.5,381.52
2020-07-14T14:00:00Z,381.55,381.63,381.07,381.42
2020-07-14T14:01:00Z,381.425,381.47,380.1,380.43
2020-07-14T14:02:00Z,380.4657,380.49,379.4,379.43
2020-07-14T14:03:00Z,379.39,381.14,379.39,380.36
2020-07-14T14:04:00Z,380.32,380.3445,379.55,379.701
2020-07-14T14:05:00Z,379.81,380.5,379.35,379.89
2020-07-14T14:06:00Z,379.9,380.24,379.25,379.96
2020-07-14T14:07:00Z,379.96,380.19,379.54,379.77
2020-07-14T14:08:00Z,379.77,380.15,379.39,379.6705
2020-07-14T14:09:00Z,379.52,379.9,379.06,379.08
2020-07-14T14:10:00Z,379.09,379.87,379.07,379.5
2020-07-14T14:11:00Z,379.23,379.23,377.1601,377.21
2020-07-14T14:12:00Z,377.195,378.26,377.1301,377.28
2020-07-14T14:13:00Z,377.24,377.36,375.55,375.92
2020-07-14T14:14:00Z,375.976,377,375.51,376.1501
2020-07-14T14:15:00Z,376.19,379.2,376.07,376.72
2020-07-14T14:16:00Z,376.74,377.93,376.62,377.7598
2020-07-14T14:17:00Z,377.75,377.755,376.57,376.91
2020-07-14T14:18:00Z,376.9434,377.6316,376.885,377.05
2020-07-14T14:19:00Z,376.97,377.75,376.74,377.19
2020-07-14T14:20:00Z,377.09,378.39,376.48,378.2665
2020-07-14T14:21:00Z,378.325,378.34,377.8001,378.2717
2020-07-14T14:22:00Z,378.1968,378.67,377.76,378.6
2020-07-14T14:23:00Z,378.59,378.79,378.29,378.7099
2020-07-14T14:24:00Z,378.6736,378.78,377.52,377.57
2020-07-14T14:25:00Z,377.64,378.11,377.02,377.8648
2020-07-14T14:26:00Z,377.9,378.6,377.78,378.52
2020-07-14T14:27:00Z,378.5,378.54,377.89,378.18
2020-07-14T14:28:00Z,378.21,378.54,378.0392,378.17
2020-07-14T14:29:00Z,378.19,379.43,378.05,379.13
2020-07-14T14:30:00Z,379.135,380.24,378.99,380.2
2020-07-14T14:31:00Z,380.1501,380.78,379.95,380.53
2020-07-14T14:32:00Z,380.5999,381.16,380.5999,381.0167
2020-07-14T14:33:00Z,381.05,381.415,380.8,380.959
2020-07-14T14:34:00Z,381,381.55,380.86,381.155
2020-07-14T14:35:00Z,381.156,381.21,380.66,380.805
2020-07-14T14:36:00Z,380.83,380.97,380.1801,380.24
2020-07-14T14:37:00Z,380.24,380.32,379.236,379.39
2020-07-14T14:38:00Z,379.362,379.59,378.9,379.055
2020-07-14T14:39:00Z,379.06,379.63,378.72,378.87
2020-07-14T14:40:00Z,378.8699,379.99,378.79,379.97
2020-07-14T14:41:00Z,380,380.05,379.61,379.973
2020-07-14T14:42:00Z,379.95,380.59,379.38,380.54
2020-07-14T14:43:00Z,380.56,380.85,379.9345,380.27
2020-07-14T14:44:00Z,380.26,380.4499,379.41,379.78
2020-07-14T14:45:00Z,379.7888,380.15,379.7272,379.79
2020-07-14T14:46:00Z,379.82,380.1,379.54,379.61
2020-07-14T14:47:00Z,379.61,380.2,379.5,380.12
2020-07-14T14:48:00Z,380.03,380.88,380.03,380.66
2020-07-14T14:49:00Z,380.68,380.8572,380.3,380.8572
2020-07-14T14:50:00Z,380.85,380.85,380.21,380.52
2020-07-14T14:51:00Z,380.545,380.575,379.9,380.36
2020-07-14T14:52:00Z,380.42,380.77,380.3,380.5
2020-07-14T14:53:00Z,380.495,381.46,380.22,381.3807
2020-07-14T14:54:00Z,381.38,381.74,381.11,381.74
2020-07-14T14:55:00Z,381.7,381.75,380.95,380.96
2020-07-14T14:56:00Z,380.96,381.02,379.95,380.03
2020-07-14T14:57:00Z,379.99,380.5,379.99,380.115
2020-07-14T14:58:00Z,380.0994,380.12,379.45,379.6701
2020-07-14T14:59:00Z,379.76,380.07,379.3349,379.35
2020-07-14T15:00:00Z,379.36,379.81,378.5802,378.5802
2020-07-14T15:01:00Z,378.66,379.54,378.625,379.38
2020-07-14T15:02:00Z,379.38,379.81,379.33,379.6
2020-07-14T15:03:00Z,379.63,380.6,379.49,380.4064
2020-07-14T15:04:00Z,380.415,380.62,379.17,379.17
2020-07-14T15:05:00Z,379.2,379.37,378.0307,378.16
2020-07-14T15:06:00Z,378.16,378.925,378.08,378.825
2020-07-14T15:07:00Z,378.84,379.95,378.7601,379.82
2020-07-14T15:08:00Z,379.86,379.86,379.42,379.62
2020-07-14T15:09:00Z,379.59,380.25,379.41,379.68
2020-07-14T15:10:00Z,379.6201,380.87,379.6201,380.47
2020-07-14T15:11:00Z,380.505,380.92,380.32,380.76
2020-07-14T15:12:00Z,380.79,380.9,380.4891,380.6156
2020-07-14T15:13:00Z,380.69,380.92,380.54,380.54
2020-07-14T15:14:00Z,380.59,380.775,379.98,380.23
2020-07-14T15:15:00Z,380.18,380.79,380.13,380.13
2020-07-14T15:16:00Z,380.11,380.165,379.1,379.1364
2020-07-14T15:17:00Z,379.1,380.43,379.09,380.42
2020-07-14T15:18:00Z,380.36,380.79,380.2116,380.465
2020-07-14T15:19:00Z,380.4373,380.92,380.37,380.85
2020-07-14T15:20:00Z,380.89,381.36,380.72,380.83
2020-07-14T15:21:00Z,380.87,381.29,380.48,381.1171
2020-07-14T15:22:00Z,381.13,381.31,380.85,381.16
2020-07-14T15:23:00Z,381.16,381.46,380.9,381
2020-07-14T15:24:00Z,380.92,381.33,380.79,380.846
2020-07-14T15:25:00Z,380.86,381.315,380.8301,381.17
2020-07-14T15:26:00Z,381.1554,381.43,380.53,380.7
2020-07-14T15:27:00Z,380.81,380.96,380.65,380.92
2020-07-14T15:28:00Z,380.86,381.14,380.7,381.09
2020-07-14T15:29:00Z,381.13,381.35,380.99,381.02
2020-07-14T15:30:00Z,381,381.19,380.32,380.585
2020-07-14T15:31:00Z,380.67,381.1994,380.56,380.7422
2020-07-14T15:32:00Z,380.77,381.0699,380.68,380.7933
2020-07-14T15:33:00Z,380.81,382.1,380.81,381.9244
2020-07-14T15:34:00Z,381.87,382.45,381.71,382.41
2020-07-14T15:35:00Z,382.35,382.845,382.2161,382.77
2020-07-14T15:36:00Z,382.8,382.8,382.32,382.6422
2020-07-14T15:37:00Z,382.65,383.25,382.6,383
2020-07-14T15:38:00Z,383.06,383.4915,382.9301,383.3362
2020-07-14T15:39:00Z,383.29,383.3425,382.591,382.6309
2020-07-14T15:40:00Z,382.6,383.23,382.4406,383.065
2020-07-14T15:41:00Z,383.1599,383.8399,383.1599,383.74
2020-07-14T15:42:00Z,383.7227,384.15,383.72,384.13
2020-07-14T15:43:00Z,384.1422,384.15,383.91,383.9705
2020-07-14T15:44:00Z,383.95,384,383.3,383.69
2020-07-14T15:45:00Z,383.7559,384.32,383.38,383.425
2020-07-14T15:46:00Z,383.42,383.46,382.64,382.8284
2020-07-14T15:47:00Z,382.88,383.31,382.88,383.2182
2020-07-14T15:48:00Z,383.28,383.55,383.17,383.4
2020-07-14T15:49:00Z,383.38,383.71,383.3355,383.3725
2020-07-14T15:50:00Z,383.365,383.95,383.22,383.8771
2020-07-14T15:51:00Z,383.83,383.8399,383.46,383.62
2020-07-14T15:52:00Z,383.6177,383.6177,383.1201,383.464
2020-07-14T15:53:00Z,383.45,383.55,383.12,383.12
2020-07-14T15:54:00Z,383.17,383.2,382.53,382.54
2020-07-14T15:55:00Z,382.5892,382.78,382.2409,382.6
2020-07-14T15:56:00Z,382.59,382.65,382.0503,382.12
2020-07-14T15:57:00Z,382.13,382.4,382.04,382.33
2020-07-14T15:58:00Z,382.295,382.6799,382.24,382.31
2020-07-14T15:59:00Z,382.355,382.4,381.93,382.16
2020-07-14T16:00:00Z,382.106,382.5062,382.1,382.3
2020-07-14T16:01:00Z,382.3,382.3399,381.7,381.98
2020-07-14T16:02:00Z,381.89,382.11,381.75,381.96
2020-07-14T16:03:00Z,381.96,382.4,381.96,382.34
2020-07-14T16:04:00Z,382.35,382.67,382.03,382.57
2020-07-14T16:05:00Z,382.54,382.78,382.0694,382.1101
2020-07-14T16:06:00Z,382.1101,382.1101,381.57,381.735
2020-07-14T16:07:00Z,381.77,382.14,381.71,381.83
2020-07-14T16:08:00Z,381.89,382.21,381.86,382.14
2020-07-14T16:09:00Z,382.1699,382.175,381.63,381.83
2020-07-14T16:10:00Z,381.87,382.5,381.7964,382.5
2020-07-14T16:11:00Z,382.52,382.5302,382.037,382.38
2020-07-14T16:12:00Z,382.34,382.51,382.2678,382.31
2020-07-14T16:13:00Z,382.34,382.5499,382.14,382.19
2020-07-14T16:14:00Z,382.25,382.2752,381.92,382.17
2020-07-14T16:15:00Z,382.13,382.22,381.94,382.1
2020-07-14T16:16:00Z,382.14,382.6,382.05,382.52
2020-07-14T16:17:00Z,382.57,383.3,382.52,383.2317
2020-07-14T16:18:00Z,383.23,383.94,383.2,383.7405
2020-07-14T16:19:00Z,383.78,383.83,383.341,383.43
2020-07-14T16:20:00Z,383.435,383.6399,383.1619,383.46
2020-07-14T16:21:00Z,383.4549,383.77,383.3701,383.7
2020-07-14T16:22:00Z,383.72,384.1,383.69,383.85
2020-07-14T16:23:00Z,383.8156,384.07,383.735,383.735
2020-07-14T16:24:00Z,383.7,383.95,383.64,383.72
2020-07-14T16:25:00Z,383.72,383.72,383.16,383.39
2020-07-14T16:26:00Z,383.43,383.47,383.23,383.3439
2020-07-14T16:27:00Z,383.35,383.35,383.04,383.19
2020-07-14T16:28:00Z,383.22,383.28,382.82,382.865
2020-07-14T16:29:00Z,382.86,383.034,382.42,382.55
2020-07-14T16:30:00Z,382.565,383.0262,382.565,383
2020-07-14T16:31:00Z,383.001,383.4,382.98,383.2
2020-07-14T16:32:00Z,383.19,383.45,383.0627,383.31
2020-07-14T16:33:00Z,383.3646,383.3646,383.01,383.0501
2020-07-14T16:34:00Z,383.0501,383.1,382.58,382.76
2020-07-14T16:35:00Z,382.82,383.47,382.82,383.37
2020-07-14T16:36:00Z,383.42,383.51,383.25,383.37
2020-07-14T16:37:00Z,383.345,383.5,383.24,383.47
2020-07-14T16:38:00Z,383.47,383.62,383.2801,383.4099
2020-07-14T16:39:00Z,383.425,383.51,383.15,383.4433
2020-07-14T16:40:00Z,383.4503,383.66,383.13,383.16
2020-07-14T16:41:00Z,383.181,383.42,383.14,383.3
2020-07-14T16:42:00Z,383.33,383.3619,382.68,382.876
2020-07-14T16:43:00Z,382.855,383.175,382.845,383.05
2020-07-14T16:44:00Z,383.05,383.08,382.4,382.55
2020-07-14T16:45:00Z,382.64,383.19,382.64,383.19
2020-07-14T16:46:00Z,383.23,383.55,383.13,383.31
2020-07-14T16:47:00Z,383.24,383.34,383.14,383.33
2020-07-14T16:48:00Z,383.36,383.45,383.2149,383.3
2020-07-14T16:49:00Z,383.32,383.5299,383.31,383.36
2020-07-14T16:50:00Z,383.3501,383.3501,382.92,383.005
2020-07-14T16:51:00Z,383.0299,383.06,382.39,382.54
2020-07-14T16:52:00Z,382.57,382.76,382.5201,382.64
2020-07-14T16:53:00Z,382.64,382.72,382.22,382.22
2020-07-14T16:54:00Z,382.26,382.4199,382.02,382.06
2020-07-14T16:55:00Z,382.05,382.22,381.49,381.54
2020-07-14T16:56:00Z,381.615,381.7299,381.42,381.51
2020-07-14T16:57:00Z,381.5418,381.5505,381.11,381.29
2020-07-14T16:58:00Z,381.32,381.65,381.23,381.39
2020-07-14T16:59:00Z,381.39,381.63,381.38,381.48
2020-07-14T17:00:00Z,381.4001,381.65,380.95,380.956
2020-07-14T17:01:00Z,380.95,381.04,380.52,380.696
2020-07-14T17:02:00Z,380.67,381.0285,380.38,380.38
2020-07-14T17:03:00Z,380.4,380.7,380.39,380.67
2020-07-14T17:04:00Z,380.66,380.84,380.5512,380.68
2020-07-14T17:05:00Z,380.7599,381.2299,380.65,381.1867
2020-07-14T17:06:00Z,381.155,381.17,380.67,380.86
2020-07-14T17:07:00Z,380.88,380.91,380.21,380.335
2020-07-14T17:08:00Z,380.32,380.4713,380.02,380.37
2020-07-14T17:09:00Z,380.35,380.59,380.33,380.4
2020-07-14T17:10:00Z,380.37,380.42,380.06,380.3165
2020-07-14T17:11:00Z,380.4507,380.9,380.33,380.8298
2020-07-14T17:12:00Z,380.76,380.76,380.53,380.63
2020-07-14T17:13:00Z,380.5804,381.25,380.5804,381.1512
2020-07-14T17:14:00Z,381.11,381.58,381.06,381.3854
2020-07-14T17:15:00Z,381.4,381.61,381.22,381.5845
2020-07-14T17:16:00Z,381.62,381.73,381.1802,381.2999
2020-07-14T17:17:00Z,381.3,381.52,381.19,381.32
2020-07-14T17:18:00Z,381.27,381.32,380.8,381.032
2020-07-14T17:19:00Z,381.11,381.29,380.8933,381.0989
2020-07-14T17:20:00Z,381.08,381.4899,380.98,381.435
2020-07-14T17:21:00Z,381.47,381.91,381.31,381.6536
2020-07-14T17:22:00Z,381.65,381.86,381.43,381.6401
2020-07-14T17:23:00Z,381.6897,381.7299,381.5779,381.595
2020-07-14T17:24:00Z,381.57,381.585,381.352,381.52
2020-07-14T17:25:00Z,381.49,381.86,381.3,381.7501
2020-07-14T17:26:00Z,381.7501,381.959,381.6533,381.959
2020-07-14T17:27:00Z,381.92,382.16,381.91,382.075
2020-07-14T17:28:00Z,382.09,382.1599,381.899,381.98
2020-07-14T17:29:00Z,381.9551,381.9899,381.76,381.78
2020-07-14T17:30:00Z,381.8,382.224,381.71,382.1304
2020-07-14T17:31:00Z,382.155,382.72,382.155,382.67
2020-07-14T17:32:00Z,382.655,382.77,382.47,382.73
2020-07-14T17:33:00Z,382.6693,382.9384,382.6693,382.8941
2020-07-14T17:34:00Z,382.93,382.99,382.69,382.69
2020-07-14T17:35:00Z,382.725,382.88,382.5643,382.85
2020-07-14T17:36:00Z,382.76,383.07,382.73,382.98
2020-07-14T17:37:00Z,382.99,382.99,382.5601,382.7
2020-07-14T17:38:00Z,382.77,383.42,382.77,383.205
2020-07-14T17:39:00Z,383.19,383.5,383.11,383.4
2020-07-14T17:40:00Z,383.4299,383.44,383.21,383.33
2020-07-14T17:41:00Z,383.32,383.32,383.0512,383.205
2020-07-14T17:42:00Z,383.225,383.5299,383.15,383.4
2020-07-14T17:43:00Z,383.48,383.62,383.38,383.5267
2020-07-14T17:44:00Z,383.56,383.67,383.43,383.46
2020-07-14T17:45:00Z,383.495,383.6299,383.28,383.6299
2020-07-14T17:46:00Z,383.64,383.9,383.53,383.572
2020-07-14T17:47:00Z,383.5853,383.605,383.1301,383.4501
2020-07-14T17:48:00Z,383.51,383.84,383.49,383.7502
2020-07-14T17:49:00Z,383.75,383.87,383.41,383.565
2020-07-14T17:50:00Z,383.5495,383.66,383.28,383.34
2020-07-14T17:51:00Z,383.32,383.34,382.9289,383.26
2020-07-14T17:52:00Z,383.2799,383.5,383.22,383.4228
2020-07-14T17:53:00Z,383.42,384.22,383.42,384.22
2020-07-14T17:54:00Z,384.16,384.58,384.12,384.38
2020-07-14T17:55:00Z,384.3635,384.6,383.98,384.5
2020-07-14T17:56:00Z,384.53,384.799,384.47,384.47
2020-07-14T17:57:00Z,384.5096,384.5623,384.07,384.3301
2020-07-14T17:58:00Z,384.33,384.51,382.82,383.31
2020-07-14T17:59:00Z,383.35,383.49,382.48,382.9915
2020-07-14T18:00:00Z,383.05,384.22,382.57,383.8
2020-07-14T18:01:00Z,383.8001,384.26,383.6501,383.9611
2020-07-14T18:02:00Z,383.99,384.6,383.99,384.2899
2020-07-14T18:03:00Z,384.3,384.34,383.78,384.229
2020-07-14T18:04:00Z,384.1867,384.3899,383.98,384.1016
2020-07-14T18:05:00Z,384.1,384.185,383.9,384.03
2020-07-14T18:06:00Z,384.17,384.17,383.7301,383.7713
2020-07-14T18:07:00Z,383.72,383.8994,383.44,383.7388
2020-07-14T18:08:00Z,383.7099,383.99,383.6501,383.78
2020-07-14T18:09:00Z,383.7753,384.25,383.7753,384.25
2020-07-14T18:10:00Z,384.24,384.46,383.97,383.97
2020-07-14T18:11:00Z,384.02,384.33,383.95,384.3099
2020-07-14T18:12:00Z,384.3,384.47,384.19,384.2626
2020-07-14T18:13:00Z,384.2227,384.59,384.02,384.4833
2020-07-14T18:14:00Z,384.4881,384.7633,384.3703,384.72
2020-07-14T18:15:00Z,384.72,385.0999,384.54,385.005
2020-07-14T18:16:00Z,384.99,385.0173,384.66,384.81
2020-07-14T18:17:00Z,384.78,385.2,384.6416,385.1475
2020-07-14T18:18:00Z,385.1994,385.47,384.97,385.435
2020-07-14T18:19:00Z,385.46,385.7,385.21,385.6107
2020-07-14T18:20:00Z,385.68,386,385.4,385.963
2020-07-14T18:21:00Z,386,386.37,385.8601,386.31
2020-07-14T18:22:00Z,386.35,386.81,385.92,386.71
2020-07-14T18:23:00Z,386.7418,386.7599,386.48,386.68
2020-07-14T18:24:00Z,386.69,386.69,386.15,386.57
2020-07-14T18:25:00Z,386.5837,386.94,386.47,386.57
2020-07-14T18:26:00Z,386.6,386.77,386.16,386.2405
2020-07-14T18:27:00Z,386.275,386.69,385.84,386
2020-07-14T18:28:00Z,386.0001,386.43,386.0001,386.29
2020-07-14T18:29:00Z,386.2711,386.64,386.1101,386.55
2020-07-14T18:30:00Z,386.55,387.15,386.55,386.85
2020-07-14T18:31:00Z,386.8693,387.12,386.78,387.0088
2020-07-14T18:32:00Z,386.92,387.47,386.92,387.18
2020-07-14T18:33:00Z,387.18,387.2773,386.6816,386.8394
2020-07-14T18:34:00Z,386.8102,387.1519,386.59,386.7939
2020-07-14T18:35:00Z,386.86,387.02,386.35,386.7
2020-07-14T18:36:00Z,386.7599,386.9066,386.57,386.805
2020-07-14T18:37:00Z,386.8025,386.8295,385.9466,385.96
2020-07-14T18:38:00Z,385.94,386.045,385.59,385.7488
2020-07-14T18:39:00Z,385.7328,386,385.4158,385.6199
2020-07-14T18:40:00Z,385.62,386.1385,385.62,386.01
2020-07-14T18:41:00Z,386.03,386.09,385.53,385.825
2020-07-14T18:42:00Z,385.87,386.0699,385.74,385.7701
2020-07-14T18:43:00Z,385.8285,386.14,385.73,385.9355
2020-07-14T18:44:00Z,385.99,386.13,385.9,385.95
2020-07-14T18:45:00Z,385.9,386.7064,385.64,386.54
2020-07-14T18:46:00Z,386.51,386.62,386.36,386.41
2020-07-14T18:47:00Z,386.36,386.45,386.02,386.23
2020-07-14T18:48:00Z,386.21,386.3,385.63,385.63
2020-07-14T18:49:00Z,385.6,385.82,385.34,385.4699
2020-07-14T18:50:00Z,385.41,385.93,385.39,385.7
2020-07-14T18:51:00Z,385.76,385.8199,385.38,385.58
2020-07-14T18:52:00Z,385.56,385.74,385.43,385.64
2020-07-14T18:53:00Z,385.6065,385.7279,385.25,385.3937
2020-07-14T18:54:00Z,385.43,385.7423,385.4083,385.64
2020-07-14T18:55:00Z,385.6,385.63,385.17,385.4
2020-07-14T18:56:00Z,385.38,386.24,385.32,386.1
2020-07-14T18:57:00Z,386.09,386.66,386.07,386.66
2020-07-14T18:58:00Z,386.63,386.8,386.36,386.495
2020-07-14T18:59:00Z,386.46,386.68,386.34,386.57
2020-07-14T19:00:00Z,386.59,386.65,386.11,386.6321
2020-07-14T19:01:00Z,386.65,386.8,386.36,386.615
2020-07-14T19:02:00Z,386.6001,386.65,385.91,385.99
2020-07-14T19:03:00Z,386.01,386.14,385.22,385.285
2020-07-14T19:04:00Z,385.32,385.32,384.4305,384.64
2020-07-14T19:05:00Z,384.66,384.9199,384.25,384.32
2020-07-14T19:06:00Z,384.34,384.69,383.85,383.85
2020-07-14T19:07:00Z,383.86,384.4599,383.85,384.3499
2020-07-14T19:08:00Z,384.32,384.62,384.11,384.495
2020-07-14T19:09:00Z,384.47,384.47,383.9,384.0401
2020-07-14T19:10:00Z,384.07,384.47,384.07,384.225
2020-07-14T19:11:00Z,384.2592,384.59,384.14,384.28
2020-07-14T19:12:00Z,384.35,384.4799,383.65,383.9099
2020-07-14T19:13:00Z,383.88,383.96,383.37,383.65
2020-07-14T19:14:00Z,383.67,383.9926,383.6,383.865
2020-07-14T19:15:00Z,383.84,383.855,383.36,383.575
2020-07-14T19:16:00Z,383.52,383.52,382.87,383.27
2020-07-14T19:17:00Z,383.23,383.5099,383.1,383.5099
2020-07-14T19:18:00Z,383.45,383.57,383.22,383.54
2020-07-14T19:19:00Z,383.535,383.949,383.5,383.78
2020-07-14T19:20:00Z,383.75,384.71,383.6801,384.6403
2020-07-14T19:21:00Z,384.66,385.12,384.36,385.035
2020-07-14T19:22:00Z,385.03,385.13,384.65,385.06
2020-07-14T19:23:00Z,385.04,385.49,385.03,385.49
2020-07-14T19:24:00Z,385.46,385.9,385.24,385.54
2020-07-14T19:25:00Z,385.574,385.9,385.4,385.88
2020-07-14T19:26:00Z,385.88,386.16,385.82,386.12
2020-07-14T19:27:00Z,386.1008,386.17,385.64,385.79
2020-07-14T19:28:00Z,385.7503,385.79,385.23,385.254
2020-07-14T19:29:00Z,385.25,385.79,385.17,385.7827
2020-07-14T19:30:00Z,385.8,385.8211,385.31,385.4259
2020-07-14T19:31:00Z,385.38,386.08,385.38,386.0399
2020-07-14T19:32:00Z,386.02,386.03,385.5,385.53
2020-07-14T19:33:00Z,385.541,386.18,385.541,386.09
2020-07-14T19:34:00Z,386.07,386.17,385.82,385.9779
2020-07-14T19:35:00Z,385.99,386.04,385.31,385.64
2020-07-14T19:36:00Z,385.7,385.9,385.52,385.55
2020-07-14T19:37:00Z,385.6025,385.63,385.26,385.5294
2020-07-14T19:38:00Z,385.56,386,385.43,385.98
2020-07-14T19:39:00Z,385.99,386.39,385.81,386.2801
2020-07-14T19:40:00Z,386.29,386.63,386.12,386.595
2020-07-14T19:41:00Z,386.5762,386.59,386.31,386.43
2020-07-14T19:42:00Z,386.44,386.94,386.37,386.89
2020-07-14T19:43:00Z,386.89,387.3,386.89,387.15
2020-07-14T19:44:00Z,387.19,387.2,386.6,386.7
2020-07-14T19:45:00Z,386.7,386.95,386.65,386.916
2020-07-14T19:46:00Z,386.9154,386.97,386.72,386.8399
2020-07-14T19:47:00Z,386.82,387.1,386.62,386.925
2020-07-14T19:48:00Z,386.9,387.2,386.87,387.0901
2020-07-14T19:49:00Z,387.115,388,386.81,387.5175
2020-07-14T19:50:00Z,387.556,389,387.556,388.4
2020-07-14T19:51:00Z,388.34,388.69,388.14,388.32
2020-07-14T19:52:00Z,388.37,388.74,388.29,388.67
2020-07-14T19:53:00Z,388.69,388.8,388.5,388.8
2020-07-14T19:54:00Z,388.8,388.95,388.37,388.47
2020-07-14T19:55:00Z,388.51,388.9,387.69,388.84
2020-07-14T19:56:00Z,388.855,388.95,388.49,388.8834
2020-07-14T19:57:00Z,388.9,389.02,388.56,388.71
2020-07-14T19:58:00Z,388.73,389,388.715,388.92
2020-07-14T19:59:00Z,388.94,389.02,388.16,388.21
