2018-11-26T13:30:00Z,174.38,174.38,174.38,174.38
2018-11-26T13:31:00Z,174.4199,174.4199,174.4199,174.4199
2018-11-26T13:32:00Z,174.35,174.35,174.3,174.3
2018-11-26T13:33:00Z,174.2,174.25,174.15,174.15
2018-11-26T13:34:00Z,174.27,174.3,174.25,174.3
2018-11-26T13:35:00Z,174.35,174.35,174.16,174.16
2018-11-26T13:36:00Z,174.15,174.25,174.13,174.25
2018-11-26T13:37:00Z,174.3,174.35,174.2,174.2
2018-11-26T13:38:00Z,174.21,174.24,174.18,174.24
2018-11-26T13:39:00Z,174.23,174.32,174.23,174.32
2018-11-26T13:40:00Z,174.25,174.25,174.02,174.13
2018-11-26T13:41:00Z,174.04,174.15,173.85,173.85
2018-11-26T13:42:00Z,173.95,174.09,173.95,173.95
2018-11-26T13:43:00Z,174.01,174.11,173.99,174
2018-11-26T13:44:00Z,174.05,174.09,173.97,174.09
2018-11-26T13:45:00Z,173.96,174,173.93,174
2018-11-26T13:46:00Z,174.04,174.11,174,174.1
2018-11-26T13:47:00Z,174.1,174.15,174.1,174.15
2018-11-26T13:48:00Z,174.2,174.2,174.08,174.08
2018-11-26T13:49:00Z,174.14,174.15,174.14,174.15
2018-11-26T13:50:00Z,174.1,174.1,174,174.06
2018-11-26T13:51:00Z,174.03,174.05,174,174.05
2018-11-26T13:52:00Z,173.98,173.98,173.92,173.92
2018-11-26T13:53:00Z,173.96,174.1,173.96,174.1
2018-11-26T13:54:00Z,174.11,174.15,174.05,174.08
2018-11-26T13:55:00Z,174.08,174.14,174.05,174.08
2018-11-26T13:56:00Z,174.08,174.08,174.03,174.03
2018-11-26T13:57:00Z,174.07,174.07,174.07,174.07
2018-11-26T13:58:00Z,174.08,174.2,174,174.2
2018-11-26T13:59:00Z,174.11,174.25,174.11,174.25
2018-11-26T14:00:00Z,174.25,174.28,174.21,174.21
2018-11-26T14:01:00Z,174.25,174.44,174.24,174.4
2018-11-26T14:02:00Z,174.41,174.41,174.3,174.3
2018-11-26T14:03:00Z,174.2999,174.39,174.25,174.25
2018-11-26T14:04:00Z,174.25,174.36,174.25,174.36
2018-11-26T14:05:00Z,174.36,174.45,174.36,174.45
2018-11-26T14:06:00Z,174.43,174.45,174.4,174.4
2018-11-26T14:07:00Z,174.37,174.37,174.28,174.28
2018-11-26T14:08:00Z,174.4,174.4,174.3,174.31
2018-11-26T14:09:00Z,174.31,174.31,174.3,174.31
2018-11-26T14:10:00Z,174.36,174.37,174.31,174.31
2018-11-26T14:11:00Z,174.36,174.36,174.3599,174.36
2018-11-26T14:12:00Z,174.41,174.44,174.41,174.44
2018-11-26T14:14:00Z,174.45,174.45,174.42,174.42
2018-11-26T14:15:00Z,174.45,174.45,174.44,174.45
2018-11-26T14:16:00Z,174.45,174.46,174.38,174.39
2018-11-26T14:17:00Z,174.37,174.37,174.21,174.26
2018-11-26T14:18:00Z,174.22,174.22,174.2,174.2
2018-11-26T14:19:00Z,174.25,174.34,174.25,174.34
2018-11-26T14:20:00Z,174.37,174.38,174.3101,174.3101
2018-11-26T14:21:00Z,174.37,174.39,174.3,174.3
2018-11-26T14:22:00Z,174.3,174.31,174.3,174.3
2018-11-26T14:23:00Z,174.31,174.31,174.3,174.3
2018-11-26T14:24:00Z,174.3,174.3,174.25,174.25
2018-11-26T14:25:00Z,174.33,174.39,174.33,174.39
2018-11-26T14:26:00Z,174.28,174.3,174.25,174.25
2018-11-26T14:27:00Z,174.3,174.34,174.25,174.25
2018-11-26T14:28:00Z,174.3,174.3,174.15,174.15
2018-11-26T14:29:00Z,174.15,174.32,174.02,174.25
2018-11-26T14:30:00Z,174.24,174.8,174.15,174.4821
2018-11-26T14:31:00Z,174.41,174.59,174.18,174.4475
2018-11-26T14:32:00Z,174.46,174.46,174.19,174.2983
2018-11-26T14:33:00Z,174.29,174.65,173.91,174.055
2018-11-26T14:34:00Z,174.09,174.17,173.7,173.8761
2018-11-26T14:35:00Z,173.87,174,173.64,173.7249
2018-11-26T14:36:00Z,173.74,173.93,173.13,173.2299
2018-11-26T14:37:00Z,173.2314,173.33,172.89,172.9318
2018-11-26T14:38:00Z,172.96,173.1,172.775,172.92
2018-11-26T14:39:00Z,172.92,173.28,172.91,173.18
2018-11-26T14:40:00Z,173.19,173.39,173.18,173.35
2018-11-26T14:41:00Z,173.35,173.92,173.35,173.84
2018-11-26T14:42:00Z,173.809,173.94,173.68,173.8
2018-11-26T14:43:00Z,173.8,173.84,173.51,173.675
2018-11-26T14:44:00Z,173.68,174.14,173.61,173.9983
2018-11-26T14:45:00Z,174.02,174.34,174.0015,174.07
2018-11-26T14:46:00Z,174.0601,174.0601,173.8293,173.99
2018-11-26T14:47:00Z,174.0081,174.23,173.7615,173.8015
2018-11-26T14:48:00Z,173.8178,174.09,173.77,174.0241
2018-11-26T14:49:00Z,174.0419,174.5,174,174.34
2018-11-26T14:50:00Z,174.33,174.5,174.27,174.38
2018-11-26T14:51:00Z,174.39,174.63,174.21,174.5115
2018-11-26T14:52:00Z,174.52,174.6,174.42,174.4533
2018-11-26T14:53:00Z,174.455,174.71,174.44,174.67
2018-11-26T14:54:00Z,174.71,174.95,174.61,174.9297
2018-11-26T14:55:00Z,174.8801,174.93,174.59,174.79
2018-11-26T14:56:00Z,174.79,174.8485,174.66,174.75
2018-11-26T14:57:00Z,174.74,174.74,174.37,174.489
2018-11-26T14:58:00Z,174.4807,174.75,174.38,174.66
2018-11-26T14:59:00Z,174.6557,174.77,174.64,174.66
2018-11-26T15:00:00Z,174.68,174.71,174.17,174.2902
2018-11-26T15:01:00Z,174.25,174.34,174.12,174.3011
2018-11-26T15:02:00Z,174.3169,174.57,174.2,174.53
2018-11-26T15:03:00Z,174.515,174.54,174.24,174.42
2018-11-26T15:04:00Z,174.4261,174.47,174.18,174.2804
2018-11-26T15:05:00Z,174.24,174.41,174.22,174.32
2018-11-26T15:06:00Z,174.309,174.31,173.81,173.95
2018-11-26T15:07:00Z,173.9577,173.96,173.55,173.7391
2018-11-26T15:08:00Z,173.76,173.84,173.59,173.6601
2018-11-26T15:09:00Z,173.6448,173.71,173.5,173.63
2018-11-26T15:10:00Z,173.66,173.69,173.51,173.5997
2018-11-26T15:11:00Z,173.6002,173.635,173.32,173.4199
2018-11-26T15:12:00Z,173.39,173.63,173.34,173.4771
2018-11-26T15:13:00Z,173.49,173.64,173.43,173.6065
2018-11-26T15:14:00Z,173.6199,173.74,173.59,173.65
2018-11-26T15:15:00Z,173.65,173.7096,173.13,173.2156
2018-11-26T15:16:00Z,173.23,173.38,173.05,173.08
2018-11-26T15:17:00Z,173.08,173.1596,172.78,173.138
2018-11-26T15:18:00Z,173.1338,173.25,173.0703,173.11
2018-11-26T15:19:00Z,173.1,173.17,172.99,173.035
2018-11-26T15:20:00Z,173.035,173.34,172.94,173.25
2018-11-26T15:21:00Z,173.3,173.39,173.2,173.2293
2018-11-26T15:22:00Z,173.2111,173.2696,173.06,173.23
2018-11-26T15:23:00Z,173.2276,173.33,173.1801,173.3235
2018-11-26T15:24:00Z,173.31,173.42,173.24,173.305
2018-11-26T15:25:00Z,173.3,173.41,173.3,173.35
2018-11-26T15:26:00Z,173.3537,173.38,173.17,173.2035
2018-11-26T15:27:00Z,173.2,173.46,173.18,173.45
2018-11-26T15:28:00Z,173.4542,173.62,173.43,173.5435
2018-11-26T15:29:00Z,173.56,173.6032,173.44,173.56
2018-11-26T15:30:00Z,173.6,173.7,173.5779,173.5999
2018-11-26T15:31:00Z,173.58,173.73,173.51,173.69
2018-11-26T15:32:00Z,173.6779,173.72,173.45,173.51
2018-11-26T15:33:00Z,173.5,173.71,173.5,173.59
2018-11-26T15:34:00Z,173.59,173.73,173.58,173.65
2018-11-26T15:35:00Z,173.655,173.73,173.52,173.57
2018-11-26T15:36:00Z,173.565,173.75,173.24,173.63
2018-11-26T15:37:00Z,173.62,173.76,173.4,173.68
2018-11-26T15:38:00Z,173.6713,173.74,173.57,173.625
2018-11-26T15:39:00Z,173.61,173.7,173.6068,173.64
2018-11-26T15:40:00Z,173.6,173.69,173.4,173.51
2018-11-26T15:41:00Z,173.51,173.66,173.4103,173.6
2018-11-26T15:42:00Z,173.62,173.7,173.6,173.7
2018-11-26T15:43:00Z,173.6999,173.74,173.27,173.52
2018-11-26T15:44:00Z,173.47,173.85,173.47,173.68
2018-11-26T15:45:00Z,173.68,173.76,173.61,173.6935
2018-11-26T15:46:00Z,173.72,173.73,173.5,173.5499
2018-11-26T15:47:00Z,173.545,173.5999,173.3,173.3254
2018-11-26T15:48:00Z,173.34,173.55,173.34,173.535
2018-11-26T15:49:00Z,173.535,173.5494,173.36,173.5494
2018-11-26T15:50:00Z,173.5483,173.56,173.311,173.501
2018-11-26T15:51:00Z,173.51,173.75,173.49,173.59
2018-11-26T15:52:00Z,173.6,173.71,173.59,173.635
2018-11-26T15:53:00Z,173.6386,173.9,173.62,173.9
2018-11-26T15:54:00Z,173.91,174.26,173.89,174.15
2018-11-26T15:55:00Z,174.16,174.38,174.16,174.2559
2018-11-26T15:56:00Z,174.2472,174.33,174.16,174.24
2018-11-26T15:57:00Z,174.28,174.3,174.17,174.237
2018-11-26T15:58:00Z,174.23,174.29,174.09,174.155
2018-11-26T15:59:00Z,174.166,174.17,174.03,174.03
2018-11-26T16:00:00Z,174.02,174.062,173.9031,173.93
2018-11-26T16:01:00Z,173.91,174.05,173.8,173.8
2018-11-26T16:02:00Z,173.79,173.86,173.64,173.73
2018-11-26T16:03:00Z,173.71,173.74,173.62,173.665
2018-11-26T16:04:00Z,173.67,173.67,173.46,173.52
2018-11-26T16:05:00Z,173.515,173.54,173.35,173.455
2018-11-26T16:06:00Z,173.48,173.54,173.3,173.39
2018-11-26T16:07:00Z,173.41,173.5,172.9,172.99
2018-11-26T16:08:00Z,173.02,173.38,172.97,173.38
2018-11-26T16:09:00Z,173.37,173.41,173.22,173.245
2018-11-26T16:10:00Z,173.23,173.27,173.11,173.255
2018-11-26T16:11:00Z,173.24,173.29,173.18,173.27
2018-11-26T16:12:00Z,173.29,173.32,173.14,173.186
2018-11-26T16:13:00Z,173.16,173.3,173.12,173.295
2018-11-26T16:14:00Z,173.27,173.35,173.1,173.2
2018-11-26T16:15:00Z,173.18,173.23,172.94,173.08
2018-11-26T16:16:00Z,173.05,173.28,173.02,173.28
2018-11-26T16:17:00Z,173.28,173.4899,173.1,173.43
2018-11-26T16:18:00Z,173.42,173.44,173.32,173.42
2018-11-26T16:19:00Z,173.4,173.49,173.3,173.4
2018-11-26T16:20:00Z,173.41,173.41,173.23,173.27
2018-11-26T16:21:00Z,173.28,173.42,173.22,173.29
2018-11-26T16:22:00Z,173.27,173.29,173,173.131
2018-11-26T16:23:00Z,173.1703,173.19,173.01,173.08
2018-11-26T16:24:00Z,173.09,173.09,172.94,173.05
2018-11-26T16:25:00Z,173.0774,173.08,172.92,172.9302
2018-11-26T16:26:00Z,172.95,172.99,172.58,172.5973
2018-11-26T16:27:00Z,172.61,172.67,172.4,172.54
2018-11-26T16:28:00Z,172.52,172.6199,172.4104,172.44
2018-11-26T16:29:00Z,172.44,172.59,172.43,172.56
2018-11-26T16:30:00Z,172.54,172.55,172.18,172.24
2018-11-26T16:31:00Z,172.23,172.42,172.23,172.3275
2018-11-26T16:32:00Z,172.3369,172.39,172.18,172.21
2018-11-26T16:33:00Z,172.2198,172.2648,172.07,172.137
2018-11-26T16:34:00Z,172.13,172.17,172.0459,172.09
2018-11-26T16:35:00Z,172.09,172.14,171.69,171.745
2018-11-26T16:36:00Z,171.71,171.74,171.57,171.5926
2018-11-26T16:37:00Z,171.59,171.97,171.54,171.8498
2018-11-26T16:38:00Z,171.87,171.93,171.8,171.8373
2018-11-26T16:39:00Z,171.82,172,171.81,171.875
2018-11-26T16:40:00Z,171.91,172.1585,171.91,172.083
2018-11-26T16:41:00Z,172.09,172.09,171.98,172.0349
2018-11-26T16:42:00Z,172.04,172.09,171.95,172.0234
2018-11-26T16:43:00Z,172.0291,172.17,172,172.11
2018-11-26T16:44:00Z,172.11,172.21,172.04,172.1
2018-11-26T16:45:00Z,172.1,172.1,171.851,171.8604
2018-11-26T16:46:00Z,171.871,172.0399,171.71,171.7157
2018-11-26T16:47:00Z,171.71,171.7149,171.5193,171.5193
2018-11-26T16:48:00Z,171.515,171.61,171.34,171.5135
2018-11-26T16:49:00Z,171.51,171.71,171.4,171.67
2018-11-26T16:50:00Z,171.655,171.75,171.63,171.685
2018-11-26T16:51:00Z,171.7,171.8,171.7,171.7678
2018-11-26T16:52:00Z,171.7628,171.86,171.52,171.5353
2018-11-26T16:53:00Z,171.5312,171.57,171.37,171.5202
2018-11-26T16:54:00Z,171.5236,171.71,171.5101,171.6224
2018-11-26T16:55:00Z,171.6201,171.85,171.61,171.7745
2018-11-26T16:56:00Z,171.76,171.82,171.69,171.75
2018-11-26T16:57:00Z,171.76,171.83,171.6806,171.83
2018-11-26T16:58:00Z,171.85,171.88,171.76,171.83
2018-11-26T16:59:00Z,171.8103,171.83,171.72,171.7367
2018-11-26T17:00:00Z,171.72,171.795,171.68,171.765
2018-11-26T17:01:00Z,171.75,171.79,171.68,171.79
2018-11-26T17:02:00Z,171.79,172.08,171.78,171.9746
2018-11-26T17:03:00Z,171.9791,172.1799,171.9773,172.1176
2018-11-26T17:04:00Z,172.13,172.1999,172.06,172.185
2018-11-26T17:05:00Z,172.19,172.29,172.1403,172.205
2018-11-26T17:06:00Z,172.21,172.3,172.17,172.2371
2018-11-26T17:07:00Z,172.2371,172.47,172.2301,172.45
2018-11-26T17:08:00Z,172.4468,172.59,172.42,172.5745
2018-11-26T17:09:00Z,172.58,172.58,172.3298,172.34
2018-11-26T17:10:00Z,172.36,172.37,172.2314,172.27
2018-11-26T17:11:00Z,172.28,172.29,172.09,172.15
2018-11-26T17:12:00Z,172.1402,172.18,171.95,172.03
2018-11-26T17:13:00Z,172.01,172.0199,171.79,171.81
2018-11-26T17:14:00Z,171.81,171.91,171.72,171.75
2018-11-26T17:15:00Z,171.75,171.87,171.67,171.86
2018-11-26T17:16:00Z,171.87,171.96,171.74,171.78
2018-11-26T17:17:00Z,171.77,171.7806,171.6795,171.71
2018-11-26T17:18:00Z,171.71,171.7133,171.38,171.53
2018-11-26T17:19:00Z,171.54,171.64,171.51,171.55
2018-11-26T17:20:00Z,171.54,171.5462,171.38,171.46
2018-11-26T17:21:00Z,171.47,171.63,171.4601,171.5297
2018-11-26T17:22:00Z,171.5399,171.62,171.5,171.54
2018-11-26T17:23:00Z,171.525,171.5956,171.45,171.4855
2018-11-26T17:24:00Z,171.4877,171.595,171.46,171.5301
2018-11-26T17:25:00Z,171.5343,171.5343,171.09,171.0947
2018-11-26T17:26:00Z,171.1,171.11,170.65,171.06
2018-11-26T17:27:00Z,171.06,171.07,170.8,170.84
2018-11-26T17:28:00Z,170.84,171.03,170.78,170.9794
2018-11-26T17:29:00Z,170.98,170.98,170.86,170.92
2018-11-26T17:30:00Z,170.91,170.95,170.74,170.9109
2018-11-26T17:31:00Z,170.9133,170.95,170.8,170.8301
2018-11-26T17:32:00Z,170.82,170.84,170.7,170.75
2018-11-26T17:33:00Z,170.75,170.7602,170.5755,170.59
2018-11-26T17:34:00Z,170.58,170.63,170.39,170.52
2018-11-26T17:35:00Z,170.502,170.502,170.26,170.2787
2018-11-26T17:36:00Z,170.28,170.578,170.27,170.56
2018-11-26T17:37:00Z,170.56,170.75,170.52,170.67
2018-11-26T17:38:00Z,170.66,170.74,170.5505,170.73
2018-11-26T17:39:00Z,170.74,170.89,170.7258,170.81
2018-11-26T17:40:00Z,170.8,170.88,170.74,170.8322
2018-11-26T17:41:00Z,170.8469,170.91,170.78,170.8858
2018-11-26T17:42:00Z,170.88,170.96,170.86,170.8907
2018-11-26T17:43:00Z,170.88,171.08,170.87,171.08
2018-11-26T17:44:00Z,171.11,171.23,171.08,171.15
2018-11-26T17:45:00Z,171.13,171.17,171.05,171.07
2018-11-26T17:46:00Z,171.08,171.12,170.93,170.9527
2018-11-26T17:47:00Z,170.9619,170.9898,170.8802,170.95
2018-11-26T17:48:00Z,170.94,170.94,170.71,170.8
2018-11-26T17:49:00Z,170.8,170.9199,170.75,170.86
2018-11-26T17:50:00Z,170.87,170.97,170.87,170.9442
2018-11-26T17:51:00Z,170.9475,171.22,170.9475,171.17
2018-11-26T17:52:00Z,171.1576,171.21,171.07,171.208
2018-11-26T17:53:00Z,171.2,171.3,171.12,171.1438
2018-11-26T17:54:00Z,171.14,171.15,170.8605,170.887
2018-11-26T17:55:00Z,170.87,171.0996,170.8625,171.0751
2018-11-26T17:56:00Z,171.08,171.209,171.08,171.2
2018-11-26T17:57:00Z,171.2169,171.26,171.1132,171.17
2018-11-26T17:58:00Z,171.141,171.22,171.12,171.22
2018-11-26T17:59:00Z,171.23,171.38,171.16,171.36
2018-11-26T18:00:00Z,171.3675,171.5,171.26,171.28
2018-11-26T18:01:00Z,171.2801,171.37,171.25,171.3633
2018-11-26T18:02:00Z,171.36,171.48,171.29,171.29
2018-11-26T18:03:00Z,171.3,171.39,171.21,171.21
2018-11-26T18:04:00Z,171.21,171.2586,171.01,171.0475
2018-11-26T18:05:00Z,171.06,171.1669,171.05,171.0856
2018-11-26T18:06:00Z,171.09,171.14,170.83,170.8404
2018-11-26T18:07:00Z,170.86,171.09,170.86,170.98
2018-11-26T18:08:00Z,171.02,171.32,171.015,171.31
2018-11-26T18:09:00Z,171.32,171.57,171.25,171.5599
2018-11-26T18:10:00Z,171.56,171.77,171.54,171.76
2018-11-26T18:11:00Z,171.755,171.85,171.71,171.77
2018-11-26T18:12:00Z,171.77,171.82,171.71,171.73
2018-11-26T18:13:00Z,171.7315,171.85,171.64,171.809
2018-11-26T18:14:00Z,171.8,171.85,171.74,171.7865
2018-11-26T18:15:00Z,171.79,171.98,171.76,171.94
2018-11-26T18:16:00Z,171.9397,171.96,171.79,171.8951
2018-11-26T18:17:00Z,171.89,171.91,171.8199,171.88
2018-11-26T18:18:00Z,171.89,171.99,171.8,171.83
2018-11-26T18:19:00Z,171.86,171.9154,171.81,171.89
2018-11-26T18:20:00Z,171.88,171.88,171.68,171.8187
2018-11-26T18:21:00Z,171.8146,171.94,171.77,171.87
2018-11-26T18:22:00Z,171.87,172.03,171.86,171.9304
2018-11-26T18:23:00Z,171.94,172.24,171.94,172.1056
2018-11-26T18:24:00Z,172.12,172.25,172.08,172.2056
2018-11-26T18:25:00Z,172.2093,172.22,171.91,171.96
2018-11-26T18:26:00Z,172.0002,172.0259,171.85,171.89
2018-11-26T18:27:00Z,171.8701,172,171.83,172
2018-11-26T18:28:00Z,172.02,172.06,171.88,171.89
2018-11-26T18:29:00Z,171.89,171.9103,171.82,171.88
2018-11-26T18:30:00Z,171.86,171.94,171.82,171.87
2018-11-26T18:31:00Z,171.8708,172,171.861,171.99
2018-11-26T18:32:00Z,171.97,172.05,171.85,171.91
2018-11-26T18:33:00Z,171.91,172.05,171.85,172.028
2018-11-26T18:34:00Z,172.0272,172.0515,171.95,171.9703
2018-11-26T18:35:00Z,172,172.12,171.929,172.04
2018-11-26T18:36:00Z,172.02,172.14,172.02,172.06
2018-11-26T18:37:00Z,172.07,172.09,172.02,172.06
2018-11-26T18:38:00Z,172.07,172.0793,171.9,171.95
2018-11-26T18:39:00Z,171.98,172,171.86,171.87
2018-11-26T18:40:00Z,171.87,171.9,171.82,171.85
2018-11-26T18:41:00Z,171.8616,171.908,171.7,171.71
2018-11-26T18:42:00Z,171.7,171.76,171.58,171.69
2018-11-26T18:43:00Z,171.6963,171.8,171.6801,171.76
2018-11-26T18:44:00Z,171.7576,172.05,171.7485,171.9601
2018-11-26T18:45:00Z,171.999,172.4613,171.97,172.4613
2018-11-26T18:46:00Z,172.465,172.53,172.38,172.47
2018-11-26T18:47:00Z,172.45,172.7,172.43,172.6446
2018-11-26T18:48:00Z,172.64,172.6599,172.53,172.6
2018-11-26T18:49:00Z,172.6054,172.77,172.57,172.76
2018-11-26T18:50:00Z,172.78,172.79,172.62,172.6951
2018-11-26T18:51:00Z,172.68,172.8,172.65,172.77
2018-11-26T18:52:00Z,172.78,172.83,172.66,172.66
2018-11-26T18:53:00Z,172.66,172.73,172.59,172.73
2018-11-26T18:54:00Z,172.74,172.78,172.7,172.73
2018-11-26T18:55:00Z,172.73,172.75,172.66,172.6981
2018-11-26T18:56:00Z,172.7003,172.78,172.58,172.6
2018-11-26T18:57:00Z,172.6103,172.6442,172.56,172.63
2018-11-26T18:58:00Z,172.6381,172.83,172.6381,172.82
2018-11-26T18:59:00Z,172.8145,172.9321,172.8,172.88
2018-11-26T19:00:00Z,172.8868,173.07,172.8868,173.03
2018-11-26T19:01:00Z,173.01,173.15,172.9631,173.05
2018-11-26T19:02:00Z,173.05,173.08,172.95,173
2018-11-26T19:03:00Z,173.0199,173.05,172.91,172.9305
2018-11-26T19:04:00Z,172.94,173.13,172.9332,173.1
2018-11-26T19:05:00Z,173.0862,173.17,173.05,173.06
2018-11-26T19:06:00Z,173.07,173.37,173.07,173.34
2018-11-26T19:07:00Z,173.3441,173.3482,173.1702,173.24
2018-11-26T19:08:00Z,173.2233,173.27,173.16,173.1777
2018-11-26T19:09:00Z,173.1751,173.2397,173.11,173.185
2018-11-26T19:10:00Z,173.19,173.199,172.9598,173.0096
2018-11-26T19:11:00Z,173,173.2,172.99,173.155
2018-11-26T19:12:00Z,173.1402,173.1899,173.0001,173.03
2018-11-26T19:13:00Z,173.05,173.18,173.009,173.132
2018-11-26T19:14:00Z,173.14,173.4,173.14,173.22
2018-11-26T19:15:00Z,173.21,173.44,173.16,173.28
2018-11-26T19:16:00Z,173.3,173.345,173.26,173.3
2018-11-26T19:17:00Z,173.29,173.29,173.18,173.24
2018-11-26T19:18:00Z,173.24,173.34,173.24,173.27
2018-11-26T19:19:00Z,173.2783,173.28,173.15,173.235
2018-11-26T19:20:00Z,173.23,173.23,173.16,173.17
2018-11-26T19:21:00Z,173.175,173.23,173.16,173.1868
2018-11-26T19:22:00Z,173.18,173.29,173.17,173.2158
2018-11-26T19:23:00Z,173.22,173.269,173.17,173.17
2018-11-26T19:24:00Z,173.18,173.19,173.05,173.09
2018-11-26T19:25:00Z,173.1,173.3,173.09,173.26
2018-11-26T19:26:00Z,173.2752,173.305,173.18,173.21
2018-11-26T19:27:00Z,173.2002,173.21,173.12,173.1499
2018-11-26T19:28:00Z,173.1469,173.19,173.12,173.12
2018-11-26T19:29:00Z,173.11,173.13,173,173.0675
2018-11-26T19:30:00Z,173.09,173.31,173.0769,173.2433
2018-11-26T19:31:00Z,173.24,173.4,173.2,173.39
2018-11-26T19:32:00Z,173.3969,173.44,173.27,173.3918
2018-11-26T19:33:00Z,173.379,173.44,173.36,173.39
2018-11-26T19:34:00Z,173.39,173.3921,173.24,173.297
2018-11-26T19:35:00Z,173.3,173.3731,173.26,173.34
2018-11-26T19:36:00Z,173.34,173.4,173.3,173.3
2018-11-26T19:37:00Z,173.317,173.53,173.2973,173.45
2018-11-26T19:38:00Z,173.46,173.48,173.36,173.4201
2018-11-26T19:39:00Z,173.44,173.49,173.37,173.38
2018-11-26T19:40:00Z,173.37,173.45,173.25,173.28
2018-11-26T19:41:00Z,173.2751,173.33,173.13,173.15
2018-11-26T19:42:00Z,173.1401,173.1899,173.06,173.1
2018-11-26T19:43:00Z,173.0854,173.09,172.9301,172.99
2018-11-26T19:44:00Z,172.98,173,172.91,172.95
2018-11-26T19:45:00Z,172.955,173.1201,172.9497,173.09
2018-11-26T19:46:00Z,173.08,173.15,173.02,173.03
2018-11-26T19:47:00Z,173.04,173.04,172.82,172.95
2018-11-26T19:48:00Z,172.9497,173,172.93,172.9672
2018-11-26T19:49:00Z,172.9897,173,172.9001,172.99
2018-11-26T19:50:00Z,172.999,173.028,172.973,173.0133
2018-11-26T19:51:00Z,173.0101,173.0569,172.92,172.9563
2018-11-26T19:52:00Z,172.95,172.96,172.87,172.8801
2018-11-26T19:53:00Z,172.86,172.9227,172.81,172.9152
2018-11-26T19:54:00Z,172.9217,173.2,172.9,173.1977
2018-11-26T19:55:00Z,173.1999,173.2,173.08,173.1199
2018-11-26T19:56:00Z,173.1,173.26,173.08,173.2599
2018-11-26T19:57:00Z,173.25,173.25,173.1631,173.22
2018-11-26T19:58:00Z,173.21,173.29,173.18,173.285
2018-11-26T19:59:00Z,173.29,173.38,173.26,173.36
