2021-04-12T13:30:00Z,132.58,132.85,132.3,132.61
2021-04-12T13:31:00Z,132.62,132.6366,132.19,132.1961
2021-04-12T13:32:00Z,132.2,132.37,132.11,132.125
2021-04-12T13:33:00Z,132.12,132.17,131.955,132
2021-04-12T13:34:00Z,131.99,132.05,131.82,131.8699
2021-04-12T13:35:00Z,131.851,132.105,131.72,131.98
2021-04-12T13:36:00Z,131.959,132.25,131.88,132.12
2021-04-12T13:37:00Z,132.12,132.39,132.04,132.3789
2021-04-12T13:38:00Z,132.38,132.61,132.3033,132.5873
2021-04-12T13:39:00Z,132.59,132.68,132.44,132.46
2021-04-12T13:40:00Z,132.46,132.55,132.3,132.3
2021-04-12T13:41:00Z,132.305,132.38,132.13,132.132
2021-04-12T13:42:00Z,132.1471,132.16,131.95,131.975
2021-04-12T13:43:00Z,131.98,132.065,131.93,132.04
2021-04-12T13:44:00Z,132.0484,132.1817,132.03,132.075
2021-04-12T13:45:00Z,132.075,132.15,132.03,132.12
2021-04-12T13:46:00Z,132.1201,132.38,132.0728,132.27
2021-04-12T13:47:00Z,132.265,132.289,132.01,132.0299
2021-04-12T13:48:00Z,132.03,132.11,131.94,131.9671
2021-04-12T13:49:00Z,131.9616,131.9616,131.88,131.925
2021-04-12T13:50:00Z,131.92,132.055,131.9,131.95
2021-04-12T13:51:00Z,131.94,131.99,131.89,131.9
2021-04-12T13:52:00Z,131.9,131.94,131.75,131.755
2021-04-12T13:53:00Z,131.755,131.76,131.53,131.53
2021-04-12T13:54:00Z,131.5399,131.54,131.37,131.395
2021-04-12T13:55:00Z,131.395,131.64,131.37,131.625
2021-04-12T13:56:00Z,131.625,131.685,131.52,131.6
2021-04-12T13:57:00Z,131.5911,131.67,131.555,131.575
2021-04-12T13:58:00Z,131.57,131.61,131.46,131.47
2021-04-12T13:59:00Z,131.47,131.66,131.47,131.65
2021-04-12T14:00:00Z,131.64,131.72,131.6001,131.6902
2021-04-12T14:01:00Z,131.6999,131.8199,131.691,131.7998
2021-04-12T14:02:00Z,131.8,131.8389,131.77,131.79
2021-04-12T14:03:00Z,131.79,131.91,131.79,131.8897
2021-04-12T14:04:00Z,131.8854,132,131.8731,131.9946
2021-04-12T14:05:00Z,131.9978,132.02,131.93,131.9801
2021-04-12T14:06:00Z,131.9801,132,131.91,131.94
2021-04-12T14:07:00Z,131.935,131.965,131.82,131.84
2021-04-12T14:08:00Z,131.84,131.92,131.725,131.795
2021-04-12T14:09:00Z,131.79,131.84,131.77,131.77
2021-04-12T14:10:00Z,131.77,131.79,131.67,131.71
2021-04-12T14:11:00Z,131.7199,131.725,131.55,131.6
2021-04-12T14:12:00Z,131.61,131.7445,131.61,131.6681
2021-04-12T14:13:00Z,131.6679,131.77,131.63,131.7673
2021-04-12T14:14:00Z,131.769,131.85,131.6842,131.6842
2021-04-12T14:15:00Z,131.68,131.728,131.6,131.72
2021-04-12T14:16:00Z,131.7182,131.92,131.711,131.87
2021-04-12T14:17:00Z,131.8691,131.9899,131.8691,131.975
2021-04-12T14:18:00Z,131.97,131.9899,131.9201,131.95
2021-04-12T14:19:00Z,131.9561,132.03,131.9561,132.0175
2021-04-12T14:20:00Z,132.02,132.14,132.0001,132.14
2021-04-12T14:21:00Z,132.135,132.2,132.062,132.195
2021-04-12T14:22:00Z,132.2,132.235,132.1601,132.1852
2021-04-12T14:23:00Z,132.1899,132.1899,132.06,132.1
2021-04-12T14:24:00Z,132.105,132.16,132.07,132.1028
2021-04-12T14:25:00Z,132.101,132.17,132.0801,132.0901
2021-04-12T14:26:00Z,132.095,132.1,132,132.0299
2021-04-12T14:27:00Z,132.02,132.11,132.02,132.0699
2021-04-12T14:28:00Z,132.07,132.08,131.9512,132
2021-04-12T14:29:00Z,131.9914,131.9952,131.8214,131.885
2021-04-12T14:30:00Z,131.8801,131.92,131.83,131.89
2021-04-12T14:31:00Z,131.895,131.93,131.835,131.84
2021-04-12T14:32:00Z,131.84,131.84,131.73,131.81
2021-04-12T14:33:00Z,131.815,131.8271,131.75,131.7941
2021-04-12T14:34:00Z,131.795,131.8156,131.735,131.75
2021-04-12T14:35:00Z,131.743,131.75,131.7,131.74
2021-04-12T14:36:00Z,131.748,131.77,131.7001,131.71
2021-04-12T14:37:00Z,131.71,131.71,131.553,131.57
2021-04-12T14:38:00Z,131.57,131.57,131.35,131.3519
2021-04-12T14:39:00Z,131.355,131.48,131.35,131.45
2021-04-12T14:40:00Z,131.455,131.46,131.38,131.395
2021-04-12T14:41:00Z,131.4,131.4,131.222,131.27
2021-04-12T14:42:00Z,131.26,131.26,131.08,131.1182
2021-04-12T14:43:00Z,131.11,131.1187,131.05,131.058
2021-04-12T14:44:00Z,131.05,131.16,131.05,131.155
2021-04-12T14:45:00Z,131.15,131.24,131.13,131.23
2021-04-12T14:46:00Z,131.23,131.3783,131.215,131.34
2021-04-12T14:47:00Z,131.3476,131.39,131.322,131.37
2021-04-12T14:48:00Z,131.37,131.42,131.31,131.3409
2021-04-12T14:49:00Z,131.34,131.418,131.31,131.3401
2021-04-12T14:50:00Z,131.34,131.35,131.25,131.275
2021-04-12T14:51:00Z,131.28,131.34,131.25,131.29
2021-04-12T14:52:00Z,131.29,131.37,131.285,131.355
2021-04-12T14:53:00Z,131.355,131.44,131.33,131.4347
2021-04-12T14:54:00Z,131.435,131.47,131.3201,131.37
2021-04-12T14:55:00Z,131.3601,131.45,131.305,131.31
2021-04-12T14:56:00Z,131.32,131.39,131.31,131.3219
2021-04-12T14:57:00Z,131.33,131.36,131.22,131.2401
2021-04-12T14:58:00Z,131.245,131.26,131.17,131.1899
2021-04-12T14:59:00Z,131.2,131.2,131.16,131.175
2021-04-12T15:00:00Z,131.18,131.27,131.18,131.26
2021-04-12T15:01:00Z,131.26,131.27,131.195,131.22
2021-04-12T15:02:00Z,131.2212,131.2269,131.16,131.1682
2021-04-12T15:03:00Z,131.1628,131.27,131.12,131.2682
2021-04-12T15:04:00Z,131.265,131.34,131.24,131.28
2021-04-12T15:05:00Z,131.29,131.33,131.241,131.28
2021-04-12T15:06:00Z,131.28,131.32,131.23,131.2305
2021-04-12T15:07:00Z,131.23,131.32,131.221,131.2999
2021-04-12T15:08:00Z,131.29,131.4,131.27,131.4
2021-04-12T15:09:00Z,131.4,131.43,131.3,131.34
2021-04-12T15:10:00Z,131.335,131.34,131.24,131.275
2021-04-12T15:11:00Z,131.2687,131.335,131.26,131.26
2021-04-12T15:12:00Z,131.2601,131.275,131.195,131.27
2021-04-12T15:13:00Z,131.27,131.3,131.21,131.215
2021-04-12T15:14:00Z,131.215,131.27,131.1894,131.26
2021-04-12T15:15:00Z,131.255,131.2599,131.105,131.11
2021-04-12T15:16:00Z,131.105,131.18,131.09,131.155
2021-04-12T15:17:00Z,131.155,131.25,131.15,131.2199
2021-04-12T15:18:00Z,131.2114,131.26,131.2101,131.252
2021-04-12T15:19:00Z,131.26,131.37,131.26,131.325
2021-04-12T15:20:00Z,131.335,131.39,131.335,131.37
2021-04-12T15:21:00Z,131.365,131.3799,131.29,131.305
2021-04-12T15:22:00Z,131.309,131.3178,131.25,131.305
2021-04-12T15:23:00Z,131.3,131.3099,131.21,131.22
2021-04-12T15:24:00Z,131.22,131.2511,131.1601,131.205
2021-04-12T15:25:00Z,131.205,131.2117,131.11,131.14
2021-04-12T15:26:00Z,131.1479,131.15,131.1,131.12
2021-04-12T15:27:00Z,131.1146,131.17,131.1019,131.1019
2021-04-12T15:28:00Z,131.105,131.1574,131.08,131.14
2021-04-12T15:29:00Z,131.155,131.2,131.15,131.2
2021-04-12T15:30:00Z,131.21,131.26,131.12,131.1499
2021-04-12T15:31:00Z,131.15,131.17,131.1001,131.1113
2021-04-12T15:32:00Z,131.12,131.1399,131.1,131.1001
2021-04-12T15:33:00Z,131.1029,131.11,131.02,131.0482
2021-04-12T15:34:00Z,131.05,131.09,131.03,131.04
2021-04-12T15:35:00Z,131.045,131.05,130.83,130.87
2021-04-12T15:36:00Z,130.8603,130.87,130.73,130.75
2021-04-12T15:37:00Z,130.75,130.8201,130.73,130.8201
2021-04-12T15:38:00Z,130.825,130.87,130.75,130.84
2021-04-12T15:39:00Z,130.845,130.86,130.79,130.8
2021-04-12T15:40:00Z,130.8,130.8,130.71,130.71
2021-04-12T15:41:00Z,130.73,130.7501,130.63,130.69
2021-04-12T15:42:00Z,130.69,130.76,130.67,130.755
2021-04-12T15:43:00Z,130.7548,130.89,130.754,130.8834
2021-04-12T15:44:00Z,130.885,130.95,130.88,130.9325
2021-04-12T15:45:00Z,130.94,130.9458,130.81,130.8225
2021-04-12T15:46:00Z,130.82,130.82,130.73,130.75
2021-04-12T15:47:00Z,130.76,130.88,130.755,130.88
2021-04-12T15:48:00Z,130.885,130.89,130.82,130.84
2021-04-12T15:49:00Z,130.8312,130.84,130.725,130.7601
2021-04-12T15:50:00Z,130.76,130.76,130.675,130.7299
2021-04-12T15:51:00Z,130.73,130.83,130.69,130.81
2021-04-12T15:52:00Z,130.82,130.8701,130.775,130.8132
2021-04-12T15:53:00Z,130.82,130.85,130.795,130.84
2021-04-12T15:54:00Z,130.84,130.94,130.8399,130.93
2021-04-12T15:55:00Z,130.93,131.01,130.92,130.9914
2021-04-12T15:56:00Z,130.995,131,130.91,130.925
2021-04-12T15:57:00Z,130.93,130.9701,130.91,130.96
2021-04-12T15:58:00Z,130.9591,130.99,130.945,130.955
2021-04-12T15:59:00Z,130.9529,130.98,130.8901,130.98
2021-04-12T16:00:00Z,130.98,131.03,130.97,131.015
2021-04-12T16:01:00Z,131.02,131.05,131,131.015
2021-04-12T16:02:00Z,131.01,131.01,130.94,130.96
2021-04-12T16:03:00Z,130.96,131.01,130.9501,131.005
2021-04-12T16:04:00Z,131.005,131.09,131,131.0707
2021-04-12T16:05:00Z,131.08,131.11,131.0589,131.086
2021-04-12T16:06:00Z,131.0886,131.11,131.08,131.09
2021-04-12T16:07:00Z,131.0995,131.19,131.09,131.165
2021-04-12T16:08:00Z,131.1629,131.18,131.09,131.105
2021-04-12T16:09:00Z,131.11,131.11,131.03,131.04
2021-04-12T16:10:00Z,131.0478,131.0478,130.95,130.97
2021-04-12T16:11:00Z,130.9763,131.04,130.97,131.035
2021-04-12T16:12:00Z,131.03,131.03,130.98,131
2021-04-12T16:13:00Z,131.0012,131.07,130.995,131.06
2021-04-12T16:14:00Z,131.0515,131.11,131.04,131.0401
2021-04-12T16:15:00Z,131.05,131.05,130.99,130.9987
2021-04-12T16:16:00Z,131,131.0082,130.92,130.965
2021-04-12T16:17:00Z,130.97,130.98,130.94,130.9499
2021-04-12T16:18:00Z,130.94,130.96,130.84,130.885
2021-04-12T16:19:00Z,130.88,130.945,130.855,130.9
2021-04-12T16:20:00Z,130.9012,130.96,130.88,130.96
2021-04-12T16:21:00Z,130.9681,131.0484,130.94,130.96
2021-04-12T16:22:00Z,130.96,131.01,130.93,130.98
2021-04-12T16:23:00Z,130.98,131.03,130.9775,130.9999
2021-04-12T16:24:00Z,130.992,131.03,130.975,131.0015
2021-04-12T16:25:00Z,131.005,131.06,131.005,131.06
2021-04-12T16:26:00Z,131.06,131.11,131.06,131.108
2021-04-12T16:27:00Z,131.11,131.19,131.1043,131.17
2021-04-12T16:28:00Z,131.171,131.25,131.16,131.237
2021-04-12T16:29:00Z,131.2346,131.3,131.2288,131.2782
2021-04-12T16:30:00Z,131.2701,131.3,131.2,131.2698
2021-04-12T16:31:00Z,131.2675,131.42,131.25,131.295
2021-04-12T16:32:00Z,131.3,131.32,131.26,131.2854
2021-04-12T16:33:00Z,131.2826,131.33,131.28,131.32
2021-04-12T16:34:00Z,131.33,131.395,131.33,131.3901
2021-04-12T16:35:00Z,131.395,131.42,131.34,131.3522
2021-04-12T16:36:00Z,131.355,131.38,131.34,131.345
2021-04-12T16:37:00Z,131.345,131.35,131.28,131.3204
2021-04-12T16:38:00Z,131.3288,131.4014,131.3,131.395
2021-04-12T16:39:00Z,131.4,131.41,131.3322,131.345
2021-04-12T16:40:00Z,131.35,131.449,131.3391,131.435
2021-04-12T16:41:00Z,131.4436,131.45,131.4,131.4399
2021-04-12T16:42:00Z,131.4383,131.475,131.415,131.43
2021-04-12T16:43:00Z,131.44,131.45,131.4,131.435
2021-04-12T16:44:00Z,131.43,131.46,131.42,131.4553
2021-04-12T16:45:00Z,131.4518,131.48,131.44,131.465
2021-04-12T16:46:00Z,131.4699,131.48,131.44,131.4599
2021-04-12T16:47:00Z,131.46,131.5099,131.4599,131.4999
2021-04-12T16:48:00Z,131.49,131.4999,131.37,131.3799
2021-04-12T16:49:00Z,131.38,131.44,131.37,131.4329
2021-04-12T16:50:00Z,131.44,131.55,131.44,131.507
2021-04-12T16:51:00Z,131.5011,131.53,131.4786,131.53
2021-04-12T16:52:00Z,131.53,131.55,131.5,131.545
2021-04-12T16:53:00Z,131.545,131.55,131.52,131.53
2021-04-12T16:54:00Z,131.54,131.62,131.53,131.6001
2021-04-12T16:55:00Z,131.605,131.73,131.6,131.72
2021-04-12T16:56:00Z,131.72,131.75,131.6797,131.715
2021-04-12T16:57:00Z,131.715,131.77,131.71,131.76
2021-04-12T16:58:00Z,131.765,131.81,131.76,131.8
2021-04-12T16:59:00Z,131.8099,131.86,131.8,131.85
2021-04-12T17:00:00Z,131.84,131.94,131.84,131.92
2021-04-12T17:01:00Z,131.925,131.9393,131.89,131.9198
2021-04-12T17:02:00Z,131.915,132,131.91,131.955
2021-04-12T17:03:00Z,131.9599,131.99,131.95,131.9876
2021-04-12T17:04:00Z,131.989,132.08,131.98,132.0401
2021-04-12T17:05:00Z,132.0452,132.099,131.92,131.9302
2021-04-12T17:06:00Z,131.935,131.95,131.89,131.8901
2021-04-12T17:07:00Z,131.8962,131.99,131.89,131.96
2021-04-12T17:08:00Z,131.9601,132.08,131.9601,131.97
2021-04-12T17:09:00Z,131.97,132.05,131.955,132.041
2021-04-12T17:10:00Z,132.05,132.115,132.0008,132.075
2021-04-12T17:11:00Z,132.0786,132.17,132,132.12
2021-04-12T17:12:00Z,132.1101,132.17,132.11,132.16
2021-04-12T17:13:00Z,132.1602,132.165,132.09,132.165
2021-04-12T17:14:00Z,132.165,132.27,132.15,132.18
2021-04-12T17:15:00Z,132.1801,132.21,132.08,132.0894
2021-04-12T17:16:00Z,132.09,132.1079,131.92,131.925
2021-04-12T17:17:00Z,131.923,131.9279,131.84,131.87
2021-04-12T17:18:00Z,131.875,131.975,131.875,131.92
2021-04-12T17:19:00Z,131.92,131.96,131.87,131.885
2021-04-12T17:20:00Z,131.885,131.95,131.87,131.895
2021-04-12T17:21:00Z,131.8914,131.905,131.77,131.815
2021-04-12T17:22:00Z,131.8192,131.84,131.79,131.8074
2021-04-12T17:23:00Z,131.805,131.8299,131.7828,131.7987
2021-04-12T17:24:00Z,131.795,131.86,131.7201,131.7383
2021-04-12T17:25:00Z,131.74,131.84,131.7201,131.82
2021-04-12T17:26:00Z,131.815,131.82,131.765,131.78
2021-04-12T17:27:00Z,131.775,131.78,131.72,131.73
2021-04-12T17:28:00Z,131.73,131.84,131.71,131.82
2021-04-12T17:29:00Z,131.8299,131.86,131.745,131.79
2021-04-12T17:30:00Z,131.79,131.86,131.7599,131.815
2021-04-12T17:31:00Z,131.815,131.82,131.71,131.785
2021-04-12T17:32:00Z,131.785,131.8672,131.78,131.8083
2021-04-12T17:33:00Z,131.805,131.81,131.77,131.7993
2021-04-12T17:34:00Z,131.7946,131.845,131.76,131.7801
2021-04-12T17:35:00Z,131.78,131.8099,131.67,131.7283
2021-04-12T17:36:00Z,131.725,131.75,131.7,131.705
2021-04-12T17:37:00Z,131.7,131.745,131.7,131.705
2021-04-12T17:38:00Z,131.7065,131.7301,131.6701,131.7
2021-04-12T17:39:00Z,131.705,131.79,131.7,131.775
2021-04-12T17:40:00Z,131.775,131.85,131.75,131.78
2021-04-12T17:41:00Z,131.78,131.8,131.725,131.76
2021-04-12T17:42:00Z,131.76,131.83,131.76,131.8001
2021-04-12T17:43:00Z,131.805,131.8099,131.77,131.77
2021-04-12T17:44:00Z,131.77,131.77,131.71,131.739
2021-04-12T17:45:00Z,131.7399,131.83,131.7301,131.8219
2021-04-12T17:46:00Z,131.83,131.84,131.8,131.8184
2021-04-12T17:47:00Z,131.815,131.83,131.8,131.82
2021-04-12T17:48:00Z,131.82,131.875,131.8,131.875
2021-04-12T17:49:00Z,131.8783,131.94,131.86,131.9
2021-04-12T17:50:00Z,131.9,131.91,131.74,131.7501
2021-04-12T17:51:00Z,131.755,131.78,131.74,131.77
2021-04-12T17:52:00Z,131.77,131.78,131.7001,131.7099
2021-04-12T17:53:00Z,131.71,131.73,131.65,131.67
2021-04-12T17:54:00Z,131.6799,131.75,131.67,131.745
2021-04-12T17:55:00Z,131.7499,131.805,131.67,131.67
2021-04-12T17:56:00Z,131.68,131.7,131.6119,131.615
2021-04-12T17:57:00Z,131.61,131.68,131.6,131.6699
2021-04-12T17:58:00Z,131.665,131.695,131.6001,131.61
2021-04-12T17:59:00Z,131.61,131.63,131.45,131.5089
2021-04-12T18:00:00Z,131.5,131.56,131.45,131.5313
2021-04-12T18:01:00Z,131.5301,131.65,131.51,131.61
2021-04-12T18:02:00Z,131.61,131.615,131.55,131.6074
2021-04-12T18:03:00Z,131.6,131.62,131.5403,131.5888
2021-04-12T18:04:00Z,131.5834,131.5834,131.52,131.55
2021-04-12T18:05:00Z,131.555,131.61,131.55,131.58
2021-04-12T18:06:00Z,131.58,131.595,131.51,131.585
2021-04-12T18:07:00Z,131.59,131.72,131.59,131.69
2021-04-12T18:08:00Z,131.6999,131.77,131.69,131.77
2021-04-12T18:09:00Z,131.77,131.8,131.745,131.745
2021-04-12T18:10:00Z,131.75,131.79,131.73,131.75
2021-04-12T18:11:00Z,131.75,131.7899,131.74,131.74
2021-04-12T18:12:00Z,131.74,131.78,131.72,131.77
2021-04-12T18:13:00Z,131.7722,131.83,131.77,131.82
2021-04-12T18:14:00Z,131.825,131.825,131.753,131.76
2021-04-12T18:15:00Z,131.77,131.8,131.7327,131.749
2021-04-12T18:16:00Z,131.75,131.75,131.67,131.7119
2021-04-12T18:17:00Z,131.72,131.75,131.64,131.68
2021-04-12T18:18:00Z,131.68,131.7,131.62,131.629
2021-04-12T18:19:00Z,131.6201,131.66,131.61,131.64
2021-04-12T18:20:00Z,131.6481,131.68,131.6,131.615
2021-04-12T18:21:00Z,131.615,131.62,131.58,131.59
2021-04-12T18:22:00Z,131.585,131.61,131.545,131.575
2021-04-12T18:23:00Z,131.5701,131.5799,131.1,131.545
2021-04-12T18:24:00Z,131.542,131.58,131.51,131.525
2021-04-12T18:25:00Z,131.525,131.55,131.47,131.4899
2021-04-12T18:26:00Z,131.49,131.515,131.4401,131.495
2021-04-12T18:27:00Z,131.4913,131.575,131.4913,131.561
2021-04-12T18:28:00Z,131.56,131.585,131.52,131.525
2021-04-12T18:29:00Z,131.5254,131.54,131.49,131.535
2021-04-12T18:30:00Z,131.535,131.6099,131.52,131.56
2021-04-12T18:31:00Z,131.5699,131.57,131.51,131.51
2021-04-12T18:32:00Z,131.51,131.53,131.47,131.505
2021-04-12T18:33:00Z,131.5024,131.5444,131.5024,131.5099
2021-04-12T18:34:00Z,131.5,131.5,131.4201,131.4201
2021-04-12T18:35:00Z,131.425,131.4391,131.38,131.4002
2021-04-12T18:36:00Z,131.4,131.45,131.4,131.4375
2021-04-12T18:37:00Z,131.43,131.47,131.41,131.4413
2021-04-12T18:38:00Z,131.44,131.44,131.4,131.415
2021-04-12T18:39:00Z,131.42,131.42,131.33,131.3499
2021-04-12T18:40:00Z,131.3499,131.41,131.33,131.365
2021-04-12T18:41:00Z,131.37,131.38,131.28,131.285
2021-04-12T18:42:00Z,131.285,131.325,131.23,131.305
2021-04-12T18:43:00Z,131.305,131.31,131.25,131.31
2021-04-12T18:44:00Z,131.31,131.335,131.23,131.2381
2021-04-12T18:45:00Z,131.24,131.26,131.21,131.26
2021-04-12T18:46:00Z,131.26,131.26,131.175,131.18
2021-04-12T18:47:00Z,131.17,131.22,131.165,131.211
2021-04-12T18:48:00Z,131.2173,131.25,131.17,131.235
2021-04-12T18:49:00Z,131.235,131.28,131.235,131.25
2021-04-12T18:50:00Z,131.255,131.255,131.19,131.205
2021-04-12T18:51:00Z,131.208,131.23,131.18,131.18
2021-04-12T18:52:00Z,131.17,131.18,131.085,131.1761
2021-04-12T18:53:00Z,131.175,131.1867,131.085,131.085
2021-04-12T18:54:00Z,131.08,131.1,131.04,131.09
2021-04-12T18:55:00Z,131.09,131.09,131.04,131.06
2021-04-12T18:56:00Z,131.07,131.075,131.01,131.01
2021-04-12T18:57:00Z,131.01,131.04,131.01,131.015
2021-04-12T18:58:00Z,131.01,131.02,130.92,130.96
2021-04-12T18:59:00Z,130.97,131.02,130.96,131.02
2021-04-12T19:00:00Z,131.01,131.02,130.9539,131.01
2021-04-12T19:01:00Z,131.01,131.02,130.955,130.96
2021-04-12T19:02:00Z,130.96,130.98,130.85,130.8799
2021-04-12T19:03:00Z,130.885,130.95,130.885,130.91
2021-04-12T19:04:00Z,130.9093,131,130.9,130.99
2021-04-12T19:05:00Z,130.9973,131.06,130.99,131.055
2021-04-12T19:06:00Z,131.055,131.12,131.05,131.1001
2021-04-12T19:07:00Z,131.11,131.16,131.09,131.1147
2021-04-12T19:08:00Z,131.12,131.19,131.11,131.16
2021-04-12T19:09:00Z,131.155,131.21,131.15,131.1971
2021-04-12T19:10:00Z,131.1933,131.225,131.11,131.16
2021-04-12T19:11:00Z,131.16,131.279,131.16,131.27
2021-04-12T19:12:00Z,131.2679,131.27,131.14,131.18
2021-04-12T19:13:00Z,131.179,131.2,131.15,131.19
2021-04-12T19:14:00Z,131.2,131.2172,131.15,131.1702
2021-04-12T19:15:00Z,131.17,131.185,131.08,131.09
2021-04-12T19:16:00Z,131.0946,131.16,131.09,131.15
2021-04-12T19:17:00Z,131.15,131.23,131.14,131.227
2021-04-12T19:18:00Z,131.2258,131.33,131.223,131.3
2021-04-12T19:19:00Z,131.3,131.34,131.29,131.3315
2021-04-12T19:20:00Z,131.33,131.42,131.32,131.3518
2021-04-12T19:21:00Z,131.35,131.4,131.32,131.395
2021-04-12T19:22:00Z,131.3929,131.44,131.3633,131.4367
2021-04-12T19:23:00Z,131.4399,131.49,131.43,131.48
2021-04-12T19:24:00Z,131.4827,131.5,131.4232,131.465
2021-04-12T19:25:00Z,131.465,131.47,131.39,131.395
2021-04-12T19:26:00Z,131.39,131.4,131.3001,131.34
2021-04-12T19:27:00Z,131.35,131.35,131.27,131.33
2021-04-12T19:28:00Z,131.34,131.34,131.26,131.2845
2021-04-12T19:29:00Z,131.29,131.31,131.26,131.31
2021-04-12T19:30:00Z,131.3093,131.33,131.235,131.235
2021-04-12T19:31:00Z,131.235,131.29,131.235,131.26
2021-04-12T19:32:00Z,131.245,131.2799,131.17,131.21
2021-04-12T19:33:00Z,131.21,131.24,131.1701,131.185
2021-04-12T19:34:00Z,131.18,131.21,131.14,131.155
2021-04-12T19:35:00Z,131.16,131.2,131.125,131.195
2021-04-12T19:36:00Z,131.1922,131.24,131.19,131.225
2021-04-12T19:37:00Z,131.2299,131.28,131.19,131.275
2021-04-12T19:38:00Z,131.2781,131.3217,131.24,131.245
2021-04-12T19:39:00Z,131.24,131.27,131.21,131.26
2021-04-12T19:40:00Z,131.26,131.29,131.25,131.275
2021-04-12T19:41:00Z,131.28,131.34,131.27,131.33
2021-04-12T19:42:00Z,131.3271,131.345,131.29,131.3
2021-04-12T19:43:00Z,131.3067,131.36,131.3,131.3501
2021-04-12T19:44:00Z,131.355,131.41,131.34,131.39
2021-04-12T19:45:00Z,131.39,131.5,131.39,131.425
2021-04-12T19:46:00Z,131.43,131.45,131.38,131.405
2021-04-12T19:47:00Z,131.405,131.42,131.4,131.4001
2021-04-12T19:48:00Z,131.41,131.44,131.32,131.34
2021-04-12T19:49:00Z,131.35,131.36,131.31,131.33
2021-04-12T19:50:00Z,131.32,131.49,131.29,131.45
2021-04-12T19:51:00Z,131.4599,131.52,131.45,131.475
2021-04-12T19:52:00Z,131.48,131.53,131.41,131.43
2021-04-12T19:53:00Z,131.43,131.46,131.37,131.44
2021-04-12T19:54:00Z,131.44,131.49,131.3,131.31
2021-04-12T19:55:00Z,131.31,131.36,131.22,131.275
2021-04-12T19:56:00Z,131.2733,131.3273,131.22,131.315
2021-04-12T19:57:00Z,131.3139,131.35,131.26,131.31
2021-04-12T19:58:00Z,131.3013,131.34,131.22,131.2881
2021-04-12T19:59:00Z,131.29,131.52,131.23,131.2699
