2019-10-23T13:30:00Z,242.1,242.61,241.86,242.5804
2019-10-23T13:31:00Z,242.6,243.18,242.585,242.73
2019-10-23T13:32:00Z,242.7364,242.75,242.38,242.5056
2019-10-23T13:33:00Z,242.55,242.91,242.46,242.91
2019-10-23T13:34:00Z,242.925,243.12,242.74,242.81
2019-10-23T13:35:00Z,242.8168,243.08,242.5,242.5503
2019-10-23T13:36:00Z,242.58,242.6,242.1,242.41
2019-10-23T13:37:00Z,242.37,242.65,242.26,242.39
2019-10-23T13:38:00Z,242.39,242.63,242.31,242.45
2019-10-23T13:39:00Z,242.445,242.635,242.35,242.36
2019-10-23T13:40:00Z,242.35,242.38,241.62,242.05
2019-10-23T13:41:00Z,242.07,242.15,241.83,241.855
2019-10-23T13:42:00Z,241.89,241.98,241.73,241.78
2019-10-23T13:43:00Z,241.8,242.45,241.7691,242.43
2019-10-23T13:44:00Z,242.43,242.55,242.21,242.36
2019-10-23T13:45:00Z,242.37,242.67,242.3403,242.62
2019-10-23T13:46:00Z,242.63,242.6676,242.4501,242.6676
2019-10-23T13:47:00Z,242.68,242.69,242.4,242.49
2019-10-23T13:48:00Z,242.4888,242.5973,242.36,242.36
2019-10-23T13:49:00Z,242.35,242.49,242.27,242.3
2019-10-23T13:50:00Z,242.27,242.29,241.935,242.0109
2019-10-23T13:51:00Z,242.015,242.11,241.92,241.97
2019-10-23T13:52:00Z,241.98,242,241.7803,241.8
2019-10-23T13:53:00Z,241.82,241.8613,241.5801,241.6
2019-10-23T13:54:00Z,241.6,241.73,241.56,241.69
2019-10-23T13:55:00Z,241.68,241.71,241.37,241.45
2019-10-23T13:56:00Z,241.4499,241.71,241.4403,241.65
2019-10-23T13:57:00Z,241.65,241.66,241.5,241.57
2019-10-23T13:58:00Z,241.57,241.62,241.48,241.5134
2019-10-23T13:59:00Z,241.515,241.89,241.5,241.8506
2019-10-23T14:00:00Z,241.85,241.95,241.61,241.625
2019-10-23T14:01:00Z,241.63,241.7,241.625,241.6316
2019-10-23T14:02:00Z,241.66,241.93,241.64,241.89
2019-10-23T14:03:00Z,241.91,241.965,241.83,241.85
2019-10-23T14:04:00Z,241.87,242.14,241.87,242.12
2019-10-23T14:05:00Z,242.1211,242.15,241.9896,242.0999
2019-10-23T14:06:00Z,242.07,242.19,241.9659,241.99
2019-10-23T14:07:00Z,241.99,241.99,241.87,241.89
2019-10-23T14:08:00Z,241.89,241.89,241.68,241.7
2019-10-23T14:09:00Z,241.7,241.78,241.66,241.7785
2019-10-23T14:10:00Z,241.79,241.8699,241.68,241.68
2019-10-23T14:11:00Z,241.6937,241.71,241.51,241.5773
2019-10-23T14:12:00Z,241.58,241.7499,241.55,241.7
2019-10-23T14:13:00Z,241.7,241.82,241.685,241.7469
2019-10-23T14:14:00Z,241.76,241.78,241.58,241.6
2019-10-23T14:15:00Z,241.61,241.67,241.48,241.48
2019-10-23T14:16:00Z,241.48,241.51,241.22,241.265
2019-10-23T14:17:00Z,241.28,241.4,241.25,241.33
2019-10-23T14:18:00Z,241.319,241.39,241.31,241.35
2019-10-23T14:19:00Z,241.3342,241.58,241.3158,241.55
2019-10-23T14:20:00Z,241.55,241.58,241.515,241.5571
2019-10-23T14:21:00Z,241.56,241.84,241.51,241.785
2019-10-23T14:22:00Z,241.79,241.82,241.7037,241.8
2019-10-23T14:23:00Z,241.8,241.88,241.7668,241.775
2019-10-23T14:24:00Z,241.77,241.77,241.51,241.565
2019-10-23T14:25:00Z,241.55,241.81,241.54,241.76
2019-10-23T14:26:00Z,241.77,241.77,241.61,241.72
2019-10-23T14:27:00Z,241.71,241.92,241.71,241.8735
2019-10-23T14:28:00Z,241.89,242.015,241.89,241.9874
2019-10-23T14:29:00Z,241.9929,241.9929,241.85,241.88
2019-10-23T14:30:00Z,241.92,242.03,241.8,241.8
2019-10-23T14:31:00Z,241.8,241.84,241.65,241.71
2019-10-23T14:32:00Z,241.68,241.68,241.5335,241.5956
2019-10-23T14:33:00Z,241.6,241.67,241.57,241.625
2019-10-23T14:34:00Z,241.615,241.67,241.5157,241.54
2019-10-23T14:35:00Z,241.54,241.68,241.375,241.435
2019-10-23T14:36:00Z,241.4336,241.49,241.37,241.49
2019-10-23T14:37:00Z,241.48,241.519,241.38,241.4
2019-10-23T14:38:00Z,241.4,241.49,241.3427,241.48
2019-10-23T14:39:00Z,241.4879,241.6892,241.4879,241.595
2019-10-23T14:40:00Z,241.57,241.745,241.5,241.743
2019-10-23T14:41:00Z,241.75,241.9104,241.7499,241.863
2019-10-23T14:42:00Z,241.89,241.95,241.8571,241.895
2019-10-23T14:43:00Z,241.8961,241.95,241.74,241.79
2019-10-23T14:44:00Z,241.7999,241.91,241.7999,241.89
2019-10-23T14:45:00Z,241.9,242.09,241.88,242.0652
2019-10-23T14:46:00Z,242.05,242.1098,241.935,241.96
2019-10-23T14:47:00Z,242,242.19,241.9848,242.1355
2019-10-23T14:48:00Z,242.13,242.35,242.1,242.31
2019-10-23T14:49:00Z,242.312,242.36,242.18,242.1855
2019-10-23T14:50:00Z,242.18,242.255,242.09,242.2507
2019-10-23T14:51:00Z,242.251,242.42,242.18,242.39
2019-10-23T14:52:00Z,242.41,242.6,242.41,242.598
2019-10-23T14:53:00Z,242.59,242.79,242.51,242.75
2019-10-23T14:54:00Z,242.755,242.7802,242.64,242.71
2019-10-23T14:55:00Z,242.72,242.82,242.6,242.6
2019-10-23T14:56:00Z,242.6,242.72,242.56,242.695
2019-10-23T14:57:00Z,242.7068,242.74,242.65,242.74
2019-10-23T14:58:00Z,242.73,242.81,242.6301,242.68
2019-10-23T14:59:00Z,242.6731,242.69,242.5813,242.6199
2019-10-23T15:00:00Z,242.61,242.82,242.6,242.68
2019-10-23T15:01:00Z,242.7,242.82,242.63,242.765
2019-10-23T15:02:00Z,242.76,242.79,242.6874,242.76
2019-10-23T15:03:00Z,242.765,242.77,242.66,242.7
2019-10-23T15:04:00Z,242.7,242.72,242.63,242.69
2019-10-23T15:05:00Z,242.7009,242.79,242.665,242.665
2019-10-23T15:06:00Z,242.68,242.715,242.6068,242.63
2019-10-23T15:07:00Z,242.625,242.73,242.61,242.705
2019-10-23T15:08:00Z,242.71,242.71,242.6,242.7
2019-10-23T15:09:00Z,242.7,242.73,242.67,242.7
2019-10-23T15:10:00Z,242.7,242.7,242.55,242.57
2019-10-23T15:11:00Z,242.569,242.5962,242.53,242.55
2019-10-23T15:12:00Z,242.5391,242.565,242.42,242.4791
2019-10-23T15:13:00Z,242.48,242.58,242.46,242.4882
2019-10-23T15:14:00Z,242.49,242.5133,242.44,242.47
2019-10-23T15:15:00Z,242.47,242.73,242.47,242.73
2019-10-23T15:16:00Z,242.74,242.91,242.74,242.87
2019-10-23T15:17:00Z,242.89,242.92,242.8066,242.85
2019-10-23T15:18:00Z,242.84,242.85,242.77,242.77
2019-10-23T15:19:00Z,242.77,242.7885,242.649,242.68
2019-10-23T15:20:00Z,242.67,242.7493,242.65,242.67
2019-10-23T15:21:00Z,242.68,242.6968,242.66,242.69
2019-10-23T15:22:00Z,242.7,242.72,242.62,242.62
2019-10-23T15:23:00Z,242.63,242.65,242.59,242.61
2019-10-23T15:24:00Z,242.63,242.64,242.5,242.51
2019-10-23T15:25:00Z,242.49,242.59,242.37,242.53
2019-10-23T15:26:00Z,242.535,242.63,242.53,242.61
2019-10-23T15:27:00Z,242.61,242.61,242.51,242.52
2019-10-23T15:28:00Z,242.52,242.55,242.49,242.54
2019-10-23T15:29:00Z,242.5258,242.5258,242.46,242.52
2019-10-23T15:30:00Z,242.52,242.5912,242.4,242.4013
2019-10-23T15:31:00Z,242.4,242.4261,242.37,242.4033
2019-10-23T15:32:00Z,242.42,242.52,242.39,242.4481
2019-10-23T15:33:00Z,242.445,242.475,242.42,242.44
2019-10-23T15:34:00Z,242.44,242.55,242.385,242.52
2019-10-23T15:35:00Z,242.53,242.55,242.47,242.53
2019-10-23T15:36:00Z,242.55,242.55,242.42,242.43
2019-10-23T15:37:00Z,242.43,242.504,242.42,242.504
2019-10-23T15:38:00Z,242.505,242.56,242.47,242.47
2019-10-23T15:39:00Z,242.47,242.5,242.41,242.4754
2019-10-23T15:40:00Z,242.46,242.58,242.46,242.5763
2019-10-23T15:41:00Z,242.5712,242.71,242.53,242.71
2019-10-23T15:42:00Z,242.71,242.82,242.71,242.8
2019-10-23T15:43:00Z,242.8,242.81,242.72,242.73
2019-10-23T15:44:00Z,242.73,242.75,242.68,242.73
2019-10-23T15:45:00Z,242.73,242.8,242.69,242.79
2019-10-23T15:46:00Z,242.785,242.785,242.72,242.72
2019-10-23T15:47:00Z,242.74,242.87,242.72,242.77
2019-10-23T15:48:00Z,242.77,242.8,242.7091,242.72
2019-10-23T15:49:00Z,242.7125,242.77,242.69,242.72
2019-10-23T15:50:00Z,242.72,242.772,242.65,242.65
2019-10-23T15:51:00Z,242.64,242.65,242.53,242.58
2019-10-23T15:52:00Z,242.58,242.6102,242.54,242.58
2019-10-23T15:53:00Z,242.58,242.6499,242.57,242.59
2019-10-23T15:54:00Z,242.59,242.66,242.5732,242.66
2019-10-23T15:55:00Z,242.64,242.71,242.63,242.66
2019-10-23T15:56:00Z,242.665,242.67,242.62,242.65
2019-10-23T15:57:00Z,242.64,242.6524,242.58,242.58
2019-10-23T15:58:00Z,242.56,242.61,242.52,242.56
2019-10-23T15:59:00Z,242.54,242.55,242.44,242.5061
2019-10-23T16:00:00Z,242.5,242.5227,242.45,242.48
2019-10-23T16:01:00Z,242.47,242.47,242.3,242.31
2019-10-23T16:02:00Z,242.31,242.4126,242.27,242.38
2019-10-23T16:03:00Z,242.39,242.58,242.3894,242.5083
2019-10-23T16:04:00Z,242.5,242.53,242.43,242.46
2019-10-23T16:05:00Z,242.45,242.45,242.3768,242.4
2019-10-23T16:06:00Z,242.41,242.48,242.4001,242.4201
2019-10-23T16:07:00Z,242.45,242.47,242.28,242.28
2019-10-23T16:08:00Z,242.2768,242.31,242.0446,242.11
2019-10-23T16:09:00Z,242.085,242.09,242,242.05
2019-10-23T16:10:00Z,242.04,242.12,242.015,242.0883
2019-10-23T16:11:00Z,242.08,242.2,242.08,242.19
2019-10-23T16:12:00Z,242.2075,242.23,242.0979,242.125
2019-10-23T16:13:00Z,242.1317,242.19,242.08,242.138
2019-10-23T16:14:00Z,242.1,242.13,242.06,242.0799
2019-10-23T16:15:00Z,242.07,242.25,242.07,242.2349
2019-10-23T16:16:00Z,242.24,242.36,242.2,242.34
2019-10-23T16:17:00Z,242.3335,242.44,242.29,242.3699
2019-10-23T16:18:00Z,242.36,242.49,242.35,242.47
2019-10-23T16:19:00Z,242.48,242.49,242.38,242.4613
2019-10-23T16:20:00Z,242.4699,242.52,242.41,242.49
2019-10-23T16:21:00Z,242.4944,242.4944,242.4177,242.4396
2019-10-23T16:22:00Z,242.45,242.45,242.42,242.43
2019-10-23T16:23:00Z,242.443,242.51,242.44,242.51
2019-10-23T16:24:00Z,242.5014,242.55,242.4854,242.53
2019-10-23T16:25:00Z,242.54,242.55,242.48,242.5
2019-10-23T16:26:00Z,242.49,242.52,242.455,242.52
2019-10-23T16:27:00Z,242.52,242.56,242.4459,242.46
2019-10-23T16:28:00Z,242.45,242.51,242.39,242.5036
2019-10-23T16:29:00Z,242.5082,242.5082,242.44,242.47
2019-10-23T16:30:00Z,242.47,242.63,242.47,242.58
2019-10-23T16:31:00Z,242.5757,242.65,242.53,242.55
2019-10-23T16:32:00Z,242.5446,242.5533,242.49,242.5332
2019-10-23T16:33:00Z,242.5299,242.57,242.4519,242.47
2019-10-23T16:34:00Z,242.46,242.4707,242.38,242.4057
2019-10-23T16:35:00Z,242.396,242.44,242.37,242.44
2019-10-23T16:36:00Z,242.42,242.4455,242.4,242.42
2019-10-23T16:37:00Z,242.45,242.52,242.45,242.51
2019-10-23T16:38:00Z,242.5269,242.57,242.5,242.5233
2019-10-23T16:39:00Z,242.54,242.6523,242.54,242.64
2019-10-23T16:40:00Z,242.65,242.7491,242.63,242.6799
2019-10-23T16:41:00Z,242.6766,242.73,242.67,242.7
2019-10-23T16:42:00Z,242.7,242.7,242.67,242.7
2019-10-23T16:43:00Z,242.69,242.6917,242.65,242.6795
2019-10-23T16:44:00Z,242.66,242.7037,242.6573,242.6991
2019-10-23T16:45:00Z,242.7083,242.74,242.7083,242.71
2019-10-23T16:46:00Z,242.69,242.69,242.65,242.67
2019-10-23T16:47:00Z,242.67,242.6802,242.61,242.6726
2019-10-23T16:48:00Z,242.67,242.71,242.645,242.69
2019-10-23T16:49:00Z,242.69,242.73,242.69,242.7101
2019-10-23T16:50:00Z,242.7191,242.72,242.6513,242.69
2019-10-23T16:51:00Z,242.6891,242.6891,242.6601,242.67
2019-10-23T16:52:00Z,242.6682,242.68,242.62,242.63
2019-10-23T16:53:00Z,242.63,242.7,242.58,242.69
2019-10-23T16:54:00Z,242.69,242.72,242.645,242.6544
2019-10-23T16:55:00Z,242.65,242.66,242.56,242.659
2019-10-23T16:56:00Z,242.67,242.69,242.66,242.685
2019-10-23T16:57:00Z,242.68,242.695,242.6616,242.69
2019-10-23T16:58:00Z,242.68,242.695,242.65,242.665
2019-10-23T16:59:00Z,242.66,242.69,242.65,242.6739
2019-10-23T17:00:00Z,242.66,242.71,242.655,242.6808
2019-10-23T17:01:00Z,242.68,242.69,242.65,242.65
2019-10-23T17:02:00Z,242.65,242.66,242.6138,242.65
2019-10-23T17:03:00Z,242.6648,242.6874,242.64,242.68
2019-10-23T17:04:00Z,242.6838,242.69,242.64,242.64
2019-10-23T17:05:00Z,242.63,242.7,242.63,242.685
2019-10-23T17:06:00Z,242.68,242.68,242.63,242.64
2019-10-23T17:07:00Z,242.63,242.67,242.6,242.65
2019-10-23T17:08:00Z,242.655,242.66,242.62,242.62
2019-10-23T17:09:00Z,242.6238,242.63,242.57,242.57
2019-10-23T17:10:00Z,242.575,242.58,242.52,242.5373
2019-10-23T17:11:00Z,242.54,242.56,242.51,242.52
2019-10-23T17:12:00Z,242.525,242.53,242.42,242.42
2019-10-23T17:13:00Z,242.429,242.429,242.31,242.31
2019-10-23T17:14:00Z,242.31,242.32,242.11,242.1399
2019-10-23T17:15:00Z,242.14,242.18,242.1,242.1608
2019-10-23T17:16:00Z,242.15,242.37,242.15,242.336
2019-10-23T17:17:00Z,242.3455,242.39,242.2837,242.2972
2019-10-23T17:18:00Z,242.29,242.3499,242.29,242.3341
2019-10-23T17:19:00Z,242.3295,242.3404,242.2828,242.32
2019-10-23T17:20:00Z,242.3,242.33,242.2535,242.27
2019-10-23T17:21:00Z,242.28,242.41,242.28,242.39
2019-10-23T17:22:00Z,242.35,242.365,242.2689,242.3
2019-10-23T17:23:00Z,242.299,242.3361,242.2558,242.2624
2019-10-23T17:24:00Z,242.25,242.28,242.24,242.27
2019-10-23T17:25:00Z,242.26,242.34,242.26,242.34
2019-10-23T17:26:00Z,242.3599,242.4099,242.34,242.37
2019-10-23T17:27:00Z,242.38,242.46,242.38,242.44
2019-10-23T17:28:00Z,242.42,242.46,242.4092,242.46
2019-10-23T17:29:00Z,242.48,242.53,242.4567,242.4567
2019-10-23T17:30:00Z,242.477,242.51,242.47,242.5
2019-10-23T17:31:00Z,242.49,242.49,242.4101,242.44
2019-10-23T17:32:00Z,242.44,242.5,242.44,242.48
2019-10-23T17:33:00Z,242.478,242.478,242.37,242.385
2019-10-23T17:34:00Z,242.37,242.42,242.345,242.42
2019-10-23T17:35:00Z,242.4124,242.47,242.4,242.47
2019-10-23T17:36:00Z,242.48,242.51,242.4409,242.456
2019-10-23T17:37:00Z,242.454,242.454,242.3563,242.4218
2019-10-23T17:38:00Z,242.44,242.5,242.4,242.5
2019-10-23T17:39:00Z,242.4846,242.568,242.48,242.52
2019-10-23T17:40:00Z,242.523,242.523,242.475,242.4995
2019-10-23T17:41:00Z,242.505,242.58,242.48,242.57
2019-10-23T17:42:00Z,242.59,242.64,242.56,242.61
2019-10-23T17:43:00Z,242.59,242.6,242.54,242.5754
2019-10-23T17:44:00Z,242.575,242.58,242.5,242.53
2019-10-23T17:45:00Z,242.54,242.5636,242.537,242.55
2019-10-23T17:46:00Z,242.55,242.61,242.5304,242.5697
2019-10-23T17:47:00Z,242.56,242.57,242.51,242.51
2019-10-23T17:48:00Z,242.51,242.51,242.41,242.42
2019-10-23T17:49:00Z,242.42,242.46,242.395,242.4488
2019-10-23T17:50:00Z,242.45,242.54,242.4448,242.54
2019-10-23T17:51:00Z,242.54,242.56,242.5,242.515
2019-10-23T17:52:00Z,242.5208,242.57,242.51,242.56
2019-10-23T17:53:00Z,242.5601,242.64,242.5601,242.64
2019-10-23T17:54:00Z,242.62,242.67,242.58,242.596
2019-10-23T17:55:00Z,242.595,242.6231,242.5546,242.61
2019-10-23T17:56:00Z,242.62,242.68,242.59,242.68
2019-10-23T17:57:00Z,242.66,242.68,242.6354,242.6451
2019-10-23T17:58:00Z,242.6417,242.6713,242.59,242.6713
2019-10-23T17:59:00Z,242.6651,242.6651,242.62,242.64
2019-10-23T18:00:00Z,242.65,242.65,242.55,242.61
2019-10-23T18:01:00Z,242.62,242.62,242.5,242.51
2019-10-23T18:02:00Z,242.5,242.5163,242.44,242.5163
2019-10-23T18:03:00Z,242.52,242.57,242.5,242.52
2019-10-23T18:04:00Z,242.52,242.53,242.4703,242.5
2019-10-23T18:05:00Z,242.49,242.49,242.42,242.4464
2019-10-23T18:06:00Z,242.46,242.46,242.39,242.4
2019-10-23T18:07:00Z,242.39,242.48,242.39,242.44
2019-10-23T18:08:00Z,242.4349,242.4545,242.4,242.43
2019-10-23T18:09:00Z,242.418,242.47,242.41,242.4616
2019-10-23T18:10:00Z,242.47,242.53,242.46,242.48
2019-10-23T18:11:00Z,242.48,242.49,242.45,242.4632
2019-10-23T18:12:00Z,242.47,242.47,242.335,242.335
2019-10-23T18:13:00Z,242.35,242.6264,242.35,242.38
2019-10-23T18:14:00Z,242.4,242.45,242.3693,242.45
2019-10-23T18:15:00Z,242.4568,242.46,242.41,242.4416
2019-10-23T18:16:00Z,242.44,242.45,242.37,242.37
2019-10-23T18:17:00Z,242.3763,242.4,242.21,242.28
2019-10-23T18:18:00Z,242.25,242.3,242.21,242.24
2019-10-23T18:19:00Z,242.22,242.25,242.12,242.17
2019-10-23T18:20:00Z,242.17,242.1881,241.82,241.8635
2019-10-23T18:21:00Z,241.87,242.02,241.86,242.005
2019-10-23T18:22:00Z,242.02,242.1,242.002,242.0877
2019-10-23T18:23:00Z,242.0904,242.17,242.06,242.16
2019-10-23T18:24:00Z,242.15,242.27,242.15,242.23
2019-10-23T18:25:00Z,242.23,242.2699,242.19,242.26
2019-10-23T18:26:00Z,242.26,242.27,242.198,242.198
2019-10-23T18:27:00Z,242.21,242.31,242.21,242.275
2019-10-23T18:28:00Z,242.2738,242.3899,242.265,242.3187
2019-10-23T18:29:00Z,242.32,242.32,242.22,242.2881
2019-10-23T18:30:00Z,242.28,242.36,242.27,242.31
2019-10-23T18:31:00Z,242.3,242.32,242.29,242.32
2019-10-23T18:32:00Z,242.33,242.37,242.299,242.3648
2019-10-23T18:33:00Z,242.3699,242.43,242.36,242.43
2019-10-23T18:34:00Z,242.44,242.44,242.28,242.288
2019-10-23T18:35:00Z,242.29,242.3566,242.25,242.33
2019-10-23T18:36:00Z,242.31,242.35,242.21,242.26
2019-10-23T18:37:00Z,242.2583,242.27,242.24,242.255
2019-10-23T18:38:00Z,242.2506,242.2506,242.14,242.22
2019-10-23T18:39:00Z,242.23,242.32,242.22,242.22
2019-10-23T18:40:00Z,242.24,242.3,242.22,242.2804
2019-10-23T18:41:00Z,242.29,242.33,242.25,242.29
2019-10-23T18:42:00Z,242.28,242.33,242.24,242.3167
2019-10-23T18:43:00Z,242.31,242.33,242.297,242.31
2019-10-23T18:44:00Z,242.3169,242.34,242.27,242.2801
2019-10-23T18:45:00Z,242.3,242.31,242.21,242.31
2019-10-23T18:46:00Z,242.29,242.37,242.29,242.3
2019-10-23T18:47:00Z,242.3005,242.32,242.27,242.32
2019-10-23T18:48:00Z,242.32,242.4,242.3,242.4
2019-10-23T18:49:00Z,242.4,242.43,242.32,242.4261
2019-10-23T18:50:00Z,242.425,242.46,242.38,242.42
2019-10-23T18:51:00Z,242.41,242.41,242.31,242.36
2019-10-23T18:52:00Z,242.36,242.39,242.255,242.27
2019-10-23T18:53:00Z,242.28,242.305,242.255,242.2832
2019-10-23T18:54:00Z,242.28,242.37,242.28,242.36
2019-10-23T18:55:00Z,242.36,242.5,242.36,242.45
2019-10-23T18:56:00Z,242.43,242.5,242.43,242.48
2019-10-23T18:57:00Z,242.48,242.5,242.44,242.4561
2019-10-23T18:58:00Z,242.45,242.46,242.4,242.42
2019-10-23T18:59:00Z,242.42,242.48,242.4,242.47
2019-10-23T19:00:00Z,242.47,242.48,242.41,242.4799
2019-10-23T19:01:00Z,242.4763,242.48,242.43,242.45
2019-10-23T19:02:00Z,242.46,242.5,242.4,242.44
2019-10-23T19:03:00Z,242.425,242.425,242.38,242.39
2019-10-23T19:04:00Z,242.38,242.5,242.3,242.5
2019-10-23T19:05:00Z,242.4908,242.5,242.45,242.45
2019-10-23T19:06:00Z,242.455,242.47,242.4292,242.4664
2019-10-23T19:07:00Z,242.4725,242.5,242.47,242.47
2019-10-23T19:08:00Z,242.4799,242.63,242.46,242.61
2019-10-23T19:09:00Z,242.61,242.618,242.5404,242.6
2019-10-23T19:10:00Z,242.61,242.65,242.56,242.57
2019-10-23T19:11:00Z,242.57,242.57,242.49,242.49
2019-10-23T19:12:00Z,242.49,242.5,242.38,242.45
2019-10-23T19:13:00Z,242.4403,242.4936,242.44,242.4435
2019-10-23T19:14:00Z,242.45,242.45,242.33,242.3527
2019-10-23T19:15:00Z,242.3585,242.36,242.292,242.35
2019-10-23T19:16:00Z,242.36,242.43,242.35,242.3912
2019-10-23T19:17:00Z,242.39,242.41,242.33,242.39
2019-10-23T19:18:00Z,242.38,242.3903,242.24,242.27
2019-10-23T19:19:00Z,242.2772,242.34,242.27,242.34
2019-10-23T19:20:00Z,242.335,242.45,242.31,242.44
2019-10-23T19:21:00Z,242.43,242.45,242.39,242.4036
2019-10-23T19:22:00Z,242.42,242.46,242.42,242.4496
2019-10-23T19:23:00Z,242.45,242.4868,242.42,242.44
2019-10-23T19:24:00Z,242.45,242.465,242.37,242.38
2019-10-23T19:25:00Z,242.39,242.41,242.37,242.4
2019-10-23T19:26:00Z,242.4,242.41,242.35,242.382
2019-10-23T19:27:00Z,242.4,242.48,242.38,242.47
2019-10-23T19:28:00Z,242.48,242.495,242.415,242.4499
2019-10-23T19:29:00Z,242.45,242.5207,242.447,242.5
2019-10-23T19:30:00Z,242.5,242.64,242.46,242.55
2019-10-23T19:31:00Z,242.57,242.66,242.55,242.6485
2019-10-23T19:32:00Z,242.66,242.81,242.65,242.81
2019-10-23T19:33:00Z,242.8,242.83,242.76,242.78
2019-10-23T19:34:00Z,242.78,242.8,242.7,242.7121
2019-10-23T19:35:00Z,242.713,242.73,242.68,242.7
2019-10-23T19:36:00Z,242.7139,242.78,242.7,242.76
2019-10-23T19:37:00Z,242.76,242.85,242.75,242.78
2019-10-23T19:38:00Z,242.785,242.88,242.76,242.81
2019-10-23T19:39:00Z,242.81,242.875,242.805,242.8532
2019-10-23T19:40:00Z,242.855,242.98,242.855,242.97
2019-10-23T19:41:00Z,242.96,243.02,242.95,242.985
2019-10-23T19:42:00Z,242.985,242.985,242.905,242.93
2019-10-23T19:43:00Z,242.9306,242.97,242.86,242.9034
2019-10-23T19:44:00Z,242.9141,242.97,242.892,242.92
2019-10-23T19:45:00Z,242.9299,243.03,242.925,243.0284
2019-10-23T19:46:00Z,243.0201,243.03,242.87,242.89
2019-10-23T19:47:00Z,242.88,242.95,242.88,242.91
2019-10-23T19:48:00Z,242.9,242.95,242.85,242.91
2019-10-23T19:49:00Z,242.92,243.03,242.91,243.005
2019-10-23T19:50:00Z,243.005,243.05,242.91,243.01
2019-10-23T19:51:00Z,243.02,243.05,242.9749,242.997
2019-10-23T19:52:00Z,243,243.03,242.93,242.95
2019-10-23T19:53:00Z,242.95,243,242.9,242.9746
2019-10-23T19:54:00Z,242.96,242.96,242.86,242.94
2019-10-23T19:55:00Z,242.95,243.08,242.95,243.03
2019-10-23T19:56:00Z,243.03,243.1,242.99,243.08
2019-10-23T19:57:00Z,243.07,243.11,243.04,243.09
2019-10-23T19:58:00Z,243.09,243.14,243,243.04
2019-10-23T19:59:00Z,243.06,243.24,243.03,243.14
