2018-06-20T13:30:00Z,186.39,186.7,186.29,186.547
2018-06-20T13:31:00Z,186.53,186.7,186.32,186.3348
2018-06-20T13:32:00Z,186.33,186.45,186.1,186.39
2018-06-20T13:33:00Z,186.38,186.51,186.26,186.44
2018-06-20T13:34:00Z,186.46,186.58,186.35,186.472
2018-06-20T13:35:00Z,186.46,186.53,186.35,186.41
2018-06-20T13:36:00Z,186.4254,186.636,186.38,186.58
2018-06-20T13:37:00Z,186.56,186.7,186.47,186.63
2018-06-20T13:38:00Z,186.63,186.709,186.5601,186.5961
2018-06-20T13:39:00Z,186.59,186.9,186.54,186.77
2018-06-20T13:40:00Z,186.77,186.88,186.71,186.74
2018-06-20T13:41:00Z,186.74,186.8248,186.66,186.74
2018-06-20T13:42:00Z,186.73,186.96,186.73,186.8107
2018-06-20T13:43:00Z,186.8,186.87,186.72,186.84
2018-06-20T13:44:00Z,186.84,186.88,186.7,186.7792
2018-06-20T13:45:00Z,186.78,186.95,186.75,186.89
2018-06-20T13:46:00Z,186.9,186.96,186.84,186.87
2018-06-20T13:47:00Z,186.86,186.97,186.79,186.89
2018-06-20T13:48:00Z,186.89,186.93,186.7372,186.84
2018-06-20T13:49:00Z,186.84,186.84,186.67,186.73
2018-06-20T13:50:00Z,186.73,186.82,186.62,186.6863
2018-06-20T13:51:00Z,186.68,186.7669,186.65,186.6623
2018-06-20T13:52:00Z,186.66,186.66,186.57,186.65
2018-06-20T13:53:00Z,186.65,186.67,186.465,186.5344
2018-06-20T13:54:00Z,186.535,186.58,186.45,186.4501
2018-06-20T13:55:00Z,186.465,186.745,186.46,186.58
2018-06-20T13:56:00Z,186.57,186.74,186.56,186.68
2018-06-20T13:57:00Z,186.68,186.74,186.62,186.6531
2018-06-20T13:58:00Z,186.65,186.77,186.56,186.71
2018-06-20T13:59:00Z,186.7066,186.7506,186.61,186.744
2018-06-20T14:00:00Z,186.74,186.78,186.64,186.7613
2018-06-20T14:01:00Z,186.76,186.8046,186.72,186.77
2018-06-20T14:02:00Z,186.78,186.79,186.63,186.715
2018-06-20T14:03:00Z,186.73,186.79,186.72,186.7601
2018-06-20T14:04:00Z,186.77,186.85,186.56,186.59
2018-06-20T14:05:00Z,186.59,186.76,186.5861,186.65
2018-06-20T14:06:00Z,186.65,186.82,186.6485,186.78
2018-06-20T14:07:00Z,186.79,186.87,186.76,186.8
2018-06-20T14:08:00Z,186.8,186.805,186.65,186.71
2018-06-20T14:09:00Z,186.71,186.75,186.6,186.68
2018-06-20T14:10:00Z,186.68,186.76,186.64,186.6422
2018-06-20T14:11:00Z,186.64,186.74,186.6305,186.71
2018-06-20T14:12:00Z,186.71,186.77,186.63,186.65
2018-06-20T14:13:00Z,186.66,186.745,186.62,186.62
2018-06-20T14:14:00Z,186.62,186.8,186.62,186.78
2018-06-20T14:15:00Z,186.76,186.81,186.69,186.71
2018-06-20T14:16:00Z,186.6925,186.75,186.63,186.64
2018-06-20T14:17:00Z,186.64,186.69,186.6,186.6281
2018-06-20T14:18:00Z,186.63,186.63,186.5,186.52
2018-06-20T14:19:00Z,186.52,186.54,186.43,186.44
2018-06-20T14:20:00Z,186.44,186.48,186.36,186.3675
2018-06-20T14:21:00Z,186.3675,186.41,186.31,186.34
2018-06-20T14:22:00Z,186.332,186.332,186.24,186.3
2018-06-20T14:23:00Z,186.28,186.36,186.28,186.28
2018-06-20T14:24:00Z,186.2936,186.2936,186.18,186.2
2018-06-20T14:25:00Z,186.2,186.28,186.17,186.2558
2018-06-20T14:26:00Z,186.25,186.25,186.12,186.1301
2018-06-20T14:27:00Z,186.1366,186.14,186.08,186.1
2018-06-20T14:28:00Z,186.0946,186.14,186.02,186.05
2018-06-20T14:29:00Z,186.04,186.1217,185.9652,186.06
2018-06-20T14:30:00Z,186.07,186.15,186.05,186.0866
2018-06-20T14:31:00Z,186.08,186.08,185.93,185.96
2018-06-20T14:32:00Z,185.9502,186.01,185.89,185.9462
2018-06-20T14:33:00Z,185.95,186.06,185.92,186.05
2018-06-20T14:34:00Z,186.05,186.18,186.02,186.1799
2018-06-20T14:35:00Z,186.165,186.17,186.1001,186.14
2018-06-20T14:36:00Z,186.12,186.24,186.06,186.22
2018-06-20T14:37:00Z,186.22,186.31,186.21,186.25
2018-06-20T14:38:00Z,186.265,186.3,186.18,186.2748
2018-06-20T14:39:00Z,186.265,186.27,186.19,186.27
2018-06-20T14:40:00Z,186.275,186.32,186.25,186.2614
2018-06-20T14:41:00Z,186.27,186.29,186.08,186.0884
2018-06-20T14:42:00Z,186.08,186.1,185.98,185.99
2018-06-20T14:43:00Z,185.99,186.05,185.98,186.0242
2018-06-20T14:44:00Z,186.0252,186.1,185.98,185.99
2018-06-20T14:45:00Z,185.97,186.14,185.97,186.01
2018-06-20T14:46:00Z,186.0199,186.04,185.98,185.985
2018-06-20T14:47:00Z,185.98,186,185.91,185.95
2018-06-20T14:48:00Z,185.96,185.96,185.74,185.78
2018-06-20T14:49:00Z,185.79,185.88,185.73,185.78
2018-06-20T14:50:00Z,185.79,185.97,185.78,185.95
2018-06-20T14:51:00Z,185.945,186.064,185.93,185.99
2018-06-20T14:52:00Z,186.0158,186.1499,185.9948,186.07
2018-06-20T14:53:00Z,186.08,186.1,185.9678,186.0032
2018-06-20T14:54:00Z,186.01,186.1,185.9948,186.1
2018-06-20T14:55:00Z,186.1026,186.18,186.05,186.07
2018-06-20T14:56:00Z,186.07,186.08,186.039,186.0508
2018-06-20T14:57:00Z,186.055,186.105,186.0173,186.0173
2018-06-20T14:58:00Z,186.02,186.32,186.01,186.3002
2018-06-20T14:59:00Z,186.29,186.44,186.29,186.371
2018-06-20T15:00:00Z,186.38,186.39,186.26,186.31
2018-06-20T15:01:00Z,186.3046,186.32,186.17,186.25
2018-06-20T15:02:00Z,186.24,186.2999,186.2,186.28
2018-06-20T15:03:00Z,186.29,186.32,186.21,186.2748
2018-06-20T15:04:00Z,186.2749,186.38,186.26,186.37
2018-06-20T15:05:00Z,186.38,186.46,186.38,186.43
2018-06-20T15:06:00Z,186.4354,186.51,186.32,186.35
2018-06-20T15:07:00Z,186.36,186.36,186.27,186.29
2018-06-20T15:08:00Z,186.31,186.38,186.3,186.35
2018-06-20T15:09:00Z,186.36,186.365,186.31,186.34
2018-06-20T15:10:00Z,186.345,186.37,186.3,186.37
2018-06-20T15:11:00Z,186.37,186.38,186.14,186.17
2018-06-20T15:12:00Z,186.18,186.2,186.02,186.06
2018-06-20T15:13:00Z,186.03,186.08,186,186.04
2018-06-20T15:14:00Z,186.06,186.08,186.03,186.0499
2018-06-20T15:15:00Z,186.05,186.08,185.95,185.95
2018-06-20T15:16:00Z,185.95,186.11,185.95,186.105
2018-06-20T15:17:00Z,186.1,186.1372,186.0501,186.0501
2018-06-20T15:18:00Z,186.04,186.084,185.98,186.055
2018-06-20T15:19:00Z,186.06,186.07,185.98,185.98
2018-06-20T15:20:00Z,185.98,186.06,185.98,186.0339
2018-06-20T15:21:00Z,186.04,186.13,186.0399,186.08
2018-06-20T15:22:00Z,186.0854,186.11,186.06,186.0966
2018-06-20T15:23:00Z,186.1053,186.22,186.06,186.1768
2018-06-20T15:24:00Z,186.1739,186.3,186.1646,186.22
2018-06-20T15:25:00Z,186.2,186.2,186.12,186.14
2018-06-20T15:26:00Z,186.13,186.221,186.1182,186.21
2018-06-20T15:27:00Z,186.21,186.22,186.13,186.14
2018-06-20T15:28:00Z,186.13,186.16,186.12,186.16
2018-06-20T15:29:00Z,186.16,186.1857,186.03,186.06
2018-06-20T15:30:00Z,186.06,186.12,186.05,186.1
2018-06-20T15:31:00Z,186.1,186.12,186.0745,186.105
2018-06-20T15:32:00Z,186.1,186.125,186.03,186.05
2018-06-20T15:33:00Z,186.0545,186.11,185.995,186.11
2018-06-20T15:34:00Z,186.12,186.16,186.01,186.023
2018-06-20T15:35:00Z,186.02,186.03,185.91,185.94
2018-06-20T15:36:00Z,185.93,185.99,185.88,185.99
2018-06-20T15:37:00Z,185.991,186.01,185.94,185.95
2018-06-20T15:38:00Z,185.95,185.9575,185.885,185.95
2018-06-20T15:39:00Z,185.95,185.96,185.881,185.89
2018-06-20T15:40:00Z,185.89,185.8999,185.82,185.8585
2018-06-20T15:41:00Z,185.85,185.9354,185.85,185.92
2018-06-20T15:42:00Z,185.93,186.02,185.93,185.97
2018-06-20T15:43:00Z,185.97,186.01,185.97,185.99
2018-06-20T15:44:00Z,185.98,185.98,185.8866,185.9461
2018-06-20T15:45:00Z,185.945,185.98,185.92,185.96
2018-06-20T15:46:00Z,185.96,185.97,185.88,185.88
2018-06-20T15:47:00Z,185.88,185.955,185.86,185.92
2018-06-20T15:48:00Z,185.91,185.965,185.87,185.96
2018-06-20T15:49:00Z,185.96,185.98,185.92,185.96
2018-06-20T15:50:00Z,185.95,185.98,185.9261,185.94
2018-06-20T15:51:00Z,185.945,185.995,185.88,185.94
2018-06-20T15:52:00Z,185.93,185.93,185.8599,185.9
2018-06-20T15:53:00Z,185.9,185.97,185.87,185.9099
2018-06-20T15:54:00Z,185.91,185.96,185.88,185.95
2018-06-20T15:55:00Z,185.94,185.98,185.915,185.95
2018-06-20T15:56:00Z,185.96,185.96,185.9039,185.92
2018-06-20T15:57:00Z,185.91,185.97,185.9,185.969
2018-06-20T15:58:00Z,185.96,186.07,185.96,186
2018-06-20T15:59:00Z,186.015,186.03,185.9754,186.005
2018-06-20T16:00:00Z,186.01,186.09,185.9516,186.06
2018-06-20T16:01:00Z,186.057,186.15,186.03,186.14
2018-06-20T16:02:00Z,186.13,186.1899,186.09,186.16
2018-06-20T16:03:00Z,186.1799,186.29,186.16,186.28
2018-06-20T16:04:00Z,186.28,186.31,186.23,186.3
2018-06-20T16:05:00Z,186.2999,186.34,186.28,186.33
2018-06-20T16:06:00Z,186.33,186.33,186.24,186.2501
2018-06-20T16:07:00Z,186.25,186.27,186.2195,186.24
2018-06-20T16:08:00Z,186.24,186.34,186.24,186.32
2018-06-20T16:09:00Z,186.31,186.31,186.17,186.23
2018-06-20T16:10:00Z,186.22,186.2599,186.21,186.2189
2018-06-20T16:11:00Z,186.23,186.23,186.155,186.1656
2018-06-20T16:12:00Z,186.16,186.25,186.15,186.24
2018-06-20T16:13:00Z,186.25,186.32,186.24,186.3161
2018-06-20T16:14:00Z,186.31,186.3264,186.28,186.3099
2018-06-20T16:15:00Z,186.3,186.33,186.3,186.33
2018-06-20T16:16:00Z,186.3301,186.38,186.3243,186.35
2018-06-20T16:17:00Z,186.35,186.35,186.28,186.34
2018-06-20T16:18:00Z,186.34,186.34,186.3,186.32
2018-06-20T16:19:00Z,186.3279,186.36,186.3,186.335
2018-06-20T16:20:00Z,186.3338,186.37,186.32,186.36
2018-06-20T16:21:00Z,186.37,186.42,186.36,186.4155
2018-06-20T16:22:00Z,186.41,186.42,186.39,186.4147
2018-06-20T16:23:00Z,186.42,186.42,186.37,186.4077
2018-06-20T16:24:00Z,186.41,186.47,186.41,186.47
2018-06-20T16:25:00Z,186.46,186.48,186.43,186.47
2018-06-20T16:26:00Z,186.47,186.51,186.44,186.45
2018-06-20T16:27:00Z,186.4599,186.47,186.41,186.45
2018-06-20T16:28:00Z,186.46,186.5469,186.44,186.54
2018-06-20T16:29:00Z,186.54,186.58,186.54,186.57
2018-06-20T16:30:00Z,186.57,186.58,186.54,186.556
2018-06-20T16:31:00Z,186.55,186.56,186.54,186.56
2018-06-20T16:32:00Z,186.57,186.57,186.54,186.55
2018-06-20T16:33:00Z,186.545,186.59,186.54,186.59
2018-06-20T16:34:00Z,186.59,186.64,186.57,186.6201
2018-06-20T16:35:00Z,186.63,186.66,186.6266,186.64
2018-06-20T16:36:00Z,186.645,186.65,186.61,186.6256
2018-06-20T16:37:00Z,186.625,186.6552,186.62,186.64
2018-06-20T16:38:00Z,186.63,186.7182,186.63,186.6939
2018-06-20T16:39:00Z,186.69,186.74,186.69,186.7198
2018-06-20T16:40:00Z,186.71,186.76,186.69,186.7499
2018-06-20T16:41:00Z,186.75,186.75,186.649,186.72
2018-06-20T16:42:00Z,186.73,186.79,186.71,186.78
2018-06-20T16:43:00Z,186.78,186.84,186.74,186.805
2018-06-20T16:44:00Z,186.8053,186.86,186.77,186.8545
2018-06-20T16:45:00Z,186.86,186.87,186.76,186.8345
2018-06-20T16:46:00Z,186.8355,186.8355,186.79,186.8
2018-06-20T16:47:00Z,186.8069,186.87,186.8,186.86
2018-06-20T16:48:00Z,186.87,186.9,186.82,186.8206
2018-06-20T16:49:00Z,186.835,186.8658,186.82,186.8552
2018-06-20T16:50:00Z,186.855,186.92,186.845,186.91
2018-06-20T16:51:00Z,186.9131,186.96,186.9,186.9542
2018-06-20T16:52:00Z,186.9548,186.96,186.88,186.88
2018-06-20T16:53:00Z,186.88,186.9,186.84,186.9
2018-06-20T16:54:00Z,186.895,186.91,186.86,186.91
2018-06-20T16:55:00Z,186.9,186.93,186.88,186.909
2018-06-20T16:56:00Z,186.9,186.93,186.8646,186.9
2018-06-20T16:57:00Z,186.9,186.92,186.8346,186.835
2018-06-20T16:58:00Z,186.84,186.87,186.8,186.85
2018-06-20T16:59:00Z,186.85,186.87,186.8101,186.845
2018-06-20T17:00:00Z,186.84,186.9,186.82,186.89
2018-06-20T17:01:00Z,186.9,186.94,186.88,186.914
2018-06-20T17:02:00Z,186.92,186.94,186.84,186.84
2018-06-20T17:03:00Z,186.8336,186.845,186.7632,186.7999
2018-06-20T17:04:00Z,186.79,186.8,186.76,186.79
2018-06-20T17:05:00Z,186.7944,186.8257,186.79,186.82
2018-06-20T17:06:00Z,186.82,186.86,186.8,186.84
2018-06-20T17:07:00Z,186.845,186.8753,186.8364,186.87
2018-06-20T17:08:00Z,186.87,186.9,186.86,186.88
2018-06-20T17:09:00Z,186.88,186.88,186.81,186.82
2018-06-20T17:10:00Z,186.815,186.85,186.81,186.85
2018-06-20T17:11:00Z,186.86,186.86,186.77,186.8
2018-06-20T17:12:00Z,186.8005,186.855,186.8,186.82
2018-06-20T17:13:00Z,186.83,186.84,186.79,186.84
2018-06-20T17:14:00Z,186.84,186.8485,186.74,186.7636
2018-06-20T17:15:00Z,186.755,186.7698,186.68,186.69
2018-06-20T17:16:00Z,186.68,186.7061,186.68,186.6852
2018-06-20T17:17:00Z,186.68,186.7,186.64,186.66
2018-06-20T17:18:00Z,186.67,186.72,186.665,186.71
2018-06-20T17:19:00Z,186.7167,186.7167,186.65,186.6901
2018-06-20T17:20:00Z,186.695,186.73,186.695,186.7054
2018-06-20T17:21:00Z,186.705,186.705,186.65,186.6599
2018-06-20T17:22:00Z,186.66,186.675,186.65,186.67
2018-06-20T17:23:00Z,186.67,186.69,186.66,186.67
2018-06-20T17:24:00Z,186.6703,186.68,186.64,186.65
2018-06-20T17:25:00Z,186.65,186.6599,186.6,186.6154
2018-06-20T17:26:00Z,186.6115,186.63,186.59,186.62
2018-06-20T17:27:00Z,186.62,186.64,186.61,186.62
2018-06-20T17:28:00Z,186.6238,186.64,186.61,186.62
2018-06-20T17:29:00Z,186.619,186.646,186.6,186.605
2018-06-20T17:30:00Z,186.61,186.62,186.6,186.62
2018-06-20T17:31:00Z,186.62,186.63,186.6,186.61
2018-06-20T17:32:00Z,186.6017,186.63,186.6,186.62
2018-06-20T17:33:00Z,186.62,186.675,186.61,186.675
2018-06-20T17:34:00Z,186.6748,186.7432,186.6748,186.6748
2018-06-20T17:35:00Z,186.6752,186.7222,186.67,186.7
2018-06-20T17:36:00Z,186.72,186.745,186.7,186.7
2018-06-20T17:37:00Z,186.72,186.74,186.671,186.71
2018-06-20T17:38:00Z,186.72,186.73,186.69,186.7
2018-06-20T17:39:00Z,186.7036,186.72,186.68,186.685
2018-06-20T17:40:00Z,186.687,186.69,186.655,186.6601
2018-06-20T17:41:00Z,186.6648,186.7198,186.6648,186.7
2018-06-20T17:42:00Z,186.7081,186.755,186.69,186.755
2018-06-20T17:43:00Z,186.76,186.77,186.7332,186.7332
2018-06-20T17:44:00Z,186.74,186.75,186.71,186.74
2018-06-20T17:45:00Z,186.74,186.77,186.73,186.74
2018-06-20T17:46:00Z,186.74,186.7462,186.69,186.72
2018-06-20T17:47:00Z,186.725,186.7928,186.72,186.771
2018-06-20T17:48:00Z,186.78,186.86,186.78,186.86
2018-06-20T17:49:00Z,186.85,186.9,186.85,186.875
2018-06-20T17:50:00Z,186.87,186.89,186.84,186.87
2018-06-20T17:51:00Z,186.875,186.9,186.85,186.9
2018-06-20T17:52:00Z,186.9,186.97,186.89,186.96
2018-06-20T17:53:00Z,186.97,187.2,186.97,187.19
2018-06-20T17:54:00Z,187.19,187.195,187.11,187.1178
2018-06-20T17:55:00Z,187.1143,187.16,187.07,187.0942
2018-06-20T17:56:00Z,187.09,187.19,187.08,187.19
2018-06-20T17:57:00Z,187.17,187.2,187.1421,187.1692
2018-06-20T17:58:00Z,187.17,187.1708,187.13,187.135
2018-06-20T17:59:00Z,187.13,187.13,187.04,187.11
2018-06-20T18:00:00Z,187.125,187.13,187.02,187.0548
2018-06-20T18:01:00Z,187.0557,187.07,187.02,187.0639
2018-06-20T18:02:00Z,187.06,187.0675,187.04,187.0401
2018-06-20T18:03:00Z,187.03,187.03,186.8915,186.9
2018-06-20T18:04:00Z,186.89,186.92,186.87,186.8935
2018-06-20T18:05:00Z,186.8946,186.9,186.8428,186.8428
2018-06-20T18:06:00Z,186.8431,186.86,186.7676,186.7676
2018-06-20T18:07:00Z,186.77,186.7705,186.7354,186.75
2018-06-20T18:08:00Z,186.75,186.769,186.712,186.73
2018-06-20T18:09:00Z,186.73,186.73,186.69,186.6948
2018-06-20T18:10:00Z,186.695,186.695,186.64,186.68
2018-06-20T18:11:00Z,186.69,186.6969,186.65,186.6744
2018-06-20T18:12:00Z,186.68,186.74,186.63,186.73
2018-06-20T18:13:00Z,186.73,186.85,186.68,186.85
2018-06-20T18:14:00Z,186.84,186.86,186.78,186.85
2018-06-20T18:15:00Z,186.84,186.91,186.77,186.89
2018-06-20T18:16:00Z,186.91,186.94,186.8,186.8
2018-06-20T18:17:00Z,186.8099,186.84,186.74,186.84
2018-06-20T18:18:00Z,186.839,186.98,186.79,186.805
2018-06-20T18:19:00Z,186.8,186.8,186.69,186.77
2018-06-20T18:20:00Z,186.75,186.7635,186.73,186.73
2018-06-20T18:21:00Z,186.725,186.74,186.7,186.72
2018-06-20T18:22:00Z,186.73,186.8,186.73,186.78
2018-06-20T18:23:00Z,186.79,186.81,186.75,186.75
2018-06-20T18:24:00Z,186.76,186.79,186.73,186.76
2018-06-20T18:25:00Z,186.77,186.78,186.7439,186.755
2018-06-20T18:26:00Z,186.745,186.75,186.68,186.7301
2018-06-20T18:27:00Z,186.73,186.75,186.71,186.749
2018-06-20T18:28:00Z,186.74,186.77,186.73,186.7553
2018-06-20T18:29:00Z,186.755,186.84,186.73,186.84
2018-06-20T18:30:00Z,186.83,186.83,186.77,186.7937
2018-06-20T18:31:00Z,186.7916,186.8,186.76,186.76
2018-06-20T18:32:00Z,186.77,186.775,186.74,186.76
2018-06-20T18:33:00Z,186.755,186.755,186.7,186.725
2018-06-20T18:34:00Z,186.7307,186.7482,186.68,186.6854
2018-06-20T18:35:00Z,186.69,186.7158,186.67,186.675
2018-06-20T18:36:00Z,186.6847,186.7339,186.67,186.73
2018-06-20T18:37:00Z,186.74,186.79,186.74,186.75
2018-06-20T18:38:00Z,186.76,186.77,186.7,186.74
2018-06-20T18:39:00Z,186.745,186.75,186.71,186.7355
2018-06-20T18:40:00Z,186.735,186.74,186.72,186.73
2018-06-20T18:41:00Z,186.735,186.735,186.69,186.7062
2018-06-20T18:42:00Z,186.7,186.7,186.62,186.64
2018-06-20T18:43:00Z,186.63,186.64,186.6,186.63
2018-06-20T18:44:00Z,186.63,186.63,186.42,186.5217
2018-06-20T18:45:00Z,186.53,186.5399,186.49,186.5001
2018-06-20T18:46:00Z,186.5,186.54,186.5,186.525
2018-06-20T18:47:00Z,186.5261,186.5769,186.52,186.525
2018-06-20T18:48:00Z,186.5201,186.55,186.52,186.53
2018-06-20T18:49:00Z,186.531,186.565,186.5,186.5
2018-06-20T18:50:00Z,186.49,186.5606,186.47,186.5557
2018-06-20T18:51:00Z,186.555,186.5788,186.54,186.545
2018-06-20T18:52:00Z,186.55,186.56,186.4939,186.54
2018-06-20T18:53:00Z,186.54,186.5752,186.54,186.55
2018-06-20T18:54:00Z,186.543,186.56,186.525,186.56
2018-06-20T18:55:00Z,186.555,186.6331,186.53,186.55
2018-06-20T18:56:00Z,186.559,186.56,186.42,186.441
2018-06-20T18:57:00Z,186.445,186.46,186.3168,186.4532
2018-06-20T18:58:00Z,186.45,186.48,186.348,186.48
2018-06-20T18:59:00Z,186.4764,186.4764,186.37,186.415
2018-06-20T19:00:00Z,186.42,186.43,186.33,186.34
2018-06-20T19:01:00Z,186.345,186.38,186.3,186.36
2018-06-20T19:02:00Z,186.36,186.408,186.36,186.4015
2018-06-20T19:03:00Z,186.4054,186.5,186.4,186.4592
2018-06-20T19:04:00Z,186.4608,186.4608,186.36,186.41
2018-06-20T19:05:00Z,186.42,186.45,186.365,186.37
2018-06-20T19:06:00Z,186.375,186.53,186.36,186.44
2018-06-20T19:07:00Z,186.45,186.469,186.415,186.44
2018-06-20T19:08:00Z,186.44,186.61,186.39,186.6
2018-06-20T19:09:00Z,186.6068,186.67,186.56,186.64
2018-06-20T19:10:00Z,186.65,186.66,186.61,186.62
2018-06-20T19:11:00Z,186.62,186.62,186.57,186.57
2018-06-20T19:12:00Z,186.5739,186.6754,186.54,186.6754
2018-06-20T19:13:00Z,186.67,186.67,186.62,186.65
2018-06-20T19:14:00Z,186.6459,186.675,186.62,186.6516
2018-06-20T19:15:00Z,186.65,186.65,186.61,186.645
2018-06-20T19:16:00Z,186.65,186.65,186.58,186.5868
2018-06-20T19:17:00Z,186.59,186.64,186.5856,186.64
2018-06-20T19:18:00Z,186.65,186.66,186.6,186.6546
2018-06-20T19:19:00Z,186.66,186.66,186.615,186.6166
2018-06-20T19:20:00Z,186.61,186.645,186.58,186.64
2018-06-20T19:21:00Z,186.63,186.66,186.59,186.6
2018-06-20T19:22:00Z,186.61,186.63,186.55,186.56
2018-06-20T19:23:00Z,186.56,186.56,186.5,186.52
2018-06-20T19:24:00Z,186.53,186.56,186.47,186.545
2018-06-20T19:25:00Z,186.54,186.65,186.54,186.615
2018-06-20T19:26:00Z,186.6101,186.612,186.57,186.605
2018-06-20T19:27:00Z,186.6,186.635,186.59,186.635
2018-06-20T19:28:00Z,186.63,186.64,186.6,186.64
2018-06-20T19:29:00Z,186.64,186.64,186.61,186.64
2018-06-20T19:30:00Z,186.6482,186.7,186.63,186.695
2018-06-20T19:31:00Z,186.6957,186.71,186.67,186.7
2018-06-20T19:32:00Z,186.7,186.7747,186.67,186.7747
2018-06-20T19:33:00Z,186.77,186.905,186.77,186.88
2018-06-20T19:34:00Z,186.8802,186.9057,186.84,186.8953
2018-06-20T19:35:00Z,186.89,186.91,186.835,186.84
2018-06-20T19:36:00Z,186.84,186.84,186.76,186.77
2018-06-20T19:37:00Z,186.77,186.81,186.72,186.73
2018-06-20T19:38:00Z,186.72,186.73,186.67,186.69
2018-06-20T19:39:00Z,186.695,186.79,186.695,186.77
2018-06-20T19:40:00Z,186.77,186.78,186.73,186.73
2018-06-20T19:41:00Z,186.73,186.761,186.67,186.735
2018-06-20T19:42:00Z,186.73,186.73,186.62,186.68
2018-06-20T19:43:00Z,186.69,186.7586,186.69,186.7586
2018-06-20T19:44:00Z,186.75,186.7864,186.71,186.73
2018-06-20T19:45:00Z,186.72,186.745,186.69,186.7199
2018-06-20T19:46:00Z,186.715,186.7332,186.6942,186.71
2018-06-20T19:47:00Z,186.715,186.78,186.7,186.7416
2018-06-20T19:48:00Z,186.74,186.795,186.73,186.785
2018-06-20T19:49:00Z,186.78,186.83,186.77,186.795
2018-06-20T19:50:00Z,186.8,186.9,186.44,186.57
2018-06-20T19:51:00Z,186.5835,186.61,186.54,186.59
2018-06-20T19:52:00Z,186.59,186.62,186.401,186.44
2018-06-20T19:53:00Z,186.44,186.51,186.435,186.49
2018-06-20T19:54:00Z,186.49,186.54,186.4732,186.54
2018-06-20T19:55:00Z,186.535,186.56,186.48,186.51
2018-06-20T19:56:00Z,186.5,186.6,186.49,186.5399
2018-06-20T19:57:00Z,186.53,186.54,186.43,186.4301
2018-06-20T19:58:00Z,186.43,186.58,186.38,186.56
2018-06-20T19:59:00Z,186.57,186.59,186.33,186.5
