2021-03-05T13:30:00Z,120.49,120.5,119.9,120.19
2021-03-05T13:31:00Z,120.17,120.18,119.65,119.8399
2021-03-05T13:32:00Z,119.85,119.92,119.3,119.5101
2021-03-05T13:33:00Z,119.5301,119.75,119.3,119.7499
2021-03-05T13:34:00Z,119.68,119.77,119.31,119.48
2021-03-05T13:35:00Z,119.48,120,119.42,119.82
2021-03-05T13:36:00Z,119.9943,120,119.72,119.79
2021-03-05T13:37:00Z,119.84,120,119.77,119.79
2021-03-05T13:38:00Z,119.78,119.83,119.72,119.8
2021-03-05T13:39:00Z,119.76,119.84,119.75,119.83
2021-03-05T13:40:00Z,119.83,119.99,119.74,119.88
2021-03-05T13:41:00Z,119.98,120.06,119.9105,120
2021-03-05T13:42:00Z,120,120.18,119.87,120.1
2021-03-05T13:43:00Z,120.09,120.21,120.05,120.06
2021-03-05T13:44:00Z,120.04,120.14,120,120.06
2021-03-05T13:45:00Z,120.0501,120.2,119.94,120.18
2021-03-05T13:46:00Z,120.15,120.31,120.13,120.255
2021-03-05T13:47:00Z,120.23,120.3,120.16,120.29
2021-03-05T13:48:00Z,120.26,120.26,120.15,120.18
2021-03-05T13:49:00Z,120.17,120.2,120.07,120.2
2021-03-05T13:50:00Z,120.2,120.3,120.13,120.3
2021-03-05T13:51:00Z,120.27,120.3,120.1,120.2
2021-03-05T13:52:00Z,120.16,120.25,120.1,120.11
2021-03-05T13:53:00Z,120.12,120.25,120.12,120.25
2021-03-05T13:54:00Z,120.26,120.43,120.25,120.28
2021-03-05T13:55:00Z,120.3,120.31,120.2,120.25
2021-03-05T13:56:00Z,120.21,120.24,120.08,120.1
2021-03-05T13:57:00Z,120.11,120.26,120.1,120.26
2021-03-05T13:58:00Z,120.24,120.3,120.15,120.24
2021-03-05T13:59:00Z,120.28,120.28,120.23,120.23
2021-03-05T14:00:00Z,120.23,120.31,120.18,120.26
2021-03-05T14:01:00Z,120.25,120.5,120.25,120.49
2021-03-05T14:02:00Z,120.45,120.75,120.45,120.67
2021-03-05T14:03:00Z,120.67,120.88,120.67,120.76
2021-03-05T14:04:00Z,120.76,120.8,120.631,120.67
2021-03-05T14:05:00Z,120.64,120.79,120.64,120.76
2021-03-05T14:06:00Z,120.76,120.76,120.52,120.7
2021-03-05T14:07:00Z,120.7,120.7,120.6,120.65
2021-03-05T14:08:00Z,120.65,120.69,120.55,120.66
2021-03-05T14:09:00Z,120.66,120.88,120.64,120.85
2021-03-05T14:10:00Z,120.84,120.88,120.77,120.82
2021-03-05T14:11:00Z,120.83,120.98,120.83,120.88
2021-03-05T14:12:00Z,120.87,120.98,120.85,120.98
2021-03-05T14:13:00Z,120.98,121.02,120.9,120.93
2021-03-05T14:14:00Z,120.9,120.94,120.8,120.81
2021-03-05T14:15:00Z,120.81,121.29,120.81,121.25
2021-03-05T14:16:00Z,121.3,121.56,121.29,121.3
2021-03-05T14:17:00Z,121.29,121.3,121.23,121.3
2021-03-05T14:18:00Z,121.3,121.34,121.24,121.24
2021-03-05T14:19:00Z,121.22,121.23,121.04,121.1
2021-03-05T14:20:00Z,121.099,121.3,121.06,121.23
2021-03-05T14:21:00Z,121.22,121.28,121.15,121.25
2021-03-05T14:22:00Z,121.25,121.26,121.1599,121.1599
2021-03-05T14:23:00Z,121.15,121.16,121.05,121.15
2021-03-05T14:24:00Z,121.15,121.15,120.81,120.85
2021-03-05T14:25:00Z,120.85,120.88,120.8,120.88
2021-03-05T14:26:00Z,120.88,120.9,120.8,120.8
2021-03-05T14:27:00Z,120.785,120.9,120.71,120.79
2021-03-05T14:28:00Z,120.84,121.1,120.8,121.01
2021-03-05T14:29:00Z,120.98,121,120.7,121
2021-03-05T14:30:00Z,121,121.67,120.81,121
2021-03-05T14:31:00Z,120.99,121.31,120.78,121.05
2021-03-05T14:32:00Z,121.0566,121.11,120.5,120.65
2021-03-05T14:33:00Z,120.665,120.8697,120.43,120.44
2021-03-05T14:34:00Z,120.4411,120.49,120.02,120.05
2021-03-05T14:35:00Z,120.07,120.28,120.02,120.1501
2021-03-05T14:36:00Z,120.155,120.33,120.01,120.0298
2021-03-05T14:37:00Z,120.02,120.045,119.68,119.76
2021-03-05T14:38:00Z,119.77,120.01,119.54,119.81
2021-03-05T14:39:00Z,119.8,119.8201,119.48,119.62
2021-03-05T14:40:00Z,119.62,120.04,119.61,120.01
2021-03-05T14:41:00Z,120.01,120.04,119.7901,119.915
2021-03-05T14:42:00Z,119.91,119.95,119.67,119.67
2021-03-05T14:43:00Z,119.67,120.02,119.59,120.02
2021-03-05T14:44:00Z,120.01,120.02,119.7701,119.95
2021-03-05T14:45:00Z,119.95,120.05,119.8,119.95
2021-03-05T14:46:00Z,119.94,120,119.7,119.935
2021-03-05T14:47:00Z,119.93,120.32,119.9,120.18
2021-03-05T14:48:00Z,120.18,120.18,119.86,120.01
2021-03-05T14:49:00Z,120.02,120.02,119.55,119.58
2021-03-05T14:50:00Z,119.58,119.62,119.18,119.325
2021-03-05T14:51:00Z,119.32,119.5,119.28,119.36
2021-03-05T14:52:00Z,119.36,119.6192,119.36,119.4608
2021-03-05T14:53:00Z,119.46,119.48,119.04,119.15
2021-03-05T14:54:00Z,119.14,119.23,118.9608,118.99
2021-03-05T14:55:00Z,118.995,119.13,118.77,118.785
2021-03-05T14:56:00Z,118.7999,118.995,118.71,118.86
2021-03-05T14:57:00Z,118.87,118.875,118.62,118.67
2021-03-05T14:58:00Z,118.68,119.09,118.66,119.09
2021-03-05T14:59:00Z,119.09,119.1664,118.82,119.15
2021-03-05T15:00:00Z,119.15,119.18,118.87,118.94
2021-03-05T15:01:00Z,118.96,119.3175,118.8101,119.295
2021-03-05T15:02:00Z,119.2901,119.44,119.22,119.365
2021-03-05T15:03:00Z,119.37,119.49,119.17,119.48
2021-03-05T15:04:00Z,119.48,119.5399,119.23,119.34
2021-03-05T15:05:00Z,119.35,119.67,119.33,119.6301
2021-03-05T15:06:00Z,119.63,119.93,119.57,119.875
2021-03-05T15:07:00Z,119.87,120,119.81,119.98
2021-03-05T15:08:00Z,119.99,120.02,119.82,119.86
2021-03-05T15:09:00Z,119.86,119.95,119.57,119.5901
2021-03-05T15:10:00Z,119.59,119.89,119.57,119.84
2021-03-05T15:11:00Z,119.84,119.8799,119.5,119.52
2021-03-05T15:12:00Z,119.525,119.54,118.94,118.95
2021-03-05T15:13:00Z,118.945,119.0701,118.85,118.8585
2021-03-05T15:14:00Z,118.8577,118.91,118.73,118.82
2021-03-05T15:15:00Z,118.8,118.95,118.68,118.79
2021-03-05T15:16:00Z,118.795,118.96,118.68,118.89
2021-03-05T15:17:00Z,118.89,119.34,118.87,119.12
2021-03-05T15:18:00Z,119.11,119.35,119.05,119.24
2021-03-05T15:19:00Z,119.245,119.3,118.99,119.09
2021-03-05T15:20:00Z,119.08,119.27,118.75,118.79
2021-03-05T15:21:00Z,118.79,118.98,118.61,118.87
2021-03-05T15:22:00Z,118.85,118.94,118.75,118.88
2021-03-05T15:23:00Z,118.88,118.88,118.55,118.58
2021-03-05T15:24:00Z,118.59,118.87,118.54,118.72
2021-03-05T15:25:00Z,118.73,119.32,118.69,119.22
2021-03-05T15:26:00Z,119.21,119.4,119.18,119.3
2021-03-05T15:27:00Z,119.3,119.45,119.02,119.1
2021-03-05T15:28:00Z,119.0979,119.18,118.75,118.88
2021-03-05T15:29:00Z,118.89,119,118.75,118.77
2021-03-05T15:30:00Z,118.78,119.09,118.66,118.96
2021-03-05T15:31:00Z,118.9515,118.97,118.45,118.58
2021-03-05T15:32:00Z,118.57,118.66,118.42,118.423
2021-03-05T15:33:00Z,118.43,118.639,118.38,118.49
2021-03-05T15:34:00Z,118.48,118.71,118.4701,118.63
2021-03-05T15:35:00Z,118.61,118.88,118.601,118.88
2021-03-05T15:36:00Z,118.87,119.29,118.84,119.04
2021-03-05T15:37:00Z,119.03,119.12,118.76,118.79
2021-03-05T15:38:00Z,118.8,119.09,118.75,118.9799
2021-03-05T15:39:00Z,118.975,118.995,118.73,118.74
2021-03-05T15:40:00Z,118.73,119.01,118.71,118.836
2021-03-05T15:41:00Z,118.82,118.91,118.64,118.68
2021-03-05T15:42:00Z,118.69,119.07,118.69,119.01
2021-03-05T15:43:00Z,119.0008,119.33,118.97,119.2501
2021-03-05T15:44:00Z,119.2699,119.4,119,119.04
2021-03-05T15:45:00Z,119.04,119.13,118.78,118.805
2021-03-05T15:46:00Z,118.81,118.9499,118.75,118.84
2021-03-05T15:47:00Z,118.81,119.15,118.81,119.14
2021-03-05T15:48:00Z,119.13,119.195,118.89,119.01
2021-03-05T15:49:00Z,118.995,119.19,118.99,119.0744
2021-03-05T15:50:00Z,119.07,119.3899,118.94,119.256
2021-03-05T15:51:00Z,119.2508,119.719,119.24,119.68
2021-03-05T15:52:00Z,119.68,119.82,119.57,119.7
2021-03-05T15:53:00Z,119.7,119.76,119.41,119.41
2021-03-05T15:54:00Z,119.4052,119.6699,119.38,119.63
2021-03-05T15:55:00Z,119.63,119.63,119.1801,119.28
2021-03-05T15:56:00Z,119.27,119.54,119.16,119.4568
2021-03-05T15:57:00Z,119.455,119.495,119.27,119.4116
2021-03-05T15:58:00Z,119.38,119.4593,118.8,118.86
2021-03-05T15:59:00Z,118.86,119.09,118.8,118.94
2021-03-05T16:00:00Z,118.95,119.09,118.83,118.95
2021-03-05T16:01:00Z,118.94,118.9599,118.8,118.925
2021-03-05T16:02:00Z,118.93,119.03,118.905,118.9125
2021-03-05T16:03:00Z,118.9116,119.3199,118.87,119.26
2021-03-05T16:04:00Z,119.27,119.29,118.981,119.015
2021-03-05T16:05:00Z,119.015,119.16,118.98,119.1
2021-03-05T16:06:00Z,119.11,119.23,118.8,118.87
2021-03-05T16:07:00Z,118.86,118.8601,118.68,118.81
2021-03-05T16:08:00Z,118.811,118.96,118.81,118.91
2021-03-05T16:09:00Z,118.91,118.92,118.64,118.661
2021-03-05T16:10:00Z,118.66,118.9406,118.63,118.75
2021-03-05T16:11:00Z,118.7416,118.82,118.54,118.56
2021-03-05T16:12:00Z,118.55,118.56,118.42,118.49
2021-03-05T16:13:00Z,118.5,118.64,118.42,118.4701
2021-03-05T16:14:00Z,118.46,118.55,118.27,118.31
2021-03-05T16:15:00Z,118.32,118.45,118.19,118.2208
2021-03-05T16:16:00Z,118.23,118.33,118.11,118.17
2021-03-05T16:17:00Z,118.1699,118.275,118.09,118.105
2021-03-05T16:18:00Z,118.1001,118.243,117.9,117.96
2021-03-05T16:19:00Z,117.97,118.37,117.96,118.24
2021-03-05T16:20:00Z,118.2499,118.4,118.01,118.07
2021-03-05T16:21:00Z,118.065,118.37,118.01,118.2001
2021-03-05T16:22:00Z,118.21,118.328,118.005,118.27
2021-03-05T16:23:00Z,118.27,118.28,118.001,118.11
2021-03-05T16:24:00Z,118.13,118.2,117.93,117.951
2021-03-05T16:25:00Z,117.96,118.12,117.89,118
2021-03-05T16:26:00Z,118,118.03,117.71,117.71
2021-03-05T16:27:00Z,117.71,117.86,117.62,117.65
2021-03-05T16:28:00Z,117.64,117.81,117.57,117.62
2021-03-05T16:29:00Z,117.6,117.9,117.6,117.72
2021-03-05T16:30:00Z,117.74,118.14,117.74,118.0599
2021-03-05T16:31:00Z,118.06,118.21,118.01,118.19
2021-03-05T16:32:00Z,118.19,118.23,117.9599,117.98
2021-03-05T16:33:00Z,117.97,118.06,117.79,117.895
2021-03-05T16:34:00Z,117.899,118.02,117.88,117.92
2021-03-05T16:35:00Z,117.9199,118.1,117.89,118.0893
2021-03-05T16:36:00Z,118.09,118.335,117.92,118.24
2021-03-05T16:37:00Z,118.25,118.35,118.1899,118.195
2021-03-05T16:38:00Z,118.1893,118.47,118.15,118.4499
2021-03-05T16:39:00Z,118.45,118.545,118.41,118.4384
2021-03-05T16:40:00Z,118.43,118.575,118.31,118.54
2021-03-05T16:41:00Z,118.55,118.6,118.2201,118.24
2021-03-05T16:42:00Z,118.23,118.27,117.9,118
2021-03-05T16:43:00Z,118.01,118.19,117.78,118.12
2021-03-05T16:44:00Z,118.12,118.46,118.1016,118.45
2021-03-05T16:45:00Z,118.43,118.5,118.19,118.2093
2021-03-05T16:46:00Z,118.21,118.21,117.955,118.11
2021-03-05T16:47:00Z,118.12,118.21,117.9,117.92
2021-03-05T16:48:00Z,117.92,118.35,117.91,118.16
2021-03-05T16:49:00Z,118.16,118.23,118,118.0893
2021-03-05T16:50:00Z,118.08,118.1,117.84,117.947
2021-03-05T16:51:00Z,117.96,118.25,117.91,118.105
2021-03-05T16:52:00Z,118.09,118.25,118.03,118.2292
2021-03-05T16:53:00Z,118.225,118.38,118.195,118.3508
2021-03-05T16:54:00Z,118.35,118.39,118.065,118.116
2021-03-05T16:55:00Z,118.125,118.49,118.08,118.475
2021-03-05T16:56:00Z,118.47,118.82,118.46,118.795
2021-03-05T16:57:00Z,118.79,118.81,118.62,118.7693
2021-03-05T16:58:00Z,118.7657,118.94,118.71,118.91
2021-03-05T16:59:00Z,118.9099,119.07,118.87,119
2021-03-05T17:00:00Z,119,119.1,118.7101,118.7508
2021-03-05T17:01:00Z,118.75,118.95,118.7466,118.9484
2021-03-05T17:02:00Z,118.945,119.0202,118.905,118.94
2021-03-05T17:03:00Z,118.94,119.06,118.83,118.895
2021-03-05T17:04:00Z,118.9,119.02,118.79,118.86
2021-03-05T17:05:00Z,118.855,118.96,118.71,118.8
2021-03-05T17:06:00Z,118.7901,119,118.76,118.9
2021-03-05T17:07:00Z,118.9,118.94,118.7308,118.755
2021-03-05T17:08:00Z,118.75,118.85,118.65,118.73
2021-03-05T17:09:00Z,118.75,118.7893,118.5601,118.64
2021-03-05T17:10:00Z,118.6303,118.9001,118.5599,118.8599
2021-03-05T17:11:00Z,118.855,118.9199,118.67,118.78
2021-03-05T17:12:00Z,118.78,119.07,118.75,119.04
2021-03-05T17:13:00Z,119.04,119.04,118.81,118.82
2021-03-05T17:14:00Z,118.82,118.82,118.6892,118.72
2021-03-05T17:15:00Z,118.72,119.07,118.6,119.025
2021-03-05T17:16:00Z,119.03,119.1705,118.9901,119.01
2021-03-05T17:17:00Z,118.9999,119.0877,118.88,119.04
2021-03-05T17:18:00Z,119.05,119.08,118.89,118.94
2021-03-05T17:19:00Z,118.93,119,118.895,118.9801
2021-03-05T17:20:00Z,118.99,119.07,118.9,118.91
2021-03-05T17:21:00Z,118.905,119,118.9,118.94
2021-03-05T17:22:00Z,118.935,119.13,118.86,119.1205
2021-03-05T17:23:00Z,119.14,119.31,119.1115,119.2201
2021-03-05T17:24:00Z,119.225,119.37,119.18,119.33
2021-03-05T17:25:00Z,119.34,119.4,119.27,119.4
2021-03-05T17:26:00Z,119.405,119.42,119.195,119.2201
2021-03-05T17:27:00Z,119.2101,119.28,119.085,119.27
2021-03-05T17:28:00Z,119.27,119.54,119.25,119.52
2021-03-05T17:29:00Z,119.52,119.5799,119.41,119.425
2021-03-05T17:30:00Z,119.43,119.47,119.3,119.31
2021-03-05T17:31:00Z,119.315,119.37,119.25,119.315
2021-03-05T17:32:00Z,119.315,119.32,119.19,119.23
2021-03-05T17:33:00Z,119.22,119.25,119.12,119.205
2021-03-05T17:34:00Z,119.21,119.3,119.07,119.08
2021-03-05T17:35:00Z,119.08,119.163,118.85,118.9
2021-03-05T17:36:00Z,118.905,119.09,118.88,118.98
2021-03-05T17:37:00Z,118.983,119.06,118.885,118.9993
2021-03-05T17:38:00Z,119.01,119.25,118.98,119.22
2021-03-05T17:39:00Z,119.22,119.3601,119.19,119.35
2021-03-05T17:40:00Z,119.36,119.45,119.22,119.41
2021-03-05T17:41:00Z,119.41,119.42,119.2,119.28
2021-03-05T17:42:00Z,119.285,119.45,119.28,119.37
2021-03-05T17:43:00Z,119.375,119.54,119.345,119.5093
2021-03-05T17:44:00Z,119.505,119.65,119.5,119.57
2021-03-05T17:45:00Z,119.57,119.71,119.51,119.665
2021-03-05T17:46:00Z,119.65,119.72,119.58,119.65
2021-03-05T17:47:00Z,119.65,119.68,119.4,119.44
2021-03-05T17:48:00Z,119.45,119.56,119.34,119.53
2021-03-05T17:49:00Z,119.54,119.62,119.36,119.38
2021-03-05T17:50:00Z,119.38,119.42,119.2,119.24
2021-03-05T17:51:00Z,119.24,119.32,119.14,119.1708
2021-03-05T17:52:00Z,119.19,119.32,119.19,119.2901
2021-03-05T17:53:00Z,119.2932,119.45,119.255,119.4275
2021-03-05T17:54:00Z,119.4367,119.49,119.2,119.2201
2021-03-05T17:55:00Z,119.205,119.35,119.1704,119.2936
2021-03-05T17:56:00Z,119.3,119.46,119.28,119.295
2021-03-05T17:57:00Z,119.29,119.345,119.155,119.1607
2021-03-05T17:58:00Z,119.165,119.2,119.0101,119.06
2021-03-05T17:59:00Z,119.06,119.23,119.01,119.21
2021-03-05T18:00:00Z,119.2,119.32,119.155,119.26
2021-03-05T18:01:00Z,119.25,119.25,118.94,118.9489
2021-03-05T18:02:00Z,118.93,118.96,118.5401,118.66
2021-03-05T18:03:00Z,118.66,118.76,118.46,118.48
2021-03-05T18:04:00Z,118.49,118.65,118.47,118.595
2021-03-05T18:05:00Z,118.6,118.79,118.57,118.76
2021-03-05T18:06:00Z,118.7601,118.975,118.7018,118.945
2021-03-05T18:07:00Z,118.94,118.94,118.765,118.89
2021-03-05T18:08:00Z,118.89,119.12,118.87,119.0899
2021-03-05T18:09:00Z,119.09,119.2,119.005,119.145
2021-03-05T18:10:00Z,119.14,119.17,118.97,118.98
2021-03-05T18:11:00Z,118.99,119.1086,118.89,119.08
2021-03-05T18:12:00Z,119.075,119.3,119.04,119.29
2021-03-05T18:13:00Z,119.295,119.32,119.22,119.28
2021-03-05T18:14:00Z,119.27,119.34,119.2199,119.305
2021-03-05T18:15:00Z,119.31,119.56,119.21,119.55
2021-03-05T18:16:00Z,119.55,119.87,119.505,119.8599
2021-03-05T18:17:00Z,119.86,119.86,119.71,119.725
2021-03-05T18:18:00Z,119.725,119.84,119.72,119.83
2021-03-05T18:19:00Z,119.83,119.94,119.8,119.93
2021-03-05T18:20:00Z,119.93,119.935,119.69,119.79
2021-03-05T18:21:00Z,119.7999,119.86,119.66,119.74
2021-03-05T18:22:00Z,119.75,119.85,119.63,119.78
2021-03-05T18:23:00Z,119.79,119.85,119.66,119.69
2021-03-05T18:24:00Z,119.685,119.84,119.68,119.745
2021-03-05T18:25:00Z,119.745,119.95,119.68,119.925
2021-03-05T18:26:00Z,119.93,119.98,119.87,119.96
2021-03-05T18:27:00Z,119.97,119.99,119.89,119.97
2021-03-05T18:28:00Z,119.97,119.98,119.67,119.6702
2021-03-05T18:29:00Z,119.67,119.95,119.6,119.94
2021-03-05T18:30:00Z,119.9402,119.98,119.87,119.95
2021-03-05T18:31:00Z,119.95,120.06,119.9199,120.0401
2021-03-05T18:32:00Z,120.06,120.075,119.96,119.97
2021-03-05T18:33:00Z,119.97,120.26,119.925,120.2393
2021-03-05T18:34:00Z,120.24,120.3599,120.16,120.34
2021-03-05T18:35:00Z,120.35,120.4497,120.33,120.405
2021-03-05T18:36:00Z,120.41,120.4107,120.19,120.3993
2021-03-05T18:37:00Z,120.4,120.48,120.335,120.4782
2021-03-05T18:38:00Z,120.47,120.59,120.3893,120.5743
2021-03-05T18:39:00Z,120.57,120.63,120.41,120.43
2021-03-05T18:40:00Z,120.43,120.6799,120.43,120.65
2021-03-05T18:41:00Z,120.645,120.68,120.58,120.611
2021-03-05T18:42:00Z,120.62,120.7,120.56,120.575
2021-03-05T18:43:00Z,120.57,120.59,120.31,120.33
2021-03-05T18:44:00Z,120.33,120.46,120.24,120.29
2021-03-05T18:45:00Z,120.29,120.39,120.21,120.38
2021-03-05T18:46:00Z,120.385,120.46,120.28,120.375
2021-03-05T18:47:00Z,120.37,120.38,120.1601,120.2193
2021-03-05T18:48:00Z,120.22,120.34,120.1854,120.2202
2021-03-05T18:49:00Z,120.2299,120.41,120.2299,120.2919
2021-03-05T18:50:00Z,120.27,120.36,120.2208,120.33
2021-03-05T18:51:00Z,120.34,120.53,120.34,120.46
2021-03-05T18:52:00Z,120.45,120.49,120.31,120.333
2021-03-05T18:53:00Z,120.3405,120.35,120.1,120.155
2021-03-05T18:54:00Z,120.16,120.21,119.99,120.08
2021-03-05T18:55:00Z,120.09,120.13,119.96,119.975
2021-03-05T18:56:00Z,119.97,120.06,119.9,119.91
2021-03-05T18:57:00Z,119.9,120.04,119.9,120.01
2021-03-05T18:58:00Z,120.005,120.0699,119.93,120.05
2021-03-05T18:59:00Z,120.05,120.28,120.0099,120.28
2021-03-05T19:00:00Z,120.281,120.45,120.25,120.36
2021-03-05T19:01:00Z,120.35,120.35,120.06,120.15
2021-03-05T19:02:00Z,120.16,120.39,120.03,120.06
2021-03-05T19:03:00Z,120.07,120.14,119.84,119.84
2021-03-05T19:04:00Z,119.84,119.985,119.78,119.98
2021-03-05T19:05:00Z,119.99,119.9977,119.88,119.92
2021-03-05T19:06:00Z,119.93,119.98,119.84,119.845
2021-03-05T19:07:00Z,119.845,119.97,119.795,119.8801
2021-03-05T19:08:00Z,119.89,120.02,119.85,119.96
2021-03-05T19:09:00Z,119.955,120.0839,119.9,120
2021-03-05T19:10:00Z,120,120.07,119.94,119.995
2021-03-05T19:11:00Z,120,120.05,119.8855,119.98
2021-03-05T19:12:00Z,119.98,120.02,119.93,119.98
2021-03-05T19:13:00Z,119.98,119.98,119.89,119.9107
2021-03-05T19:14:00Z,119.93,120.07,119.88,120.0594
2021-03-05T19:15:00Z,120.07,120.1891,120.02,120.1285
2021-03-05T19:16:00Z,120.11,120.12,119.82,119.995
2021-03-05T19:17:00Z,119.995,120.07,119.92,119.935
2021-03-05T19:18:00Z,119.935,119.935,119.79,119.81
2021-03-05T19:19:00Z,119.82,119.8293,119.635,119.71
2021-03-05T19:20:00Z,119.71,119.835,119.6801,119.77
2021-03-05T19:21:00Z,119.7784,119.93,119.7,119.9101
2021-03-05T19:22:00Z,119.91,120.1,119.9,119.9999
2021-03-05T19:23:00Z,119.99,120.0593,119.82,120.0501
2021-03-05T19:24:00Z,120.05,120.08,119.99,120.06
2021-03-05T19:25:00Z,120.06,120.35,120.04,120.305
2021-03-05T19:26:00Z,120.31,120.43,120.275,120.38
2021-03-05T19:27:00Z,120.3601,120.45,120.3201,120.425
2021-03-05T19:28:00Z,120.42,120.44,120.34,120.3536
2021-03-05T19:29:00Z,120.35,120.51,120.31,120.47
2021-03-05T19:30:00Z,120.48,120.645,120.47,120.6399
2021-03-05T19:31:00Z,120.64,120.805,120.6113,120.77
2021-03-05T19:32:00Z,120.77,120.82,120.69,120.735
2021-03-05T19:33:00Z,120.74,120.9385,120.71,120.9293
2021-03-05T19:34:00Z,120.93,120.98,120.86,120.9701
2021-03-05T19:35:00Z,120.97,121.0834,120.96,121.0225
2021-03-05T19:36:00Z,121.025,121.04,120.91,120.98
2021-03-05T19:37:00Z,120.97,121.01,120.82,120.85
2021-03-05T19:38:00Z,120.84,121.01,120.8391,120.97
2021-03-05T19:39:00Z,120.965,121.06,120.85,120.9
2021-03-05T19:40:00Z,120.91,121.0099,120.86,120.957
2021-03-05T19:41:00Z,120.955,120.995,120.88,120.95
2021-03-05T19:42:00Z,120.945,120.945,120.775,120.8388
2021-03-05T19:43:00Z,120.83,120.84,120.62,120.64
2021-03-05T19:44:00Z,120.61,120.8,120.61,120.7999
2021-03-05T19:45:00Z,120.8,120.84,120.71,120.729
2021-03-05T19:46:00Z,120.73,120.83,120.67,120.76
2021-03-05T19:47:00Z,120.765,120.92,120.765,120.9199
2021-03-05T19:48:00Z,120.92,120.94,120.8,120.88
2021-03-05T19:49:00Z,120.8701,120.955,120.81,120.9101
2021-03-05T19:50:00Z,120.92,120.9508,120.84,120.9401
2021-03-05T19:51:00Z,120.945,121.02,120.77,120.835
2021-03-05T19:52:00Z,120.84,120.9508,120.84,120.94
2021-03-05T19:53:00Z,120.93,120.98,120.89,120.94
2021-03-05T19:54:00Z,120.94,121.1,120.915,121.0999
2021-03-05T19:55:00Z,121.09,121.26,121.07,121.25
2021-03-05T19:56:00Z,121.24,121.29,121.23,121.265
2021-03-05T19:57:00Z,121.265,121.3099,121.2,121.265
2021-03-05T19:58:00Z,121.265,121.42,121.255,121.39
2021-03-05T19:59:00Z,121.3901,121.4699,121.33,121.34
