2018-11-15T13:30:00Z,188.26,188.47,188.2,188.47
2018-11-15T13:31:00Z,188.26,188.35,188.26,188.27
2018-11-15T13:32:00Z,188.24,188.33,188.2,188.2
2018-11-15T13:33:00Z,188.12,188.12,188.02,188.02
2018-11-15T13:34:00Z,188.02,188.15,188,188.15
2018-11-15T13:35:00Z,188.15,188.2,188.15,188.2
2018-11-15T13:36:00Z,188.24,188.33,188.21,188.29
2018-11-15T13:37:00Z,188.34,188.5,188.34,188.49
2018-11-15T13:38:00Z,188.35,188.47,188.35,188.47
2018-11-15T13:39:00Z,188.45,188.61,188.45,188.52
2018-11-15T13:40:00Z,188.5,188.7,188.5,188.6501
2018-11-15T13:41:00Z,188.69,188.71,188.64,188.67
2018-11-15T13:42:00Z,188.67,188.67,188.44,188.45
2018-11-15T13:44:00Z,188.4,188.43,188.3,188.3
2018-11-15T13:45:00Z,188.25,188.25,188.25,188.25
2018-11-15T13:46:00Z,188.31,188.48,188.23,188.48
2018-11-15T13:47:00Z,188.41,188.49,188.35,188.35
2018-11-15T13:48:00Z,188.36,188.44,188.35,188.42
2018-11-15T13:49:00Z,188.36,188.36,188.11,188.11
2018-11-15T13:50:00Z,188.25,188.25,188.1301,188.1301
2018-11-15T13:51:00Z,188.13,188.2766,187.91,187.91
2018-11-15T13:52:00Z,188,188,187.81,187.83
2018-11-15T13:53:00Z,187.83,187.88,187.8,187.8
2018-11-15T13:54:00Z,187.85,188.02,187.85,188
2018-11-15T13:55:00Z,188.05,188.21,187.95,188.21
2018-11-15T13:56:00Z,188.1,188.21,188.02,188.1
2018-11-15T13:57:00Z,188.11,188.23,188.1,188.2
2018-11-15T13:58:00Z,188.23,188.45,188.23,188.4
2018-11-15T13:59:00Z,188.4,188.45,188.4,188.4
2018-11-15T14:00:00Z,188.4,188.69,188.3,188.59
2018-11-15T14:01:00Z,188.63,188.65,188.51,188.61
2018-11-15T14:02:00Z,188.53,188.59,188.51,188.51
2018-11-15T14:03:00Z,188.45,188.52,188.4,188.41
2018-11-15T14:04:00Z,188.49,188.58,188.47,188.5
2018-11-15T14:05:00Z,188.5,188.59,188.36,188.55
2018-11-15T14:06:00Z,188.51,188.51,188.4,188.42
2018-11-15T14:07:00Z,188.41,188.43,188.41,188.41
2018-11-15T14:08:00Z,188.41,188.4899,188.34,188.34
2018-11-15T14:09:00Z,188.35,188.35,188.15,188.17
2018-11-15T14:10:00Z,188.17,188.25,188.1,188.15
2018-11-15T14:11:00Z,188.1,188.1,187.75,187.76
2018-11-15T14:12:00Z,187.76,187.96,187.75,187.75
2018-11-15T14:13:00Z,187.79,187.88,187.75,187.83
2018-11-15T14:14:00Z,187.83,187.98,187.7,187.77
2018-11-15T14:15:00Z,187.7,187.86,187.64,187.82
2018-11-15T14:16:00Z,187.89,187.89,187.7,187.79
2018-11-15T14:17:00Z,187.78,187.85,187.65,187.7569
2018-11-15T14:18:00Z,187.8,187.9,187.78,187.84
2018-11-15T14:19:00Z,187.88,187.96,187.84,187.95
2018-11-15T14:20:00Z,188,188.1,188,188.1
2018-11-15T14:21:00Z,188.13,188.14,188,188.03
2018-11-15T14:22:00Z,188,188,187.91,187.91
2018-11-15T14:23:00Z,187.91,187.94,187.9,187.94
2018-11-15T14:24:00Z,187.94,188.03,187.94,188.03
2018-11-15T14:25:00Z,188,188.24,188,188.1
2018-11-15T14:26:00Z,188.19,188.19,188.11,188.11
2018-11-15T14:27:00Z,188.19,188.23,188.19,188.2
2018-11-15T14:28:00Z,188.19,188.49,188.19,188.39
2018-11-15T14:29:00Z,188.47,188.49,188.44,188.46
2018-11-15T14:30:00Z,188.39,188.56,187.5,187.99
2018-11-15T14:31:00Z,188.015,188.09,187.46,187.66
2018-11-15T14:32:00Z,187.7,187.82,187.25,187.79
2018-11-15T14:33:00Z,187.76,188.46,187.7,188.14
2018-11-15T14:34:00Z,188.14,189.24,188.1,189.12
2018-11-15T14:35:00Z,189.12,189.44,188.89,188.925
2018-11-15T14:36:00Z,188.9303,189.14,188.72,189.1213
2018-11-15T14:37:00Z,189.1017,189.2,188.52,188.78
2018-11-15T14:38:00Z,188.82,188.99,188.58,188.7023
2018-11-15T14:39:00Z,188.7,188.85,188.26,188.3849
2018-11-15T14:40:00Z,188.42,188.46,187.87,188.2622
2018-11-15T14:41:00Z,188.2433,188.9,188.17,188.66
2018-11-15T14:42:00Z,188.6,188.8,188.4,188.51
2018-11-15T14:43:00Z,188.48,188.95,188.34,188.885
2018-11-15T14:44:00Z,188.8915,189.34,188.69,189.187
2018-11-15T14:45:00Z,189.215,189.4,189.05,189.16
2018-11-15T14:46:00Z,189.16,189.3,189.04,189.1808
2018-11-15T14:47:00Z,189.184,189.26,188.78,188.81
2018-11-15T14:48:00Z,188.8371,189.0471,188.61,188.9924
2018-11-15T14:49:00Z,189.01,189.44,188.84,189.2723
2018-11-15T14:50:00Z,189.24,189.3,188.72,188.82
2018-11-15T14:51:00Z,188.82,188.82,188.21,188.28
2018-11-15T14:52:00Z,188.3199,188.52,187.86,187.9317
2018-11-15T14:53:00Z,187.9431,188.22,187.78,188.22
2018-11-15T14:54:00Z,188.2,188.44,188.05,188.205
2018-11-15T14:55:00Z,188.2,188.26,187.88,188.05
2018-11-15T14:56:00Z,188.065,188.82,187.97,188.5574
2018-11-15T14:57:00Z,188.54,188.59,188.37,188.5131
2018-11-15T14:58:00Z,188.5,188.5046,188.06,188.06
2018-11-15T14:59:00Z,188.06,188.18,187.59,187.72
2018-11-15T15:00:00Z,187.73,188.05,187.59,187.9669
2018-11-15T15:01:00Z,187.98,188.23,187.82,188
2018-11-15T15:02:00Z,188.0496,188.3095,187.76,187.8118
2018-11-15T15:03:00Z,187.805,187.8998,187.38,187.59
2018-11-15T15:04:00Z,187.5601,187.59,187.32,187.33
2018-11-15T15:05:00Z,187.32,187.54,187.02,187.34
2018-11-15T15:06:00Z,187.3316,187.7,187.15,187.42
2018-11-15T15:07:00Z,187.42,187.93,187.41,187.6893
2018-11-15T15:08:00Z,187.665,187.69,187.21,187.409
2018-11-15T15:09:00Z,187.395,187.445,187.25,187.2667
2018-11-15T15:10:00Z,187.25,187.6,187.17,187.2391
2018-11-15T15:11:00Z,187.22,187.49,187.2105,187.45
2018-11-15T15:12:00Z,187.47,187.5492,187.32,187.4
2018-11-15T15:13:00Z,187.4499,187.8,187.36,187.582
2018-11-15T15:14:00Z,187.5745,187.87,187.52,187.8512
2018-11-15T15:15:00Z,187.85,188.06,187.78,187.959
2018-11-15T15:16:00Z,187.9708,188.17,187.9595,188.07
2018-11-15T15:17:00Z,188.0717,188.08,187.82,187.86
2018-11-15T15:18:00Z,187.84,187.9643,187.73,187.77
2018-11-15T15:19:00Z,187.81,188.16,187.81,187.9236
2018-11-15T15:20:00Z,187.93,187.94,187.75,187.88
2018-11-15T15:21:00Z,187.8965,188.15,187.8965,188
2018-11-15T15:22:00Z,188.0001,188.0001,187.84,187.8792
2018-11-15T15:23:00Z,187.88,188.11,187.7346,187.7609
2018-11-15T15:24:00Z,187.7595,187.82,187.39,187.4273
2018-11-15T15:25:00Z,187.42,187.5,187.35,187.4122
2018-11-15T15:26:00Z,187.4198,187.55,187.28,187.3338
2018-11-15T15:27:00Z,187.32,187.56,187.32,187.5198
2018-11-15T15:28:00Z,187.5299,188,187.48,187.775
2018-11-15T15:29:00Z,187.7846,187.85,187.54,187.6074
2018-11-15T15:30:00Z,187.58,187.61,187.46,187.5136
2018-11-15T15:31:00Z,187.52,187.53,187.21,187.45
2018-11-15T15:32:00Z,187.46,187.49,187.33,187.377
2018-11-15T15:33:00Z,187.35,187.76,187.35,187.52
2018-11-15T15:34:00Z,187.51,187.57,186.9,187.181
2018-11-15T15:35:00Z,187.2199,187.4,187.05,187.08
2018-11-15T15:36:00Z,187.11,187.18,186.9,187.0016
2018-11-15T15:37:00Z,187.01,187.5,186.9,187.38
2018-11-15T15:38:00Z,187.39,187.59,187.3197,187.3501
2018-11-15T15:39:00Z,187.3776,187.63,187.3267,187.6025
2018-11-15T15:40:00Z,187.604,187.82,187.53,187.6841
2018-11-15T15:41:00Z,187.69,187.77,187.61,187.72
2018-11-15T15:42:00Z,187.72,187.84,187.69,187.8088
2018-11-15T15:43:00Z,187.82,188.1,187.74,187.93
2018-11-15T15:44:00Z,187.9237,187.95,187.72,187.7738
2018-11-15T15:45:00Z,187.7801,187.8664,187.71,187.822
2018-11-15T15:46:00Z,187.8204,188.09,187.8204,188.05
2018-11-15T15:47:00Z,188.05,188.12,187.92,188.038
2018-11-15T15:48:00Z,188.0186,188.05,187.79,187.82
2018-11-15T15:49:00Z,187.84,187.93,187.71,187.8799
2018-11-15T15:50:00Z,187.8752,188.2,187.77,188.06
2018-11-15T15:51:00Z,188.07,188.1,187.95,188.0161
2018-11-15T15:52:00Z,188.0199,188.23,187.97,188.1274
2018-11-15T15:53:00Z,188.12,188.17,188,188.1369
2018-11-15T15:54:00Z,188.15,188.76,188.15,188.63
2018-11-15T15:55:00Z,188.65,188.89,188.65,188.6878
2018-11-15T15:56:00Z,188.6889,188.87,188.66,188.7541
2018-11-15T15:57:00Z,188.74,188.82,188.6701,188.7755
2018-11-15T15:58:00Z,188.7523,188.7523,188.44,188.5922
2018-11-15T15:59:00Z,188.59,188.65,188.49,188.52
2018-11-15T16:00:00Z,188.54,188.57,188.34,188.44
2018-11-15T16:01:00Z,188.435,188.48,188.29,188.3994
2018-11-15T16:02:00Z,188.41,188.46,188.325,188.4
2018-11-15T16:03:00Z,188.38,188.54,188.36,188.5064
2018-11-15T16:04:00Z,188.5045,189.15,188.5,189.08
2018-11-15T16:05:00Z,189.115,189.35,188.98,189.24
2018-11-15T16:06:00Z,189.25,189.33,188.87,188.89
2018-11-15T16:07:00Z,188.91,189.34,188.8,189.34
2018-11-15T16:08:00Z,189.35,189.36,188.98,189.1
2018-11-15T16:09:00Z,189.08,189.15,188.95,189.0126
2018-11-15T16:10:00Z,189.04,189.25,189.02,189.11
2018-11-15T16:11:00Z,189.12,189.35,189.11,189.33
2018-11-15T16:12:00Z,189.33,189.36,189.09,189.3
2018-11-15T16:13:00Z,189.3123,189.54,189.29,189.4
2018-11-15T16:14:00Z,189.4,189.47,189.34,189.41
2018-11-15T16:15:00Z,189.4,189.53,189.21,189.35
2018-11-15T16:16:00Z,189.3575,189.52,189.21,189.2506
2018-11-15T16:17:00Z,189.26,189.35,189.15,189.25
2018-11-15T16:18:00Z,189.2522,189.325,188.83,188.89
2018-11-15T16:19:00Z,188.9,189.13,188.8854,189.05
2018-11-15T16:20:00Z,189.0674,189.44,189.0668,189.2468
2018-11-15T16:21:00Z,189.24,189.25,189.09,189.1697
2018-11-15T16:22:00Z,189.18,189.39,189.13,189.37
2018-11-15T16:23:00Z,189.4,190.02,189.4,189.89
2018-11-15T16:24:00Z,189.9,190.0819,189.74,189.74
2018-11-15T16:25:00Z,189.77,190.21,189.7682,190.0725
2018-11-15T16:26:00Z,190.06,190.25,190,190.057
2018-11-15T16:27:00Z,190.0422,190.07,189.79,189.8591
2018-11-15T16:28:00Z,189.88,190,189.74,189.9941
2018-11-15T16:29:00Z,190,190.15,189.9801,190.09
2018-11-15T16:30:00Z,190.09,190.26,189.96,190.06
2018-11-15T16:31:00Z,190.07,190.25,190,190.18
2018-11-15T16:32:00Z,190.1874,190.25,190.0029,190.25
2018-11-15T16:33:00Z,190.233,190.5599,190.2,190.53
2018-11-15T16:34:00Z,190.5099,190.54,190.38,190.44
2018-11-15T16:35:00Z,190.44,190.47,190.19,190.2287
2018-11-15T16:36:00Z,190.2253,190.25,190.03,190.205
2018-11-15T16:37:00Z,190.1909,190.4613,190.1909,190.3
2018-11-15T16:38:00Z,190.31,190.51,190.29,190.3899
2018-11-15T16:39:00Z,190.41,190.46,190.2,190.21
2018-11-15T16:40:00Z,190.2083,190.3556,190.1,190.333
2018-11-15T16:41:00Z,190.33,190.52,190.31,190.51
2018-11-15T16:42:00Z,190.511,190.88,190.5,190.727
2018-11-15T16:43:00Z,190.7205,190.73,190.48,190.5533
2018-11-15T16:44:00Z,190.55,190.64,190.17,190.37
2018-11-15T16:45:00Z,190.37,190.413,190.27,190.35
2018-11-15T16:46:00Z,190.37,190.37,190.15,190.22
2018-11-15T16:47:00Z,190.23,190.26,190.07,190.1877
2018-11-15T16:48:00Z,190.16,190.21,189.76,189.82
2018-11-15T16:49:00Z,189.84,190.04,189.8397,190
2018-11-15T16:50:00Z,189.98,190.17,189.95,190.07
2018-11-15T16:51:00Z,190.06,190.26,190,190.14
2018-11-15T16:52:00Z,190.1366,190.3362,189.89,190.03
2018-11-15T16:53:00Z,190.02,190.1199,190,190.1
2018-11-15T16:54:00Z,190.072,190.41,190.03,190.2919
2018-11-15T16:55:00Z,190.3104,190.32,190.14,190.21
2018-11-15T16:56:00Z,190.24,190.29,190.13,190.1519
2018-11-15T16:57:00Z,190.1537,190.29,190.09,190.2577
2018-11-15T16:58:00Z,190.25,190.3885,190.24,190.32
2018-11-15T16:59:00Z,190.33,190.56,190.21,190.2279
2018-11-15T17:00:00Z,190.22,190.38,189.9,189.9244
2018-11-15T17:01:00Z,189.94,190.02,189.7215,189.7294
2018-11-15T17:02:00Z,189.71,189.93,189.7032,189.75
2018-11-15T17:03:00Z,189.74,189.8,189.65,189.6951
2018-11-15T17:04:00Z,189.74,190.0733,189.74,190.04
2018-11-15T17:05:00Z,190.0553,190.37,190.0422,190.35
2018-11-15T17:06:00Z,190.36,190.41,190.11,190.26
2018-11-15T17:07:00Z,190.24,190.39,190.04,190.11
2018-11-15T17:08:00Z,190.12,190.12,189.88,189.9
2018-11-15T17:09:00Z,189.87,190,189.86,189.9257
2018-11-15T17:10:00Z,189.9199,190.069,189.78,189.7848
2018-11-15T17:11:00Z,189.79,189.91,189.7653,189.771
2018-11-15T17:12:00Z,189.8,189.8684,189.63,189.6427
2018-11-15T17:13:00Z,189.645,189.87,189.6323,189.86
2018-11-15T17:14:00Z,189.87,190.14,189.81,189.85
2018-11-15T17:15:00Z,189.8322,189.86,189.65,189.6693
2018-11-15T17:16:00Z,189.69,189.85,189.66,189.8378
2018-11-15T17:17:00Z,189.84,189.99,189.84,189.94
2018-11-15T17:18:00Z,189.94,190.05,189.94,190.01
2018-11-15T17:19:00Z,190.01,190.11,189.9,189.9654
2018-11-15T17:20:00Z,189.95,189.97,189.8791,189.9
2018-11-15T17:21:00Z,189.8826,189.98,189.84,189.852
2018-11-15T17:22:00Z,189.8425,190.1585,189.74,190.0165
2018-11-15T17:23:00Z,190.0045,190.04,189.85,189.95
2018-11-15T17:24:00Z,189.9588,190.01,189.82,189.93
2018-11-15T17:25:00Z,189.93,189.9469,189.38,189.56
2018-11-15T17:26:00Z,189.565,189.7,189.5,189.52
2018-11-15T17:27:00Z,189.54,189.71,189.48,189.68
2018-11-15T17:28:00Z,189.695,189.93,189.6386,189.8
2018-11-15T17:29:00Z,189.7709,189.99,189.77,189.8897
2018-11-15T17:30:00Z,189.91,189.92,189.72,189.73
2018-11-15T17:31:00Z,189.7351,189.74,189.56,189.61
2018-11-15T17:32:00Z,189.62,189.68,189.5302,189.6565
2018-11-15T17:33:00Z,189.65,189.83,189.65,189.6803
2018-11-15T17:34:00Z,189.69,189.87,189.68,189.851
2018-11-15T17:35:00Z,189.8507,189.99,189.83,189.8336
2018-11-15T17:36:00Z,189.84,189.89,189.77,189.85
2018-11-15T17:37:00Z,189.84,189.85,189.6601,189.7399
2018-11-15T17:38:00Z,189.73,190.18,189.73,190.1301
2018-11-15T17:39:00Z,190.1526,190.32,190.13,190.31
2018-11-15T17:40:00Z,190.29,190.459,190.265,190.3462
2018-11-15T17:41:00Z,190.33,190.38,190.2299,190.29
2018-11-15T17:42:00Z,190.31,190.37,190.04,190.11
2018-11-15T17:43:00Z,190.11,190.21,190.08,190.15
2018-11-15T17:44:00Z,190.1699,190.29,189.89,189.9
2018-11-15T17:45:00Z,189.9002,189.94,189.72,189.741
2018-11-15T17:46:00Z,189.7221,189.7326,189.6,189.635
2018-11-15T17:47:00Z,189.625,189.67,189.53,189.5401
2018-11-15T17:48:00Z,189.5509,189.8,189.5407,189.67
2018-11-15T17:49:00Z,189.68,190,189.65,189.97
2018-11-15T17:50:00Z,189.9766,190.02,189.7664,189.82
2018-11-15T17:51:00Z,189.82,189.915,189.69,189.71
2018-11-15T17:52:00Z,189.7,189.72,189.57,189.62
2018-11-15T17:53:00Z,189.62,189.649,189.37,189.4457
2018-11-15T17:54:00Z,189.45,189.4899,189.19,189.298
2018-11-15T17:55:00Z,189.3,189.34,189.15,189.2292
2018-11-15T17:56:00Z,189.22,189.2477,189.02,189.1948
2018-11-15T17:57:00Z,189.19,189.23,189.06,189.08
2018-11-15T17:58:00Z,189.08,189.1724,188.96,189.12
2018-11-15T17:59:00Z,189.12,189.31,189.1,189.2599
2018-11-15T18:00:00Z,189.25,189.41,189.24,189.405
2018-11-15T18:01:00Z,189.41,189.47,189.3,189.41
2018-11-15T18:02:00Z,189.3938,189.45,189.22,189.255
2018-11-15T18:03:00Z,189.23,189.294,189.1,189.24
2018-11-15T18:04:00Z,189.24,189.32,189.18,189.24
2018-11-15T18:05:00Z,189.25,189.32,189.22,189.3
2018-11-15T18:06:00Z,189.3099,189.3201,189.18,189.2491
2018-11-15T18:07:00Z,189.25,189.3,189,189.0302
2018-11-15T18:08:00Z,189.06,189.14,188.93,188.95
2018-11-15T18:09:00Z,188.94,189.09,188.92,188.94
2018-11-15T18:10:00Z,188.94,189.17,188.9,189.14
2018-11-15T18:11:00Z,189.1601,189.21,189.06,189.15
2018-11-15T18:12:00Z,189.14,189.27,189.1,189.26
2018-11-15T18:13:00Z,189.2685,189.44,189.17,189.33
2018-11-15T18:14:00Z,189.3345,189.37,189.28,189.28
2018-11-15T18:15:00Z,189.28,189.36,189.18,189.1906
2018-11-15T18:16:00Z,189.2007,189.3,189.13,189.21
2018-11-15T18:17:00Z,189.23,189.65,189.2,189.62
2018-11-15T18:18:00Z,189.52,190.01,189.48,189.82
2018-11-15T18:19:00Z,189.8199,189.86,189.69,189.7
2018-11-15T18:20:00Z,189.725,190.29,189.7136,190.178
2018-11-15T18:21:00Z,190.21,190.22,189.93,189.987
2018-11-15T18:22:00Z,189.99,190.21,189.8288,190.2099
2018-11-15T18:23:00Z,190.19,190.4,190.14,190.35
2018-11-15T18:24:00Z,190.34,190.64,190.22,190.41
2018-11-15T18:25:00Z,190.42,190.58,190.14,190.21
2018-11-15T18:26:00Z,190.23,190.39,190.145,190.2273
2018-11-15T18:27:00Z,190.16,190.25,190,190.09
2018-11-15T18:28:00Z,190.1099,190.42,190.0295,190.353
2018-11-15T18:29:00Z,190.35,190.51,190.29,190.44
2018-11-15T18:30:00Z,190.4536,190.85,190.41,190.738
2018-11-15T18:31:00Z,190.71,190.83,190.6101,190.69
2018-11-15T18:32:00Z,190.68,190.7029,190.459,190.58
2018-11-15T18:33:00Z,190.6,190.69,190.52,190.58
2018-11-15T18:34:00Z,190.5607,191,190.5607,190.771
2018-11-15T18:35:00Z,190.7707,190.82,190.56,190.68
2018-11-15T18:36:00Z,190.69,190.81,190.46,190.49
2018-11-15T18:37:00Z,190.49,190.53,190.36,190.4
2018-11-15T18:38:00Z,190.42,190.63,190.41,190.6
2018-11-15T18:39:00Z,190.59,190.5934,190.29,190.36
2018-11-15T18:40:00Z,190.38,190.5,190.31,190.4104
2018-11-15T18:41:00Z,190.41,190.61,190.32,190.54
2018-11-15T18:42:00Z,190.55,190.58,190.36,190.48
2018-11-15T18:43:00Z,190.5299,190.77,190.44,190.6524
2018-11-15T18:44:00Z,190.65,190.76,190.5839,190.67
2018-11-15T18:45:00Z,190.6679,190.94,190.6585,190.9391
2018-11-15T18:46:00Z,190.92,191.12,190.92,191.1
2018-11-15T18:47:00Z,191.093,191.1,190.54,190.6562
2018-11-15T18:48:00Z,190.68,190.68,190.45,190.51
2018-11-15T18:49:00Z,190.52,190.6,190.27,190.3027
2018-11-15T18:50:00Z,190.31,190.52,190.26,190.4938
2018-11-15T18:51:00Z,190.52,190.68,190.38,190.51
2018-11-15T18:52:00Z,190.49,190.74,190.43,190.71
2018-11-15T18:53:00Z,190.69,190.97,190.64,190.9
2018-11-15T18:54:00Z,190.89,191.15,190.863,191
2018-11-15T18:55:00Z,191.029,191.41,190.99,191.34
2018-11-15T18:56:00Z,191.3396,191.43,191.256,191.285
2018-11-15T18:57:00Z,191.28,191.28,190.95,191.02
2018-11-15T18:58:00Z,191.0261,191.27,191,191.1814
2018-11-15T18:59:00Z,191.1698,191.29,191.1,191.155
2018-11-15T19:00:00Z,191.15,191.33,191,191.02
2018-11-15T19:01:00Z,191.0337,191.24,190.98,191.0032
2018-11-15T19:02:00Z,191.02,191.04,190.77,190.97
2018-11-15T19:03:00Z,190.9711,190.99,190.79,190.82
2018-11-15T19:04:00Z,190.83,190.92,190.75,190.89
2018-11-15T19:05:00Z,190.87,190.92,190.83,190.88
2018-11-15T19:06:00Z,190.88,190.96,190.79,190.9212
2018-11-15T19:07:00Z,190.94,191,190.86,190.915
2018-11-15T19:08:00Z,190.92,191.15,190.86,191.13
2018-11-15T19:09:00Z,191.1258,191.1258,190.9601,190.97
2018-11-15T19:10:00Z,190.97,190.97,190.73,190.8
2018-11-15T19:11:00Z,190.81,190.855,190.7347,190.75
2018-11-15T19:12:00Z,190.76,190.95,190.75,190.76
2018-11-15T19:13:00Z,190.75,191.13,190.73,191.09
2018-11-15T19:14:00Z,191.08,191.23,191.05,191.2
2018-11-15T19:15:00Z,191.2,191.24,191.07,191.085
2018-11-15T19:16:00Z,191.085,191.1,190.9031,190.93
2018-11-15T19:17:00Z,190.93,190.98,190.68,190.7599
2018-11-15T19:18:00Z,190.75,190.77,190.6301,190.6817
2018-11-15T19:19:00Z,190.669,190.79,190.63,190.7624
2018-11-15T19:20:00Z,190.77,190.86,190.72,190.81
2018-11-15T19:21:00Z,190.83,191.0603,190.81,191.04
2018-11-15T19:22:00Z,191.02,191.12,190.97,191.075
2018-11-15T19:23:00Z,191.09,191.12,190.99,191
2018-11-15T19:24:00Z,190.9901,191,190.78,190.93
2018-11-15T19:25:00Z,190.9484,191.09,190.89,190.98
2018-11-15T19:26:00Z,190.96,191.2,190.93,191.1891
2018-11-15T19:27:00Z,191.18,191.4341,191.18,191.37
2018-11-15T19:28:00Z,191.365,191.52,191.26,191.44
2018-11-15T19:29:00Z,191.449,191.66,191.4386,191.5559
2018-11-15T19:30:00Z,191.57,191.76,191.52,191.71
2018-11-15T19:31:00Z,191.72,191.89,191.65,191.8452
2018-11-15T19:32:00Z,191.849,191.9027,191.76,191.8799
2018-11-15T19:33:00Z,191.86,191.92,191.71,191.71
2018-11-15T19:34:00Z,191.72,191.88,191.68,191.74
2018-11-15T19:35:00Z,191.74,191.83,191.66,191.68
2018-11-15T19:36:00Z,191.69,191.7916,191.6801,191.7694
2018-11-15T19:37:00Z,191.77,191.78,191.6,191.6
2018-11-15T19:38:00Z,191.59,191.66,191.5292,191.5292
2018-11-15T19:39:00Z,191.53,191.72,191.52,191.64
2018-11-15T19:40:00Z,191.65,191.77,191.64,191.6778
2018-11-15T19:41:00Z,191.6756,191.695,191.6,191.64
2018-11-15T19:42:00Z,191.63,191.71,191.5147,191.5147
2018-11-15T19:43:00Z,191.51,191.5787,191.455,191.505
2018-11-15T19:44:00Z,191.51,191.59,191.49,191.53
2018-11-15T19:45:00Z,191.5316,191.7347,191.49,191.7347
2018-11-15T19:46:00Z,191.73,191.86,191.7198,191.78
2018-11-15T19:47:00Z,191.78,191.8106,191.7515,191.77
2018-11-15T19:48:00Z,191.7701,191.82,191.68,191.77
2018-11-15T19:49:00Z,191.75,191.82,191.6,191.61
2018-11-15T19:50:00Z,191.6222,191.7,191.27,191.31
2018-11-15T19:51:00Z,191.3164,191.46,191.16,191.21
2018-11-15T19:52:00Z,191.21,191.32,191.08,191.28
2018-11-15T19:53:00Z,191.28,191.34,191.16,191.33
2018-11-15T19:54:00Z,191.335,191.45,191.3,191.4439
2018-11-15T19:55:00Z,191.4437,191.54,191.37,191.37
2018-11-15T19:56:00Z,191.375,191.62,191.29,191.6
2018-11-15T19:57:00Z,191.63,191.75,191.52,191.5757
2018-11-15T19:58:00Z,191.6,191.67,191.4101,191.45
2018-11-15T19:59:00Z,191.4432,191.52,191.38,191.4128
