2017-05-05T13:30:00Z,146.76,146.95,146.76,146.9185
2017-05-05T13:31:00Z,146.93,147.04,146.9,146.905
2017-05-05T13:32:00Z,146.92,146.98,146.85,146.95
2017-05-05T13:33:00Z,146.94,146.9715,146.9,146.95
2017-05-05T13:34:00Z,146.95,147.03,146.95,147.02
2017-05-05T13:35:00Z,147.02,147.07,146.99,147.053
2017-05-05T13:36:00Z,147.06,147.19,147.01,147.18
2017-05-05T13:37:00Z,147.1801,147.24,147.17,147.21
2017-05-05T13:38:00Z,147.2,147.25,147.2,147.2154
2017-05-05T13:39:00Z,147.2142,147.25,147.21,147.24
2017-05-05T13:40:00Z,147.24,147.25,147.17,147.19
2017-05-05T13:41:00Z,147.1801,147.23,147.15,147.2
2017-05-05T13:42:00Z,147.19,147.3,147.1862,147.2861
2017-05-05T13:43:00Z,147.28,147.3,147.24,147.3
2017-05-05T13:44:00Z,147.295,147.45,147.29,147.45
2017-05-05T13:45:00Z,147.44,147.5,147.4176,147.49
2017-05-05T13:46:00Z,147.49,147.5,147.44,147.4852
2017-05-05T13:47:00Z,147.4836,147.5,147.31,147.3145
2017-05-05T13:48:00Z,147.31,147.385,147.3,147.385
2017-05-05T13:49:00Z,147.3853,147.44,147.38,147.4099
2017-05-05T13:50:00Z,147.41,147.46,147.4,147.46
2017-05-05T13:51:00Z,147.465,147.7,147.46,147.6425
2017-05-05T13:52:00Z,147.645,147.69,147.59,147.6561
2017-05-05T13:53:00Z,147.66,147.82,147.66,147.81
2017-05-05T13:54:00Z,147.81,147.82,147.75,147.7805
2017-05-05T13:55:00Z,147.79,147.8,147.661,147.72
2017-05-05T13:56:00Z,147.73,147.74,147.665,147.67
2017-05-05T13:57:00Z,147.66,147.675,147.55,147.61
2017-05-05T13:58:00Z,147.61,147.68,147.52,147.68
2017-05-05T13:59:00Z,147.685,147.72,147.64,147.64
2017-05-05T14:00:00Z,147.6473,147.73,147.64,147.67
2017-05-05T14:01:00Z,147.66,147.71,147.63,147.7074
2017-05-05T14:02:00Z,147.68,147.69,147.59,147.65
2017-05-05T14:03:00Z,147.65,147.74,147.64,147.65
2017-05-05T14:04:00Z,147.65,147.7,147.64,147.69
2017-05-05T14:05:00Z,147.6957,147.87,147.69,147.87
2017-05-05T14:06:00Z,147.8601,147.91,147.83,147.89
2017-05-05T14:07:00Z,147.8957,147.98,147.88,147.96
2017-05-05T14:08:00Z,147.9699,148,147.96,147.98
2017-05-05T14:09:00Z,147.98,147.985,147.83,147.8898
2017-05-05T14:10:00Z,147.89,147.92,147.78,147.83
2017-05-05T14:11:00Z,147.83,147.95,147.817,147.9442
2017-05-05T14:12:00Z,147.95,147.98,147.9378,147.96
2017-05-05T14:13:00Z,147.97,147.98,147.93,147.95
2017-05-05T14:14:00Z,147.95,147.9559,147.89,147.9201
2017-05-05T14:15:00Z,147.93,147.94,147.83,147.84
2017-05-05T14:16:00Z,147.85,147.855,147.75,147.82
2017-05-05T14:17:00Z,147.8195,147.97,147.79,147.94
2017-05-05T14:18:00Z,147.94,147.95,147.8944,147.905
2017-05-05T14:19:00Z,147.9,147.95,147.85,147.87
2017-05-05T14:20:00Z,147.86,147.9,147.82,147.8365
2017-05-05T14:21:00Z,147.83,147.865,147.73,147.86
2017-05-05T14:22:00Z,147.855,147.88,147.85,147.8601
2017-05-05T14:23:00Z,147.86,147.865,147.8,147.84
2017-05-05T14:24:00Z,147.8393,147.86,147.8,147.805
2017-05-05T14:25:00Z,147.81,147.8193,147.64,147.67
2017-05-05T14:26:00Z,147.6714,147.74,147.67,147.73
2017-05-05T14:27:00Z,147.74,147.765,147.69,147.69
2017-05-05T14:28:00Z,147.695,147.77,147.68,147.7595
2017-05-05T14:29:00Z,147.76,147.83,147.744,147.801
2017-05-05T14:30:00Z,147.8091,147.9,147.79,147.88
2017-05-05T14:31:00Z,147.88,147.895,147.85,147.8562
2017-05-05T14:32:00Z,147.8541,147.86,147.81,147.8257
2017-05-05T14:33:00Z,147.83,147.835,147.75,147.78
2017-05-05T14:34:00Z,147.78,147.835,147.7701,147.8
2017-05-05T14:35:00Z,147.81,147.825,147.76,147.81
2017-05-05T14:36:00Z,147.82,147.83,147.78,147.78
2017-05-05T14:37:00Z,147.78,147.79,147.7219,147.7499
2017-05-05T14:38:00Z,147.7491,147.7751,147.74,147.74
2017-05-05T14:39:00Z,147.74,147.75,147.68,147.6801
2017-05-05T14:40:00Z,147.69,147.7,147.62,147.631
2017-05-05T14:41:00Z,147.64,147.66,147.62,147.63
2017-05-05T14:42:00Z,147.6207,147.63,147.57,147.5711
2017-05-05T14:43:00Z,147.57,147.62,147.52,147.6188
2017-05-05T14:44:00Z,147.61,147.72,147.61,147.72
2017-05-05T14:45:00Z,147.71,147.765,147.6907,147.75
2017-05-05T14:46:00Z,147.76,147.84,147.76,147.8225
2017-05-05T14:47:00Z,147.82,147.86,147.81,147.84
2017-05-05T14:48:00Z,147.84,147.84,147.8001,147.83
2017-05-05T14:49:00Z,147.82,147.83,147.8,147.82
2017-05-05T14:50:00Z,147.82,147.89,147.815,147.86
2017-05-05T14:51:00Z,147.85,147.88,147.8,147.8284
2017-05-05T14:52:00Z,147.83,147.83,147.78,147.78
2017-05-05T14:53:00Z,147.77,147.8,147.76,147.7952
2017-05-05T14:54:00Z,147.8,147.82,147.78,147.79
2017-05-05T14:55:00Z,147.78,147.78,147.735,147.75
2017-05-05T14:56:00Z,147.76,147.8,147.76,147.795
2017-05-05T14:57:00Z,147.79,147.805,147.77,147.77
2017-05-05T14:58:00Z,147.775,147.83,147.77,147.81
2017-05-05T14:59:00Z,147.8,147.8201,147.79,147.795
2017-05-05T15:00:00Z,147.7962,147.82,147.79,147.7999
2017-05-05T15:01:00Z,147.8,147.82,147.77,147.78
2017-05-05T15:02:00Z,147.78,147.84,147.7752,147.835
2017-05-05T15:03:00Z,147.835,147.86,147.83,147.85
2017-05-05T15:04:00Z,147.86,147.89,147.849,147.86
2017-05-05T15:05:00Z,147.8601,147.88,147.85,147.87
2017-05-05T15:06:00Z,147.8775,147.94,147.8775,147.9259
2017-05-05T15:07:00Z,147.9201,147.96,147.8838,147.915
2017-05-05T15:08:00Z,147.915,147.95,147.9,147.9462
2017-05-05T15:09:00Z,147.94,148.06,147.935,148.03
2017-05-05T15:10:00Z,148.0201,148.0399,147.995,148
2017-05-05T15:11:00Z,148.0099,148.05,147.995,148.03
2017-05-05T15:12:00Z,148.03,148.07,148.02,148.07
2017-05-05T15:13:00Z,148.07,148.09,148.05,148.08
2017-05-05T15:14:00Z,148.0701,148.09,148.0435,148.045
2017-05-05T15:15:00Z,148.045,148.08,148.02,148.03
2017-05-05T15:16:00Z,148.02,148.1,148.01,148.08
2017-05-05T15:17:00Z,148.08,148.14,148.07,148.1378
2017-05-05T15:18:00Z,148.13,148.2,148.13,148.19
2017-05-05T15:19:00Z,148.19,148.19,148.15,148.15
2017-05-05T15:20:00Z,148.16,148.185,148.13,148.165
2017-05-05T15:21:00Z,148.1699,148.18,148.15,148.16
2017-05-05T15:22:00Z,148.17,148.17,148.14,148.142
2017-05-05T15:23:00Z,148.14,148.14,148.055,148.0757
2017-05-05T15:24:00Z,148.07,148.09,148.02,148.0575
2017-05-05T15:25:00Z,148.0583,148.09,148.04,148.05
2017-05-05T15:26:00Z,148.0413,148.05,148,148
2017-05-05T15:27:00Z,148.0017,148.06,148,148.045
2017-05-05T15:28:00Z,148.05,148.08,148.04,148.06
2017-05-05T15:29:00Z,148.06,148.08,148.05,148.0738
2017-05-05T15:30:00Z,148.074,148.12,148.0511,148.07
2017-05-05T15:31:00Z,148.07,148.1,148.04,148.05
2017-05-05T15:32:00Z,148.045,148.07,148.02,148.02
2017-05-05T15:33:00Z,148.03,148.035,148.01,148.01
2017-05-05T15:34:00Z,148.015,148.0553,148,148.03
2017-05-05T15:35:00Z,148.021,148.05,148,148.0028
2017-05-05T15:36:00Z,148.01,148.06,148,148.06
2017-05-05T15:37:00Z,148.07,148.08,148.04,148.06
2017-05-05T15:38:00Z,148.05,148.07,148.05,148.0652
2017-05-05T15:39:00Z,148.064,148.07,148.035,148.0657
2017-05-05T15:40:00Z,148.06,148.1,148.06,148.0866
2017-05-05T15:41:00Z,148.08,148.1,148.07,148.0844
2017-05-05T15:42:00Z,148.08,148.13,148.07,148.1199
2017-05-05T15:43:00Z,148.115,148.19,148.1136,148.19
2017-05-05T15:44:00Z,148.19,148.27,148.18,148.25
2017-05-05T15:45:00Z,148.255,148.33,148.24,148.33
2017-05-05T15:46:00Z,148.3305,148.35,148.2801,148.29
2017-05-05T15:47:00Z,148.29,148.42,148.2848,148.415
2017-05-05T15:48:00Z,148.411,148.42,148.34,148.36
2017-05-05T15:49:00Z,148.36,148.42,148.35,148.38
2017-05-05T15:50:00Z,148.37,148.44,148.3657,148.4043
2017-05-05T15:51:00Z,148.405,148.405,148.33,148.3858
2017-05-05T15:52:00Z,148.39,148.45,148.39,148.435
2017-05-05T15:53:00Z,148.435,148.47,148.4336,148.45
2017-05-05T15:54:00Z,148.455,148.55,148.455,148.54
2017-05-05T15:55:00Z,148.5499,148.6,148.5302,148.58
2017-05-05T15:56:00Z,148.585,148.6,148.52,148.56
2017-05-05T15:57:00Z,148.545,148.59,148.54,148.575
2017-05-05T15:58:00Z,148.5757,148.63,148.56,148.6235
2017-05-05T15:59:00Z,148.62,148.6762,148.62,148.66
2017-05-05T16:00:00Z,148.6658,148.78,148.66,148.77
2017-05-05T16:01:00Z,148.77,148.8,148.71,148.78
2017-05-05T16:02:00Z,148.7893,148.88,148.7893,148.875
2017-05-05T16:03:00Z,148.88,148.91,148.76,148.78
2017-05-05T16:04:00Z,148.78,148.8,148.65,148.6652
2017-05-05T16:05:00Z,148.66,148.67,148.63,148.655
2017-05-05T16:06:00Z,148.655,148.66,148.59,148.591
2017-05-05T16:07:00Z,148.59,148.66,148.59,148.655
2017-05-05T16:08:00Z,148.655,148.78,148.64,148.77
2017-05-05T16:09:00Z,148.775,148.8314,148.77,148.83
2017-05-05T16:10:00Z,148.8265,148.83,148.75,148.785
2017-05-05T16:11:00Z,148.79,148.85,148.79,148.845
2017-05-05T16:12:00Z,148.85,148.86,148.79,148.795
2017-05-05T16:13:00Z,148.7986,148.8651,148.79,148.855
2017-05-05T16:14:00Z,148.855,148.86,148.81,148.8341
2017-05-05T16:15:00Z,148.835,148.835,148.76,148.79
2017-05-05T16:16:00Z,148.785,148.7879,148.68,148.699
2017-05-05T16:17:00Z,148.6927,148.74,148.68,148.735
2017-05-05T16:18:00Z,148.735,148.799,148.7,148.79
2017-05-05T16:19:00Z,148.79,148.8,148.7301,148.74
2017-05-05T16:20:00Z,148.7412,148.8,148.7412,148.7687
2017-05-05T16:21:00Z,148.76,148.79,148.755,148.7599
2017-05-05T16:22:00Z,148.7564,148.7564,148.68,148.69
2017-05-05T16:23:00Z,148.6849,148.69,148.6307,148.65
2017-05-05T16:24:00Z,148.6572,148.6643,148.61,148.62
2017-05-05T16:25:00Z,148.6184,148.64,148.6,148.61
2017-05-05T16:26:00Z,148.615,148.6299,148.59,148.6275
2017-05-05T16:27:00Z,148.63,148.64,148.6,148.6266
2017-05-05T16:28:00Z,148.62,148.6201,148.55,148.565
2017-05-05T16:29:00Z,148.565,148.57,148.48,148.4844
2017-05-05T16:30:00Z,148.4853,148.5,148.4,148.42
2017-05-05T16:31:00Z,148.42,148.47,148.41,148.44
2017-05-05T16:32:00Z,148.4458,148.47,148.39,148.405
2017-05-05T16:33:00Z,148.4001,148.445,148.36,148.445
2017-05-05T16:34:00Z,148.44,148.4599,148.41,148.44
2017-05-05T16:35:00Z,148.44,148.47,148.44,148.465
2017-05-05T16:36:00Z,148.46,148.49,148.44,148.49
2017-05-05T16:37:00Z,148.49,148.5,148.47,148.49
2017-05-05T16:38:00Z,148.485,148.56,148.48,148.56
2017-05-05T16:39:00Z,148.56,148.59,148.55,148.5757
2017-05-05T16:40:00Z,148.5795,148.63,148.5795,148.6098
2017-05-05T16:41:00Z,148.6053,148.65,148.59,148.615
2017-05-05T16:42:00Z,148.61,148.62,148.5964,148.6157
2017-05-05T16:43:00Z,148.6,148.61,148.541,148.5638
2017-05-05T16:44:00Z,148.561,148.605,148.5543,148.565
2017-05-05T16:45:00Z,148.57,148.62,148.55,148.6
2017-05-05T16:46:00Z,148.595,148.6095,148.54,148.5403
2017-05-05T16:47:00Z,148.545,148.61,148.54,148.61
2017-05-05T16:48:00Z,148.6099,148.65,148.59,148.645
2017-05-05T16:49:00Z,148.6493,148.69,148.6443,148.6801
2017-05-05T16:50:00Z,148.6852,148.7,148.63,148.6395
2017-05-05T16:51:00Z,148.6399,148.6399,148.54,148.545
2017-05-05T16:52:00Z,148.545,148.575,148.5,148.57
2017-05-05T16:53:00Z,148.586,148.5865,148.56,148.57
2017-05-05T16:54:00Z,148.5757,148.59,148.5542,148.5638
2017-05-05T16:55:00Z,148.56,148.57,148.5408,148.545
2017-05-05T16:56:00Z,148.5458,148.5458,148.505,148.515
2017-05-05T16:57:00Z,148.5162,148.54,148.5143,148.53
2017-05-05T16:58:00Z,148.54,148.5461,148.51,148.54
2017-05-05T16:59:00Z,148.54,148.57,148.52,148.5295
2017-05-05T17:00:00Z,148.52,148.55,148.51,148.55
2017-05-05T17:01:00Z,148.545,148.56,148.54,148.545
2017-05-05T17:02:00Z,148.55,148.56,148.54,148.544
2017-05-05T17:03:00Z,148.549,148.56,148.5401,148.546
2017-05-05T17:04:00Z,148.5401,148.56,148.5,148.5242
2017-05-05T17:05:00Z,148.53,148.59,148.53,148.585
2017-05-05T17:06:00Z,148.58,148.6,148.58,148.6
2017-05-05T17:07:00Z,148.595,148.675,148.59,148.66
2017-05-05T17:08:00Z,148.67,148.67,148.6,148.6144
2017-05-05T17:09:00Z,148.615,148.64,148.6,148.6
2017-05-05T17:10:00Z,148.605,148.62,148.59,148.6
2017-05-05T17:11:00Z,148.6,148.62,148.5962,148.62
2017-05-05T17:12:00Z,148.62,148.66,148.6199,148.63
2017-05-05T17:13:00Z,148.62,148.62,148.58,148.5995
2017-05-05T17:14:00Z,148.5947,148.62,148.59,148.59
2017-05-05T17:15:00Z,148.59,148.59,148.57,148.585
2017-05-05T17:16:00Z,148.59,148.62,148.58,148.61
2017-05-05T17:17:00Z,148.61,148.62,148.6,148.605
2017-05-05T17:18:00Z,148.61,148.635,148.6,148.6101
2017-05-05T17:19:00Z,148.615,148.63,148.61,148.6143
2017-05-05T17:20:00Z,148.6158,148.65,148.61,148.65
2017-05-05T17:21:00Z,148.6461,148.67,148.63,148.66
2017-05-05T17:22:00Z,148.66,148.67,148.66,148.6684
2017-05-05T17:23:00Z,148.66,148.67,148.66,148.66
2017-05-05T17:24:00Z,148.66,148.68,148.61,148.62
2017-05-05T17:25:00Z,148.62,148.62,148.57,148.6
2017-05-05T17:26:00Z,148.61,148.64,148.61,148.615
2017-05-05T17:27:00Z,148.61,148.615,148.59,148.602
2017-05-05T17:28:00Z,148.61,148.635,148.6,148.61
2017-05-05T17:29:00Z,148.6,148.61,148.57,148.57
2017-05-05T17:30:00Z,148.575,148.58,148.54,148.565
2017-05-05T17:31:00Z,148.56,148.5699,148.53,148.5457
2017-05-05T17:32:00Z,148.538,148.55,148.53,148.53
2017-05-05T17:33:00Z,148.53,148.5355,148.51,148.52
2017-05-05T17:34:00Z,148.52,148.52,148.483,148.483
2017-05-05T17:35:00Z,148.485,148.5,148.48,148.495
2017-05-05T17:36:00Z,148.49,148.57,148.49,148.56
2017-05-05T17:37:00Z,148.57,148.5978,148.569,148.5735
2017-05-05T17:38:00Z,148.5766,148.5766,148.51,148.51
2017-05-05T17:39:00Z,148.515,148.55,148.515,148.55
2017-05-05T17:40:00Z,148.55,148.555,148.54,148.5457
2017-05-05T17:41:00Z,148.55,148.57,148.5275,148.57
2017-05-05T17:42:00Z,148.57,148.58,148.54,148.54
2017-05-05T17:43:00Z,148.5466,148.55,148.54,148.5486
2017-05-05T17:44:00Z,148.55,148.585,148.545,148.5763
2017-05-05T17:45:00Z,148.575,148.575,148.54,148.545
2017-05-05T17:46:00Z,148.55,148.57,148.54,148.565
2017-05-05T17:47:00Z,148.57,148.59,148.56,148.5799
2017-05-05T17:48:00Z,148.585,148.59,148.565,148.5899
2017-05-05T17:49:00Z,148.58,148.59,148.56,148.58
2017-05-05T17:50:00Z,148.58,148.59,148.57,148.58
2017-05-05T17:51:00Z,148.58,148.59,148.5765,148.59
2017-05-05T17:52:00Z,148.589,148.59,148.57,148.59
2017-05-05T17:53:00Z,148.59,148.64,148.59,148.6199
2017-05-05T17:54:00Z,148.62,148.645,148.61,148.62
2017-05-05T17:55:00Z,148.625,148.67,148.61,148.665
2017-05-05T17:56:00Z,148.66,148.7,148.65,148.65
2017-05-05T17:57:00Z,148.659,148.669,148.64,148.66
2017-05-05T17:58:00Z,148.65,148.68,148.64,148.6672
2017-05-05T17:59:00Z,148.67,148.67,148.64,148.65
2017-05-05T18:00:00Z,148.66,148.68,148.65,148.66
2017-05-05T18:01:00Z,148.665,148.69,148.645,148.69
2017-05-05T18:02:00Z,148.68,148.71,148.6656,148.705
2017-05-05T18:03:00Z,148.71,148.78,148.71,148.76
2017-05-05T18:04:00Z,148.76,148.77,148.74,148.7406
2017-05-05T18:05:00Z,148.75,148.76,148.7332,148.735
2017-05-05T18:06:00Z,148.7354,148.7393,148.71,148.7393
2017-05-05T18:07:00Z,148.739,148.755,148.72,148.74
2017-05-05T18:08:00Z,148.7455,148.78,148.745,148.7775
2017-05-05T18:09:00Z,148.78,148.8,148.77,148.7746
2017-05-05T18:10:00Z,148.78,148.79,148.76,148.7851
2017-05-05T18:11:00Z,148.79,148.79,148.71,148.73
2017-05-05T18:12:00Z,148.7289,148.73,148.7,148.71
2017-05-05T18:13:00Z,148.72,148.775,148.72,148.76
2017-05-05T18:14:00Z,148.7696,148.77,148.735,148.75
2017-05-05T18:15:00Z,148.7483,148.75,148.72,148.7201
2017-05-05T18:16:00Z,148.72,148.75,148.71,148.75
2017-05-05T18:17:00Z,148.745,148.765,148.68,148.68
2017-05-05T18:18:00Z,148.67,148.69,148.65,148.68
2017-05-05T18:19:00Z,148.67,148.69,148.65,148.68
2017-05-05T18:20:00Z,148.68,148.68,148.6231,148.6231
2017-05-05T18:21:00Z,148.6347,148.7,148.6347,148.6753
2017-05-05T18:22:00Z,148.68,148.7,148.6707,148.6789
2017-05-05T18:23:00Z,148.68,148.6837,148.66,148.6779
2017-05-05T18:24:00Z,148.68,148.7,148.62,148.68
2017-05-05T18:25:00Z,148.685,148.6853,148.66,148.67
2017-05-05T18:26:00Z,148.67,148.695,148.67,148.68
2017-05-05T18:27:00Z,148.689,148.69,148.67,148.67
2017-05-05T18:28:00Z,148.675,148.73,148.67,148.7185
2017-05-05T18:29:00Z,148.72,148.72,148.65,148.68
2017-05-05T18:30:00Z,148.68,148.6959,148.6538,148.6899
2017-05-05T18:31:00Z,148.7,148.71,148.69,148.7
2017-05-05T18:32:00Z,148.71,148.74,148.7,148.7068
2017-05-05T18:33:00Z,148.7053,148.74,148.7053,148.72
2017-05-05T18:34:00Z,148.725,148.725,148.6969,148.7
2017-05-05T18:35:00Z,148.6942,148.71,148.6942,148.7
2017-05-05T18:36:00Z,148.7,148.71,148.69,148.6969
2017-05-05T18:37:00Z,148.69,148.7,148.68,148.691
2017-05-05T18:38:00Z,148.6999,148.71,148.69,148.705
2017-05-05T18:39:00Z,148.7,148.7091,148.69,148.7
2017-05-05T18:40:00Z,148.7,148.7,148.68,148.68
2017-05-05T18:41:00Z,148.68,148.69,148.68,148.6865
2017-05-05T18:42:00Z,148.68,148.7,148.66,148.671
2017-05-05T18:43:00Z,148.6701,148.6782,148.66,148.6699
2017-05-05T18:44:00Z,148.665,148.67,148.66,148.67
2017-05-05T18:45:00Z,148.665,148.67,148.65,148.6693
2017-05-05T18:46:00Z,148.67,148.67,148.66,148.665
2017-05-05T18:47:00Z,148.665,148.67,148.6453,148.65
2017-05-05T18:48:00Z,148.65,148.66,148.59,148.605
2017-05-05T18:49:00Z,148.605,148.72,148.6037,148.685
2017-05-05T18:50:00Z,148.68,148.695,148.6638,148.68
2017-05-05T18:51:00Z,148.6799,148.71,148.66,148.68
2017-05-05T18:52:00Z,148.68,148.685,148.63,148.66
2017-05-05T18:53:00Z,148.65,148.66,148.62,148.6367
2017-05-05T18:54:00Z,148.63,148.64,148.61,148.639
2017-05-05T18:55:00Z,148.64,148.68,148.62,148.67
2017-05-05T18:56:00Z,148.6638,148.69,148.6499,148.6675
2017-05-05T18:57:00Z,148.66,148.67,148.6443,148.645
2017-05-05T18:58:00Z,148.65,148.66,148.64,148.65
2017-05-05T18:59:00Z,148.66,148.66,148.62,148.62
2017-05-05T19:00:00Z,148.62,148.66,148.62,148.62
2017-05-05T19:01:00Z,148.6201,148.64,148.5543,148.585
2017-05-05T19:02:00Z,148.59,148.61,148.58,148.59
2017-05-05T19:03:00Z,148.6,148.605,148.57,148.605
2017-05-05T19:04:00Z,148.6036,148.605,148.58,148.59
2017-05-05T19:05:00Z,148.59,148.63,148.5862,148.6144
2017-05-05T19:06:00Z,148.61,148.64,148.605,148.62
2017-05-05T19:07:00Z,148.615,148.62,148.6,148.61
2017-05-05T19:08:00Z,148.6,148.64,148.6,148.6234
2017-05-05T19:09:00Z,148.63,148.63,148.6,148.61
2017-05-05T19:10:00Z,148.61,148.65,148.61,148.63
2017-05-05T19:11:00Z,148.64,148.66,148.61,148.62
2017-05-05T19:12:00Z,148.62,148.66,148.61,148.62
2017-05-05T19:13:00Z,148.63,148.63,148.58,148.61
2017-05-05T19:14:00Z,148.6142,148.64,148.6,148.615
2017-05-05T19:15:00Z,148.62,148.655,148.58,148.59
2017-05-05T19:16:00Z,148.58,148.6147,148.58,148.6
2017-05-05T19:17:00Z,148.61,148.62,148.58,148.5935
2017-05-05T19:18:00Z,148.59,148.64,148.59,148.63
2017-05-05T19:19:00Z,148.635,148.65,148.605,148.621
2017-05-05T19:20:00Z,148.6243,148.63,148.59,148.5995
2017-05-05T19:21:00Z,148.5913,148.6,148.58,148.59
2017-05-05T19:22:00Z,148.5901,148.5901,148.55,148.56
2017-05-05T19:23:00Z,148.57,148.58,148.56,148.56
2017-05-05T19:24:00Z,148.57,148.59,148.56,148.56
2017-05-05T19:25:00Z,148.56,148.59,148.56,148.585
2017-05-05T19:26:00Z,148.59,148.61,148.57,148.575
2017-05-05T19:27:00Z,148.57,148.5732,148.535,148.545
2017-05-05T19:28:00Z,148.5454,148.5605,148.5399,148.5432
2017-05-05T19:29:00Z,148.55,148.55,148.52,148.53
2017-05-05T19:30:00Z,148.53,148.55,147.655,148.51
2017-05-05T19:31:00Z,148.52,148.58,148.5,148.55
2017-05-05T19:32:00Z,148.55,148.56,148.53,148.54
2017-05-05T19:33:00Z,148.54,148.6,148.54,148.57
2017-05-05T19:34:00Z,148.579,148.59,148.54,148.57
2017-05-05T19:35:00Z,148.56,148.6,148.55,148.59
2017-05-05T19:36:00Z,148.595,148.62,148.59,148.605
2017-05-05T19:37:00Z,148.605,148.62,148.57,148.57
2017-05-05T19:38:00Z,148.57,148.61,148.555,148.56
2017-05-05T19:39:00Z,148.56,148.595,148.56,148.57
2017-05-05T19:40:00Z,148.57,148.59,148.55,148.575
2017-05-05T19:41:00Z,148.57,148.61,148.57,148.575
2017-05-05T19:42:00Z,148.57,148.59,148.56,148.5899
2017-05-05T19:43:00Z,148.59,148.61,148.58,148.5953
2017-05-05T19:44:00Z,148.595,148.61,148.56,148.605
2017-05-05T19:45:00Z,148.6,148.65,148.58,148.65
2017-05-05T19:46:00Z,148.6473,148.79,148.63,148.7742
2017-05-05T19:47:00Z,148.78,148.8,148.765,148.785
2017-05-05T19:48:00Z,148.785,148.84,148.78,148.83
2017-05-05T19:49:00Z,148.825,148.88,148.82,148.87
2017-05-05T19:50:00Z,148.88,148.92,148.82,148.8356
2017-05-05T19:51:00Z,148.83,148.87,148.8125,148.8125
2017-05-05T19:52:00Z,148.8125,148.85,148.81,148.83
2017-05-05T19:53:00Z,148.82,148.89,148.82,148.865
2017-05-05T19:54:00Z,148.86,148.92,148.84,148.89
2017-05-05T19:55:00Z,148.895,148.9,148.85,148.9
2017-05-05T19:56:00Z,148.89,148.92,148.87,148.9
2017-05-05T19:57:00Z,148.9,148.92,148.89,148.92
2017-05-05T19:58:00Z,148.92,148.95,148.91,148.93
2017-05-05T19:59:00Z,148.925,148.98,148.89,148.96
