2018-04-09T13:30:00Z,169.81,170.56,169.81,170.5599
2018-04-09T13:31:00Z,170.51,170.87,170.36,170.37
2018-04-09T13:32:00Z,170.37,170.455,170.1728,170.3686
2018-04-09T13:33:00Z,170.36,170.55,170.25,170.549
2018-04-09T13:34:00Z,170.53,170.79,170.39,170.7775
2018-04-09T13:35:00Z,170.8,171.02,170.63,170.8448
2018-04-09T13:36:00Z,170.86,170.97,170.7967,170.9
2018-04-09T13:37:00Z,170.9,170.94,170.7,170.84
2018-04-09T13:38:00Z,170.85,170.89,170.44,170.55
2018-04-09T13:39:00Z,170.56,170.65,170.5,170.62
2018-04-09T13:40:00Z,170.61,170.78,170.54,170.725
2018-04-09T13:41:00Z,170.725,170.87,170.64,170.66
2018-04-09T13:42:00Z,170.67,170.77,170.65,170.6935
2018-04-09T13:43:00Z,170.7,170.83,170.56,170.5836
2018-04-09T13:44:00Z,170.6036,170.8,170.565,170.75
2018-04-09T13:45:00Z,170.76,171.01,170.7523,171
2018-04-09T13:46:00Z,171,171.08,170.82,170.963
2018-04-09T13:47:00Z,170.95,171.21,170.94,171.1599
2018-04-09T13:48:00Z,171.1589,171.2199,171.065,171.095
2018-04-09T13:49:00Z,171.09,171.3,171.09,171.17
2018-04-09T13:50:00Z,171.18,171.39,171.18,171.28
2018-04-09T13:51:00Z,171.31,171.35,171.16,171.17
2018-04-09T13:52:00Z,171.17,171.3783,171.15,171.31
2018-04-09T13:53:00Z,171.31,171.49,171.31,171.45
2018-04-09T13:54:00Z,171.46,171.59,171.4264,171.56
2018-04-09T13:55:00Z,171.56,171.57,171.45,171.45
2018-04-09T13:56:00Z,171.47,171.47,171.2101,171.297
2018-04-09T13:57:00Z,171.28,171.35,171.18,171.3
2018-04-09T13:58:00Z,171.31,171.6,171.27,171.55
2018-04-09T13:59:00Z,171.53,171.56,171.34,171.35
2018-04-09T14:00:00Z,171.36,171.45,171.28,171.44
2018-04-09T14:01:00Z,171.44,171.44,171.27,171.4
2018-04-09T14:02:00Z,171.41,171.53,171.34,171.3898
2018-04-09T14:03:00Z,171.39,171.39,171.23,171.26
2018-04-09T14:04:00Z,171.28,171.44,171.22,171.41
2018-04-09T14:05:00Z,171.4001,171.6,171.39,171.57
2018-04-09T14:06:00Z,171.56,171.58,171.19,171.24
2018-04-09T14:07:00Z,171.25,171.25,171.01,171.03
2018-04-09T14:08:00Z,171.04,171.16,170.97,171.09
2018-04-09T14:09:00Z,171.07,171.1366,170.97,171.0798
2018-04-09T14:10:00Z,171.06,171.1655,171.01,171.1655
2018-04-09T14:11:00Z,171.1644,171.24,171.15,171.17
2018-04-09T14:12:00Z,171.16,171.28,171.15,171.21
2018-04-09T14:13:00Z,171.22,171.2748,171.141,171.17
2018-04-09T14:14:00Z,171.2,171.2,170.82,170.93
2018-04-09T14:15:00Z,170.93,171.01,170.9,170.99
2018-04-09T14:16:00Z,171,171.3,171,171.26
2018-04-09T14:17:00Z,171.25,171.27,171.06,171.11
2018-04-09T14:18:00Z,171.1,171.14,170.965,171.01
2018-04-09T14:19:00Z,171.0099,171.17,171.0099,171.11
2018-04-09T14:20:00Z,171.1,171.28,170.97,171.27
2018-04-09T14:21:00Z,171.27,171.38,171.2,171.32
2018-04-09T14:22:00Z,171.32,171.42,171.28,171.3
2018-04-09T14:23:00Z,171.31,171.41,171.305,171.3848
2018-04-09T14:24:00Z,171.39,171.48,171.39,171.44
2018-04-09T14:25:00Z,171.46,171.5,171.33,171.356
2018-04-09T14:26:00Z,171.35,171.42,171.32,171.39
2018-04-09T14:27:00Z,171.385,171.54,171.35,171.53
2018-04-09T14:28:00Z,171.54,171.65,171.48,171.6
2018-04-09T14:29:00Z,171.6,171.68,171.52,171.59
2018-04-09T14:30:00Z,171.6,171.84,171.6,171.8367
2018-04-09T14:31:00Z,171.83,171.92,171.72,171.78
2018-04-09T14:32:00Z,171.775,171.89,171.67,171.72
2018-04-09T14:33:00Z,171.7289,171.78,171.67,171.73
2018-04-09T14:34:00Z,171.73,171.73,171.52,171.58
2018-04-09T14:35:00Z,171.59,171.79,171.5838,171.77
2018-04-09T14:36:00Z,171.77,171.89,171.7,171.76
2018-04-09T14:37:00Z,171.77,171.8,171.73,171.79
2018-04-09T14:38:00Z,171.78,171.95,171.78,171.88
2018-04-09T14:39:00Z,171.88,171.89,171.8,171.83
2018-04-09T14:40:00Z,171.83,171.89,171.79,171.88
2018-04-09T14:41:00Z,171.875,171.93,171.71,171.7252
2018-04-09T14:42:00Z,171.72,171.9,171.7,171.73
2018-04-09T14:43:00Z,171.74,171.839,171.74,171.74
2018-04-09T14:44:00Z,171.75,171.8,171.67,171.68
2018-04-09T14:45:00Z,171.68,171.84,171.68,171.77
2018-04-09T14:46:00Z,171.77,171.85,171.65,171.6517
2018-04-09T14:47:00Z,171.67,171.73,171.53,171.53
2018-04-09T14:48:00Z,171.53,171.62,171.4596,171.58
2018-04-09T14:49:00Z,171.58,171.66,171.58,171.65
2018-04-09T14:50:00Z,171.64,171.7915,171.64,171.7915
2018-04-09T14:51:00Z,171.79,171.88,171.79,171.8
2018-04-09T14:52:00Z,171.82,171.84,171.58,171.71
2018-04-09T14:53:00Z,171.7074,171.84,171.67,171.8
2018-04-09T14:54:00Z,171.8,171.919,171.71,171.76
2018-04-09T14:55:00Z,171.76,171.81,171.68,171.72
2018-04-09T14:56:00Z,171.706,171.715,171.6,171.666
2018-04-09T14:57:00Z,171.6601,171.68,171.5937,171.66
2018-04-09T14:58:00Z,171.6556,171.74,171.58,171.7049
2018-04-09T14:59:00Z,171.715,171.77,171.71,171.75
2018-04-09T15:00:00Z,171.76,171.81,171.6,171.61
2018-04-09T15:01:00Z,171.6072,171.63,171.55,171.6101
2018-04-09T15:02:00Z,171.6252,171.705,171.62,171.7
2018-04-09T15:03:00Z,171.71,171.7315,171.61,171.7315
2018-04-09T15:04:00Z,171.74,171.83,171.72,171.8
2018-04-09T15:05:00Z,171.8,171.8358,171.71,171.72
2018-04-09T15:06:00Z,171.72,171.79,171.66,171.755
2018-04-09T15:07:00Z,171.76,171.77,171.64,171.66
2018-04-09T15:08:00Z,171.67,171.71,171.41,171.4365
2018-04-09T15:09:00Z,171.42,171.52,171.37,171.51
2018-04-09T15:10:00Z,171.52,171.68,171.52,171.65
2018-04-09T15:11:00Z,171.6499,171.6897,171.582,171.6125
2018-04-09T15:12:00Z,171.63,171.7099,171.56,171.57
2018-04-09T15:13:00Z,171.571,171.69,171.5301,171.68
2018-04-09T15:14:00Z,171.68,171.72,171.6117,171.66
2018-04-09T15:15:00Z,171.675,171.76,171.675,171.725
2018-04-09T15:16:00Z,171.735,171.9,171.73,171.86
2018-04-09T15:17:00Z,171.86,171.9353,171.85,171.87
2018-04-09T15:18:00Z,171.865,171.96,171.795,171.81
2018-04-09T15:19:00Z,171.79,171.95,171.79,171.89
2018-04-09T15:20:00Z,171.88,171.99,171.87,171.99
2018-04-09T15:21:00Z,171.98,172.04,171.93,171.94
2018-04-09T15:22:00Z,171.96,172.04,171.95,172.0265
2018-04-09T15:23:00Z,172.03,172.03,171.81,171.83
2018-04-09T15:24:00Z,171.82,171.95,171.82,171.86
2018-04-09T15:25:00Z,171.85,171.97,171.83,171.91
2018-04-09T15:26:00Z,171.92,172,171.89,171.93
2018-04-09T15:27:00Z,171.94,172.02,171.88,171.93
2018-04-09T15:28:00Z,171.9113,171.98,171.88,171.93
2018-04-09T15:29:00Z,171.93,172.1199,171.93,172.049
2018-04-09T15:30:00Z,172.03,172.22,172.02,172.17
2018-04-09T15:31:00Z,172.17,172.24,172.15,172.2213
2018-04-09T15:32:00Z,172.23,172.25,172.13,172.24
2018-04-09T15:33:00Z,172.24,172.31,172.22,172.305
2018-04-09T15:34:00Z,172.31,172.32,172.15,172.2
2018-04-09T15:35:00Z,172.2,172.28,172.19,172.265
2018-04-09T15:36:00Z,172.27,172.37,172.26,172.28
2018-04-09T15:37:00Z,172.27,172.285,172.15,172.165
2018-04-09T15:38:00Z,172.15,172.2,172.1,172.15
2018-04-09T15:39:00Z,172.14,172.15,171.97,171.975
2018-04-09T15:40:00Z,171.9728,172.16,171.97,172.11
2018-04-09T15:41:00Z,172.11,172.13,172.02,172.06
2018-04-09T15:42:00Z,172.06,172.175,172.06,172.175
2018-04-09T15:43:00Z,172.17,172.18,172.1,172.1218
2018-04-09T15:44:00Z,172.13,172.15,172.04,172.065
2018-04-09T15:45:00Z,172.07,172.145,172.07,172.13
2018-04-09T15:46:00Z,172.13,172.15,172.07,172.13
2018-04-09T15:47:00Z,172.13,172.22,172.125,172.22
2018-04-09T15:48:00Z,172.2101,172.2393,172.15,172.175
2018-04-09T15:49:00Z,172.18,172.3,172.165,172.218
2018-04-09T15:50:00Z,172.23,172.32,172.225,172.27
2018-04-09T15:51:00Z,172.27,172.27,172.08,172.1
2018-04-09T15:52:00Z,172.1,172.23,172.0999,172.22
2018-04-09T15:53:00Z,172.22,172.4,172.19,172.345
2018-04-09T15:54:00Z,172.34,172.41,172.29,172.35
2018-04-09T15:55:00Z,172.34,172.43,172.26,172.32
2018-04-09T15:56:00Z,172.32,172.37,172.25,172.315
2018-04-09T15:57:00Z,172.32,172.4,172.27,172.27
2018-04-09T15:58:00Z,172.27,172.4064,172.27,172.3949
2018-04-09T15:59:00Z,172.39,172.48,172.38,172.4452
2018-04-09T16:00:00Z,172.45,172.48,172.375,172.46
2018-04-09T16:01:00Z,172.47,172.48,172.4,172.4451
2018-04-09T16:02:00Z,172.45,172.47,172.28,172.31
2018-04-09T16:03:00Z,172.31,172.43,172.31,172.4
2018-04-09T16:04:00Z,172.41,172.52,172.4,172.44
2018-04-09T16:05:00Z,172.43,172.5,172.34,172.49
2018-04-09T16:06:00Z,172.4859,172.55,172.445,172.495
2018-04-09T16:07:00Z,172.5,172.67,172.495,172.65
2018-04-09T16:08:00Z,172.65,172.75,172.59,172.6251
2018-04-09T16:09:00Z,172.625,172.73,172.625,172.711
2018-04-09T16:10:00Z,172.715,172.75,172.62,172.71
2018-04-09T16:11:00Z,172.72,172.77,172.6,172.76
2018-04-09T16:12:00Z,172.76,172.81,172.7,172.76
2018-04-09T16:13:00Z,172.76,172.89,172.76,172.8885
2018-04-09T16:14:00Z,172.89,172.95,172.84,172.9
2018-04-09T16:15:00Z,172.91,172.98,172.85,172.88
2018-04-09T16:16:00Z,172.88,172.93,172.77,172.85
2018-04-09T16:17:00Z,172.86,172.92,172.84,172.89
2018-04-09T16:18:00Z,172.89,172.89,172.7045,172.7045
2018-04-09T16:19:00Z,172.71,172.75,172.6461,172.66
2018-04-09T16:20:00Z,172.67,172.75,172.645,172.69
2018-04-09T16:21:00Z,172.69,172.7,172.48,172.51
2018-04-09T16:22:00Z,172.5,172.58,172.41,172.52
2018-04-09T16:23:00Z,172.53,172.5902,172.47,172.49
2018-04-09T16:24:00Z,172.49,172.53,172.4698,172.5
2018-04-09T16:25:00Z,172.49,172.6,172.47,172.5
2018-04-09T16:26:00Z,172.495,172.5,172.4238,172.46
2018-04-09T16:27:00Z,172.47,172.51,172.3701,172.41
2018-04-09T16:28:00Z,172.41,172.47,172.35,172.43
2018-04-09T16:29:00Z,172.4238,172.53,172.395,172.5099
2018-04-09T16:30:00Z,172.49,172.51,172.42,172.42
2018-04-09T16:31:00Z,172.42,172.48,172.21,172.22
2018-04-09T16:32:00Z,172.22,172.39,172.22,172.36
2018-04-09T16:33:00Z,172.36,172.36,172.26,172.32
2018-04-09T16:34:00Z,172.31,172.44,172.31,172.33
2018-04-09T16:35:00Z,172.33,172.45,172.31,172.39
2018-04-09T16:36:00Z,172.38,172.54,172.36,172.53
2018-04-09T16:37:00Z,172.54,172.5886,172.508,172.56
2018-04-09T16:38:00Z,172.56,172.59,172.3,172.3
2018-04-09T16:39:00Z,172.29,172.37,172.2678,172.3
2018-04-09T16:40:00Z,172.29,172.29,171.94,172.07
2018-04-09T16:41:00Z,172.07,172.24,172.07,172.2202
2018-04-09T16:42:00Z,172.22,172.3,172.19,172.24
2018-04-09T16:43:00Z,172.24,172.38,172.24,172.335
2018-04-09T16:44:00Z,172.335,172.479,172.33,172.47
2018-04-09T16:45:00Z,172.48,172.55,172.47,172.5
2018-04-09T16:46:00Z,172.52,172.55,172.47,172.53
2018-04-09T16:47:00Z,172.53,172.65,172.5201,172.62
2018-04-09T16:48:00Z,172.6217,172.72,172.61,172.67
2018-04-09T16:49:00Z,172.68,172.68,172.58,172.63
2018-04-09T16:50:00Z,172.6282,172.75,172.6282,172.67
2018-04-09T16:51:00Z,172.6652,172.77,172.6652,172.75
2018-04-09T16:52:00Z,172.76,172.76,172.67,172.7092
2018-04-09T16:53:00Z,172.7,172.75,172.635,172.66
2018-04-09T16:54:00Z,172.67,172.75,172.66,172.7201
2018-04-09T16:55:00Z,172.7214,172.75,172.69,172.74
2018-04-09T16:56:00Z,172.74,172.815,172.74,172.75
2018-04-09T16:57:00Z,172.75,172.75,172.6,172.67
2018-04-09T16:58:00Z,172.6664,172.8,172.6664,172.79
2018-04-09T16:59:00Z,172.79,172.81,172.73,172.8
2018-04-09T17:00:00Z,172.8,172.87,172.795,172.86
2018-04-09T17:01:00Z,172.86,172.98,172.793,172.91
2018-04-09T17:02:00Z,172.91,172.925,172.86,172.905
2018-04-09T17:03:00Z,172.898,172.9452,172.898,172.9315
2018-04-09T17:04:00Z,172.94,172.97,172.94,172.95
2018-04-09T17:05:00Z,172.9549,172.96,172.84,172.91
2018-04-09T17:06:00Z,172.913,172.94,172.85,172.91
2018-04-09T17:07:00Z,172.91,173.09,172.91,172.93
2018-04-09T17:08:00Z,172.935,172.97,172.9076,172.94
2018-04-09T17:09:00Z,172.94,172.99,172.91,172.9575
2018-04-09T17:10:00Z,172.96,173,172.92,172.95
2018-04-09T17:11:00Z,172.955,172.955,172.775,172.775
2018-04-09T17:12:00Z,172.7721,172.89,172.76,172.86
2018-04-09T17:13:00Z,172.85,172.85,172.69,172.72
2018-04-09T17:14:00Z,172.74,172.85,172.7349,172.74
2018-04-09T17:15:00Z,172.74,172.83,172.73,172.815
2018-04-09T17:16:00Z,172.81,172.88,172.8,172.85
2018-04-09T17:17:00Z,172.8561,172.93,172.84,172.92
2018-04-09T17:18:00Z,172.9098,172.92,172.85,172.894
2018-04-09T17:19:00Z,172.8992,172.9201,172.88,172.9
2018-04-09T17:20:00Z,172.9,172.9,172.77,172.8052
2018-04-09T17:21:00Z,172.81,172.83,172.671,172.69
2018-04-09T17:22:00Z,172.6992,172.8234,172.6933,172.8058
2018-04-09T17:23:00Z,172.8,172.82,172.71,172.71
2018-04-09T17:24:00Z,172.71,172.75,172.59,172.69
2018-04-09T17:25:00Z,172.7,172.72,172.64,172.6499
2018-04-09T17:26:00Z,172.64,172.7,172.63,172.6925
2018-04-09T17:27:00Z,172.7,172.7,172.56,172.6352
2018-04-09T17:28:00Z,172.64,172.79,172.57,172.78
2018-04-09T17:29:00Z,172.78,172.85,172.77,172.82
2018-04-09T17:30:00Z,172.82,172.88,172.8,172.86
2018-04-09T17:31:00Z,172.86,172.95,172.86,172.91
2018-04-09T17:32:00Z,172.92,172.95,172.83,172.95
2018-04-09T17:33:00Z,172.95,172.96,172.8802,172.915
2018-04-09T17:34:00Z,172.9299,172.97,172.9055,172.9602
2018-04-09T17:35:00Z,172.96,172.96,172.8,172.85
2018-04-09T17:36:00Z,172.84,172.9,172.7148,172.76
2018-04-09T17:37:00Z,172.76,172.87,172.7578,172.77
2018-04-09T17:38:00Z,172.764,172.81,172.745,172.8001
2018-04-09T17:39:00Z,172.81,172.93,172.81,172.9078
2018-04-09T17:40:00Z,172.91,172.91,172.77,172.84
2018-04-09T17:41:00Z,172.84,172.9,172.8149,172.83
2018-04-09T17:42:00Z,172.82,172.905,172.8,172.805
2018-04-09T17:43:00Z,172.8,172.82,172.6652,172.68
2018-04-09T17:44:00Z,172.67,172.73,172.62,172.71
2018-04-09T17:45:00Z,172.73,172.82,172.7,172.73
2018-04-09T17:46:00Z,172.73,172.8,172.73,172.75
2018-04-09T17:47:00Z,172.76,172.8,172.72,172.7699
2018-04-09T17:48:00Z,172.75,172.81,172.74,172.74
2018-04-09T17:49:00Z,172.76,172.8199,172.72,172.75
2018-04-09T17:50:00Z,172.76,172.82,172.73,172.75
2018-04-09T17:51:00Z,172.75,172.83,172.7,172.82
2018-04-09T17:52:00Z,172.82,172.91,172.82,172.9
2018-04-09T17:53:00Z,172.9,172.94,172.88,172.914
2018-04-09T17:54:00Z,172.9144,172.955,172.87,172.93
2018-04-09T17:55:00Z,172.94,172.97,172.91,172.95
2018-04-09T17:56:00Z,172.94,173,172.93,172.99
2018-04-09T17:57:00Z,172.99,173,172.84,172.94
2018-04-09T17:58:00Z,172.94,173.021,172.93,173.01
2018-04-09T17:59:00Z,173.01,173.04,172.8925,172.98
2018-04-09T18:00:00Z,172.98,173.03,172.865,172.95
2018-04-09T18:01:00Z,172.95,172.98,172.8893,172.8893
2018-04-09T18:02:00Z,172.9,172.95,172.785,172.81
2018-04-09T18:03:00Z,172.81,172.854,172.77,172.78
2018-04-09T18:04:00Z,172.78,172.95,172.78,172.82
2018-04-09T18:05:00Z,172.8101,172.83,172.54,172.56
2018-04-09T18:06:00Z,172.55,172.55,172.37,172.4
2018-04-09T18:07:00Z,172.41,172.46,172.36,172.36
2018-04-09T18:08:00Z,172.37,172.4018,172.284,172.4018
2018-04-09T18:09:00Z,172.4198,172.44,172.36,172.42
2018-04-09T18:10:00Z,172.43,172.43,172.28,172.31
2018-04-09T18:11:00Z,172.315,172.35,172.26,172.3192
2018-04-09T18:12:00Z,172.3199,172.43,172.3,172.385
2018-04-09T18:13:00Z,172.38,172.4667,172.36,172.37
2018-04-09T18:14:00Z,172.37,172.4599,172.37,172.4599
2018-04-09T18:15:00Z,172.45,172.46,172.3,172.34
2018-04-09T18:16:00Z,172.33,172.42,172.29,172.38
2018-04-09T18:17:00Z,172.39,172.5,172.38,172.49
2018-04-09T18:18:00Z,172.49,172.54,172.435,172.535
2018-04-09T18:19:00Z,172.5376,172.64,172.5376,172.54
2018-04-09T18:20:00Z,172.54,172.57,172.29,172.29
2018-04-09T18:21:00Z,172.28,172.32,172.07,172.12
2018-04-09T18:22:00Z,172.12,172.16,171.97,172.06
2018-04-09T18:23:00Z,172.07,172.1,172.02,172.0942
2018-04-09T18:24:00Z,172.12,172.2802,172.1,172.2802
2018-04-09T18:25:00Z,172.28,172.28,172.18,172.24
2018-04-09T18:26:00Z,172.2499,172.2499,172.13,172.185
2018-04-09T18:27:00Z,172.19,172.23,172.15,172.22
2018-04-09T18:28:00Z,172.22,172.29,172.16,172.19
2018-04-09T18:29:00Z,172.19,172.32,172.14,172.32
2018-04-09T18:30:00Z,172.32,172.32,172.13,172.31
2018-04-09T18:31:00Z,172.3,172.36,172.25,172.29
2018-04-09T18:32:00Z,172.29,172.36,172.26,172.28
2018-04-09T18:33:00Z,172.287,172.31,172.14,172.24
2018-04-09T18:34:00Z,172.25,172.32,172.25,172.29
2018-04-09T18:35:00Z,172.29,172.29,172.08,172.08
2018-04-09T18:36:00Z,172.09,172.17,172.08,172.11
2018-04-09T18:37:00Z,172.1,172.19,171.9901,172
2018-04-09T18:38:00Z,171.99,171.99,171.885,171.89
2018-04-09T18:39:00Z,171.9,171.92,171.77,171.885
2018-04-09T18:40:00Z,171.89,171.98,171.75,171.75
2018-04-09T18:41:00Z,171.755,171.76,171.55,171.62
2018-04-09T18:42:00Z,171.65,171.76,171.57,171.595
2018-04-09T18:43:00Z,171.6,171.6983,171.59,171.66
2018-04-09T18:44:00Z,171.6675,171.84,171.65,171.8
2018-04-09T18:45:00Z,171.82,172,171.8,171.97
2018-04-09T18:46:00Z,171.9601,172.04,171.885,171.99
2018-04-09T18:47:00Z,171.99,172.0499,171.83,171.86
2018-04-09T18:48:00Z,171.86,171.971,171.84,171.89
2018-04-09T18:49:00Z,171.9,171.91,171.78,171.86
2018-04-09T18:50:00Z,171.8666,172,171.83,171.96
2018-04-09T18:51:00Z,171.96,172.0622,171.96,172.0622
2018-04-09T18:52:00Z,172.07,172.0956,171.98,172.06
2018-04-09T18:53:00Z,172.06,172.25,172.06,172.2047
2018-04-09T18:54:00Z,172.21,172.22,172.14,172.19
2018-04-09T18:55:00Z,172.19,172.32,172.19,172.296
2018-04-09T18:56:00Z,172.31,172.4701,172.3,172.415
2018-04-09T18:57:00Z,172.416,172.44,172.3125,172.39
2018-04-09T18:58:00Z,172.38,172.4693,172.33,172.45
2018-04-09T18:59:00Z,172.4501,172.46,172.395,172.4
2018-04-09T19:00:00Z,172.41,172.41,172.27,172.31
2018-04-09T19:01:00Z,172.31,172.335,172.22,172.2384
2018-04-09T19:02:00Z,172.24,172.26,172.13,172.21
2018-04-09T19:03:00Z,172.22,172.38,172.22,172.35
2018-04-09T19:04:00Z,172.35,172.38,172.28,172.31
2018-04-09T19:05:00Z,172.3199,172.35,172.25,172.27
2018-04-09T19:06:00Z,172.27,172.4,172.26,172.33
2018-04-09T19:07:00Z,172.34,172.42,172.3301,172.42
2018-04-09T19:08:00Z,172.42,172.4475,172.35,172.428
2018-04-09T19:09:00Z,172.43,172.4301,172.25,172.28
2018-04-09T19:10:00Z,172.271,172.41,172.25,172.3899
2018-04-09T19:11:00Z,172.3902,172.41,172.12,172.1541
2018-04-09T19:12:00Z,172.16,172.2,172.13,172.1699
2018-04-09T19:13:00Z,172.17,172.22,172.01,172.03
2018-04-09T19:14:00Z,172.03,172.05,171.88,171.89
2018-04-09T19:15:00Z,171.88,171.88,171.57,171.57
2018-04-09T19:16:00Z,171.5749,171.58,171.485,171.5399
2018-04-09T19:17:00Z,171.525,171.67,171.5,171.67
2018-04-09T19:18:00Z,171.64,171.66,171.5,171.58
2018-04-09T19:19:00Z,171.57,171.64,171.49,171.54
2018-04-09T19:20:00Z,171.53,171.54,171.31,171.3633
2018-04-09T19:21:00Z,171.37,171.4,171.26,171.38
2018-04-09T19:22:00Z,171.36,171.36,171.13,171.1798
2018-04-09T19:23:00Z,171.18,171.32,171.04,171.2
2018-04-09T19:24:00Z,171.22,171.4,171.15,171.37
2018-04-09T19:25:00Z,171.36,171.36,171.23,171.29
2018-04-09T19:26:00Z,171.28,171.45,171.28,171.34
2018-04-09T19:27:00Z,171.36,171.4991,171.34,171.4
2018-04-09T19:28:00Z,171.39,171.39,171.21,171.25
2018-04-09T19:29:00Z,171.25,171.52,171.24,171.505
2018-04-09T19:30:00Z,171.5,171.56,171.3601,171.49
2018-04-09T19:31:00Z,171.52,171.53,171.42,171.42
2018-04-09T19:32:00Z,171.42,171.55,171.32,171.37
2018-04-09T19:33:00Z,171.395,171.43,171.15,171.17
2018-04-09T19:34:00Z,171.1699,171.1699,170.9188,170.95
2018-04-09T19:35:00Z,170.94,171.09,170.94,170.97
2018-04-09T19:36:00Z,170.98,171.2,170.98,171.12
2018-04-09T19:37:00Z,171.12,171.19,171.04,171.1
2018-04-09T19:38:00Z,171.11,171.27,171.101,171.15
2018-04-09T19:39:00Z,171.15,171.15,170.97,171.03
2018-04-09T19:40:00Z,171.02,171.02,170.85,170.85
2018-04-09T19:41:00Z,170.84,170.95,170.8,170.9439
2018-04-09T19:42:00Z,170.94,170.96,170.73,170.75
2018-04-09T19:43:00Z,170.75,170.99,170.64,170.95
2018-04-09T19:44:00Z,170.96,171.01,170.86,171.01
2018-04-09T19:45:00Z,170.99,171.1,170.84,171.0601
2018-04-09T19:46:00Z,171.06,171.11,170.97,171.02
2018-04-09T19:47:00Z,171.02,171.03,170.72,170.7285
2018-04-09T19:48:00Z,170.73,170.89,170.72,170.78
2018-04-09T19:49:00Z,170.78,170.83,170.6638,170.7
2018-04-09T19:50:00Z,170.69,170.695,170.26,170.4795
2018-04-09T19:51:00Z,170.5,170.8,170.485,170.785
2018-04-09T19:52:00Z,170.77,170.77,170.581,170.6266
2018-04-09T19:53:00Z,170.625,170.63,170.48,170.51
2018-04-09T19:54:00Z,170.52,170.72,170.52,170.655
2018-04-09T19:55:00Z,170.66,170.69,170.41,170.5019
2018-04-09T19:56:00Z,170.5,170.52,170.285,170.2905
2018-04-09T19:57:00Z,170.295,170.39,170.17,170.195
2018-04-09T19:58:00Z,170.2,170.24,169.92,170.08
2018-04-09T19:59:00Z,170.1,170.28,169.86,170.05
