2016-05-03T13:30:00Z,94.2,94.28,93.9,94.1297
2016-05-03T13:31:00Z,94.11,94.14,93.923,93.923
2016-05-03T13:32:00Z,93.9375,94.02,93.75,93.969
2016-05-03T13:33:00Z,93.9697,93.99,93.86,93.89
2016-05-03T13:34:00Z,93.9099,94.22,93.89,94.1962
2016-05-03T13:35:00Z,94.1967,94.25,94.12,94.2
2016-05-03T13:36:00Z,94.202,94.2299,94.07,94.12
2016-05-03T13:37:00Z,94.1053,94.12,93.85,93.96
2016-05-03T13:38:00Z,93.96,93.96,93.83,93.92
2016-05-03T13:39:00Z,93.9101,94,93.85,93.955
2016-05-03T13:40:00Z,93.952,93.96,93.87,93.91
2016-05-03T13:41:00Z,93.905,94.1,93.88,94.0621
2016-05-03T13:42:00Z,94.0516,94.18,94.0516,94.119
2016-05-03T13:43:00Z,94.1,94.43,94.07,94.3599
2016-05-03T13:44:00Z,94.34,94.45,94.2735,94.42
2016-05-03T13:45:00Z,94.43,94.49,94.29,94.41
2016-05-03T13:46:00Z,94.409,94.44,94.27,94.27
2016-05-03T13:47:00Z,94.265,94.36,94.17,94.2024
2016-05-03T13:48:00Z,94.2,94.2082,94.1,94.1941
2016-05-03T13:49:00Z,94.18,94.22,94.14,94.1727
2016-05-03T13:50:00Z,94.16,94.17,94.07,94.105
2016-05-03T13:51:00Z,94.11,94.17,94,94.06
2016-05-03T13:52:00Z,94.06,94.08,93.91,94.05
2016-05-03T13:53:00Z,94.048,94.22,94.0453,94.199
2016-05-03T13:54:00Z,94.2,94.24,94.12,94.15
2016-05-03T13:55:00Z,94.1499,94.15,94.05,94.08
2016-05-03T13:56:00Z,94.08,94.09,93.9,94.0599
2016-05-03T13:57:00Z,94.058,94.09,93.95,93.97
2016-05-03T13:58:00Z,93.97,94.05,93.95,93.99
2016-05-03T13:59:00Z,93.995,94.02,93.918,94
2016-05-03T14:00:00Z,94,94.15,93.93,94.03
2016-05-03T14:01:00Z,94.02,94.06,93.85,94
2016-05-03T14:02:00Z,94.01,94.02,93.94,93.98
2016-05-03T14:03:00Z,93.98,94.06,93.94,93.99
2016-05-03T14:04:00Z,93.989,94.05,93.83,94.02
2016-05-03T14:05:00Z,94.0137,94.0999,93.97,94.0999
2016-05-03T14:06:00Z,94.08,94.11,94,94.005
2016-05-03T14:07:00Z,94.0068,94.06,93.98,94.03
2016-05-03T14:08:00Z,94.03,94.05,93.93,93.97
2016-05-03T14:09:00Z,93.961,93.98,93.89,93.9397
2016-05-03T14:10:00Z,93.92,93.92,93.8,93.8387
2016-05-03T14:11:00Z,93.8375,93.98,93.8,93.92
2016-05-03T14:12:00Z,93.91,93.95,93.82,93.85
2016-05-03T14:13:00Z,93.85,93.85,93.7,93.76
2016-05-03T14:14:00Z,93.74,93.77,93.68,93.745
2016-05-03T14:15:00Z,93.7401,93.77,93.68,93.68
2016-05-03T14:16:00Z,93.68,93.833,93.68,93.8101
2016-05-03T14:17:00Z,93.81,93.9528,93.76,93.94
2016-05-03T14:18:00Z,93.95,94.05,93.85,93.99
2016-05-03T14:19:00Z,94,94.02,93.955,93.992
2016-05-03T14:20:00Z,94,94.0062,93.97,93.99
2016-05-03T14:21:00Z,94,94.07,93.979,94.0334
2016-05-03T14:22:00Z,94.035,94.07,94.02,94.0565
2016-05-03T14:23:00Z,94.06,94.17,94.04,94.12
2016-05-03T14:24:00Z,94.115,94.26,94.1,94.19
2016-05-03T14:25:00Z,94.19,94.28,94.17,94.275
2016-05-03T14:26:00Z,94.271,94.28,94.08,94.1
2016-05-03T14:27:00Z,94.11,94.188,94.06,94.179
2016-05-03T14:28:00Z,94.19,94.249,94.14,94.161
2016-05-03T14:29:00Z,94.16,94.17,94.05,94.07
2016-05-03T14:30:00Z,94.0756,94.08,94,94.0266
2016-05-03T14:31:00Z,94.0299,94.03,93.99,94.01
2016-05-03T14:32:00Z,94,94.04,93.97,93.9901
2016-05-03T14:33:00Z,94,94.07,93.992,94.0462
2016-05-03T14:34:00Z,94.04,94.13,94.02,94.025
2016-05-03T14:35:00Z,94.0266,94.03,93.91,93.915
2016-05-03T14:36:00Z,93.91,93.93,93.81,93.86
2016-05-03T14:37:00Z,93.87,93.89,93.82,93.8287
2016-05-03T14:38:00Z,93.82,93.85,93.78,93.8365
2016-05-03T14:39:00Z,93.85,94,93.85,93.96
2016-05-03T14:40:00Z,93.96,93.98,93.88,93.89
2016-05-03T14:41:00Z,93.89,93.9542,93.83,93.95
2016-05-03T14:42:00Z,93.96,94.08,93.96,94.0663
2016-05-03T14:43:00Z,94.06,94.07,93.98,94.02
2016-05-03T14:44:00Z,94.02,94.13,93.96,93.965
2016-05-03T14:45:00Z,93.9699,94,93.9,93.95
2016-05-03T14:46:00Z,93.93,94.01,93.92,93.975
2016-05-03T14:47:00Z,93.9742,94,93.965,93.9916
2016-05-03T14:48:00Z,93.99,94.079,93.99,94.06
2016-05-03T14:49:00Z,94.06,94.08,93.9601,94
2016-05-03T14:50:00Z,93.99,94.09,93.98,94.0397
2016-05-03T14:51:00Z,94.04,94.0663,93.98,94
2016-05-03T14:52:00Z,94,94.01,93.9,93.906
2016-05-03T14:53:00Z,93.9066,93.91,93.75,93.81
2016-05-03T14:54:00Z,93.81,93.83,93.731,93.787
2016-05-03T14:55:00Z,93.785,93.932,93.77,93.8906
2016-05-03T14:56:00Z,93.898,93.98,93.89,93.97
2016-05-03T14:57:00Z,93.9614,93.9665,93.86,93.907
2016-05-03T14:58:00Z,93.91,93.91,93.85,93.8893
2016-05-03T14:59:00Z,93.8854,93.99,93.87,93.9886
2016-05-03T15:00:00Z,93.99,94.006,93.92,93.981
2016-05-03T15:01:00Z,93.985,93.985,93.88,93.93
2016-05-03T15:02:00Z,93.93,93.94,93.85,93.9101
2016-05-03T15:03:00Z,93.92,94.03,93.92,94.0001
2016-05-03T15:04:00Z,94,94.03,93.99,94.02
2016-05-03T15:05:00Z,94.028,94.03,93.9975,94.02
2016-05-03T15:06:00Z,94.02,94.03,93.995,94.013
2016-05-03T15:07:00Z,94.015,94.08,94,94.0658
2016-05-03T15:08:00Z,94.06,94.08,94.03,94.0499
2016-05-03T15:09:00Z,94.05,94.14,94.05,94.1
2016-05-03T15:10:00Z,94.1028,94.14,94.08,94.1
2016-05-03T15:11:00Z,94.099,94.16,94.07,94.1108
2016-05-03T15:12:00Z,94.1199,94.17,94.11,94.15
2016-05-03T15:13:00Z,94.1598,94.22,94.15,94.19
2016-05-03T15:14:00Z,94.1865,94.23,94.18,94.1834
2016-05-03T15:15:00Z,94.1889,94.25,94.175,94.25
2016-05-03T15:16:00Z,94.25,94.29,94.16,94.17
2016-05-03T15:17:00Z,94.1705,94.25,94.17,94.1868
2016-05-03T15:18:00Z,94.18,94.23,94.1737,94.1965
2016-05-03T15:19:00Z,94.19,94.22,94.16,94.22
2016-05-03T15:20:00Z,94.2199,94.27,94.19,94.2657
2016-05-03T15:21:00Z,94.265,94.29,94.25,94.29
2016-05-03T15:22:00Z,94.295,94.33,94.28,94.33
2016-05-03T15:23:00Z,94.33,94.36,94.31,94.3564
2016-05-03T15:24:00Z,94.36,94.39,94.29,94.345
2016-05-03T15:25:00Z,94.3401,94.35,94.29,94.3162
2016-05-03T15:26:00Z,94.3153,94.39,94.31,94.367
2016-05-03T15:27:00Z,94.37,94.37,94.3,94.325
2016-05-03T15:28:00Z,94.33,94.35,94.26,94.28
2016-05-03T15:29:00Z,94.2766,94.29,94.25,94.26
2016-05-03T15:30:00Z,94.26,94.27,94.19,94.22
2016-05-03T15:31:00Z,94.22,94.22,94.13,94.15
2016-05-03T15:32:00Z,94.16,94.2,94.1,94.2
2016-05-03T15:33:00Z,94.21,94.24,94.19,94.2364
2016-05-03T15:34:00Z,94.24,94.26,94.21,94.23
2016-05-03T15:35:00Z,94.225,94.3224,94.225,94.3
2016-05-03T15:36:00Z,94.3099,94.335,94.28,94.325
2016-05-03T15:37:00Z,94.33,94.365,94.32,94.35
2016-05-03T15:38:00Z,94.345,94.3666,94.3,94.365
2016-05-03T15:39:00Z,94.36,94.45,94.33,94.45
2016-05-03T15:40:00Z,94.45,94.55,94.44,94.51
2016-05-03T15:41:00Z,94.5001,94.55,94.5,94.53
2016-05-03T15:42:00Z,94.53,94.54,94.4601,94.5
2016-05-03T15:43:00Z,94.5,94.54,94.47,94.52
2016-05-03T15:44:00Z,94.52,94.59,94.52,94.5401
2016-05-03T15:45:00Z,94.5461,94.55,94.47,94.51
2016-05-03T15:46:00Z,94.505,94.57,94.5,94.565
2016-05-03T15:47:00Z,94.569,94.65,94.56,94.65
2016-05-03T15:48:00Z,94.64,94.74,94.62,94.675
2016-05-03T15:49:00Z,94.6765,94.71,94.67,94.7
2016-05-03T15:50:00Z,94.7061,94.78,94.7,94.737
2016-05-03T15:51:00Z,94.74,94.82,94.735,94.8035
2016-05-03T15:52:00Z,94.8,94.88,94.79,94.8392
2016-05-03T15:53:00Z,94.839,94.85,94.74,94.74
2016-05-03T15:54:00Z,94.74,94.82,94.72,94.775
2016-05-03T15:55:00Z,94.77,94.78,94.71,94.715
2016-05-03T15:56:00Z,94.71,94.7165,94.58,94.5999
2016-05-03T15:57:00Z,94.59,94.597,94.52,94.5599
2016-05-03T15:58:00Z,94.56,94.64,94.56,94.64
2016-05-03T15:59:00Z,94.64,94.68,94.59,94.6171
2016-05-03T16:00:00Z,94.62,94.63,94.55,94.5558
2016-05-03T16:01:00Z,94.56,94.6,94.555,94.5999
2016-05-03T16:02:00Z,94.6,94.65,94.54,94.565
2016-05-03T16:03:00Z,94.56,94.5699,94.51,94.525
2016-05-03T16:04:00Z,94.52,94.53,94.45,94.49
2016-05-03T16:05:00Z,94.48,94.48,94.41,94.43
2016-05-03T16:06:00Z,94.4365,94.48,94.41,94.4499
2016-05-03T16:07:00Z,94.4414,94.49,94.41,94.45
2016-05-03T16:08:00Z,94.445,94.52,94.41,94.49
2016-05-03T16:09:00Z,94.49,94.59,94.4801,94.541
2016-05-03T16:10:00Z,94.54,94.56,94.51,94.52
2016-05-03T16:11:00Z,94.51,94.5468,94.5,94.5059
2016-05-03T16:12:00Z,94.5073,94.56,94.48,94.54
2016-05-03T16:13:00Z,94.5336,94.58,94.505,94.51
2016-05-03T16:14:00Z,94.51,94.515,94.38,94.405
2016-05-03T16:15:00Z,94.405,94.48,94.3701,94.4593
2016-05-03T16:16:00Z,94.4565,94.49,94.4565,94.4699
2016-05-03T16:17:00Z,94.46,94.49,94.46,94.47
2016-05-03T16:18:00Z,94.475,94.52,94.47,94.505
2016-05-03T16:19:00Z,94.5031,94.54,94.49,94.4999
2016-05-03T16:20:00Z,94.5,94.5,94.48,94.49
2016-05-03T16:21:00Z,94.48,94.4999,94.415,94.4568
2016-05-03T16:22:00Z,94.46,94.5,94.4505,94.47
2016-05-03T16:23:00Z,94.4701,94.5,94.4701,94.4818
2016-05-03T16:24:00Z,94.485,94.57,94.48,94.5401
2016-05-03T16:25:00Z,94.55,94.63,94.55,94.615
2016-05-03T16:26:00Z,94.61,94.63,94.57,94.6232
2016-05-03T16:27:00Z,94.63,94.695,94.61,94.65
2016-05-03T16:28:00Z,94.65,94.7199,94.65,94.6797
2016-05-03T16:29:00Z,94.6762,94.74,94.67,94.739
2016-05-03T16:30:00Z,94.739,94.76,94.7,94.72
2016-05-03T16:31:00Z,94.73,94.8,94.72,94.799
2016-05-03T16:32:00Z,94.797,94.84,94.79,94.83
2016-05-03T16:33:00Z,94.83,94.84,94.8,94.83
2016-05-03T16:34:00Z,94.83,94.83,94.73,94.7301
2016-05-03T16:35:00Z,94.735,94.755,94.6232,94.6805
2016-05-03T16:36:00Z,94.685,94.78,94.685,94.76
2016-05-03T16:37:00Z,94.758,94.8199,94.758,94.8101
2016-05-03T16:38:00Z,94.8165,94.82,94.78,94.7959
2016-05-03T16:39:00Z,94.79,94.795,94.7611,94.7699
2016-05-03T16:40:00Z,94.765,94.8,94.75,94.8
2016-05-03T16:41:00Z,94.7905,94.83,94.7905,94.825
2016-05-03T16:42:00Z,94.826,94.89,94.81,94.89
2016-05-03T16:43:00Z,94.89,94.93,94.8717,94.928
2016-05-03T16:44:00Z,94.9269,94.94,94.91,94.94
2016-05-03T16:45:00Z,94.935,94.95,94.9,94.91
2016-05-03T16:46:00Z,94.905,94.9159,94.84,94.862
2016-05-03T16:47:00Z,94.8631,94.875,94.84,94.86
2016-05-03T16:48:00Z,94.86,94.92,94.85,94.915
2016-05-03T16:49:00Z,94.9173,94.94,94.91,94.925
2016-05-03T16:50:00Z,94.9299,94.95,94.8911,94.93
2016-05-03T16:51:00Z,94.93,94.95,94.87,94.9436
2016-05-03T16:52:00Z,94.95,95.01,94.94,94.9968
2016-05-03T16:53:00Z,95,95.05,94.995,95.04
2016-05-03T16:54:00Z,95.04,95.07,95.01,95.05
2016-05-03T16:55:00Z,95.05,95.08,95.05,95.06
2016-05-03T16:56:00Z,95.07,95.08,95.04,95.065
2016-05-03T16:57:00Z,95.0601,95.0601,95,95
2016-05-03T16:58:00Z,95.0008,95.03,95,95.03
2016-05-03T16:59:00Z,95.0263,95.07,95.0211,95.06
2016-05-03T17:00:00Z,95.06,95.07,95.01,95.0111
2016-05-03T17:01:00Z,95.01,95.02,94.965,94.9701
2016-05-03T17:02:00Z,94.97,95,94.96,94.9962
2016-05-03T17:03:00Z,94.99,95.04,94.98,95.03
2016-05-03T17:04:00Z,95.0399,95.07,95.03,95.06
2016-05-03T17:05:00Z,95.05,95.07,95.04,95.0433
2016-05-03T17:06:00Z,95.049,95.0664,95.03,95.04
2016-05-03T17:07:00Z,95.0486,95.09,95.04,95.0896
2016-05-03T17:08:00Z,95.09,95.18,95.08,95.175
2016-05-03T17:09:00Z,95.175,95.25,95.17,95.23
2016-05-03T17:10:00Z,95.24,95.35,95.23,95.34
2016-05-03T17:11:00Z,95.35,95.36,95.31,95.35
2016-05-03T17:12:00Z,95.3599,95.4,95.33,95.34
2016-05-03T17:13:00Z,95.34,95.36,95.22,95.27
2016-05-03T17:14:00Z,95.27,95.37,95.27,95.326
2016-05-03T17:15:00Z,95.3217,95.39,95.32,95.3736
2016-05-03T17:16:00Z,95.3736,95.46,95.37,95.41
2016-05-03T17:17:00Z,95.42,95.5,95.37,95.43
2016-05-03T17:18:00Z,95.44,95.51,95.43,95.5
2016-05-03T17:19:00Z,95.4975,95.5,95.41,95.43
2016-05-03T17:20:00Z,95.43,95.45,95.4,95.4053
2016-05-03T17:21:00Z,95.4011,95.45,95.39,95.42
2016-05-03T17:22:00Z,95.42,95.49,95.38,95.4785
2016-05-03T17:23:00Z,95.48,95.495,95.43,95.44
2016-05-03T17:24:00Z,95.44,95.5,95.4,95.48
2016-05-03T17:25:00Z,95.487,95.51,95.4701,95.5
2016-05-03T17:26:00Z,95.494,95.52,95.4441,95.45
2016-05-03T17:27:00Z,95.456,95.52,95.45,95.495
2016-05-03T17:28:00Z,95.49,95.51,95.465,95.4768
2016-05-03T17:29:00Z,95.48,95.49,95.43,95.445
2016-05-03T17:30:00Z,95.45,95.45,95.33,95.3411
2016-05-03T17:31:00Z,95.3495,95.3495,95.21,95.245
2016-05-03T17:32:00Z,95.25,95.31,95.23,95.265
2016-05-03T17:33:00Z,95.27,95.28,95.18,95.23
2016-05-03T17:34:00Z,95.23,95.31,95.21,95.285
2016-05-03T17:35:00Z,95.285,95.33,95.28,95.3161
2016-05-03T17:36:00Z,95.3111,95.33,95.3,95.3267
2016-05-03T17:37:00Z,95.32,95.38,95.32,95.35
2016-05-03T17:38:00Z,95.3499,95.45,95.33,95.4299
2016-05-03T17:39:00Z,95.4368,95.54,95.42,95.5263
2016-05-03T17:40:00Z,95.53,95.62,95.51,95.62
2016-05-03T17:41:00Z,95.61,95.63,95.51,95.51
2016-05-03T17:42:00Z,95.5101,95.55,95.51,95.5264
2016-05-03T17:43:00Z,95.5299,95.55,95.45,95.4599
2016-05-03T17:44:00Z,95.4501,95.52,95.45,95.4954
2016-05-03T17:45:00Z,95.499,95.53,95.49,95.53
2016-05-03T17:46:00Z,95.53,95.6,95.52,95.59
2016-05-03T17:47:00Z,95.6,95.6,95.5399,95.5428
2016-05-03T17:48:00Z,95.54,95.6,95.54,95.59
2016-05-03T17:49:00Z,95.6,95.72,95.58,95.62
2016-05-03T17:50:00Z,95.615,95.64,95.6,95.62
2016-05-03T17:51:00Z,95.61,95.66,95.61,95.645
2016-05-03T17:52:00Z,95.65,95.73,95.645,95.6963
2016-05-03T17:53:00Z,95.7,95.74,95.61,95.6384
2016-05-03T17:54:00Z,95.63,95.63,95.5,95.51
2016-05-03T17:55:00Z,95.51,95.55,95.33,95.37
2016-05-03T17:56:00Z,95.364,95.47,95.364,95.37
2016-05-03T17:57:00Z,95.37,95.4,95.36,95.399
2016-05-03T17:58:00Z,95.4,95.46,95.39,95.39
2016-05-03T17:59:00Z,95.397,95.405,95.34,95.3501
2016-05-03T18:00:00Z,95.3599,95.44,95.3599,95.3961
2016-05-03T18:01:00Z,95.4,95.4301,95.39,95.427
2016-05-03T18:02:00Z,95.427,95.43,95.36,95.37
2016-05-03T18:03:00Z,95.369,95.4,95.369,95.3827
2016-05-03T18:04:00Z,95.385,95.4,95.37,95.385
2016-05-03T18:05:00Z,95.39,95.395,95.22,95.241
2016-05-03T18:06:00Z,95.2434,95.29,95.24,95.275
2016-05-03T18:07:00Z,95.2725,95.32,95.27,95.297
2016-05-03T18:08:00Z,95.29,95.3,95.26,95.2701
2016-05-03T18:09:00Z,95.28,95.3,95.275,95.295
2016-05-03T18:10:00Z,95.3,95.35,95.28,95.323
2016-05-03T18:11:00Z,95.335,95.36,95.3053,95.34
2016-05-03T18:12:00Z,95.3453,95.349,95.25,95.2515
2016-05-03T18:13:00Z,95.26,95.27,95.1,95.11
2016-05-03T18:14:00Z,95.1002,95.17,95.1002,95.147
2016-05-03T18:15:00Z,95.15,95.25,95.14,95.24
2016-05-03T18:16:00Z,95.245,95.25,95.21,95.24
2016-05-03T18:17:00Z,95.25,95.2783,95.16,95.19
2016-05-03T18:18:00Z,95.18,95.2699,95.17,95.255
2016-05-03T18:19:00Z,95.255,95.27,95.19,95.22
2016-05-03T18:20:00Z,95.23,95.235,95.2,95.23
2016-05-03T18:21:00Z,95.23,95.33,95.22,95.29
2016-05-03T18:22:00Z,95.291,95.33,95.26,95.29
2016-05-03T18:23:00Z,95.29,95.31,95.27,95.27
2016-05-03T18:24:00Z,95.28,95.36,95.271,95.351
2016-05-03T18:25:00Z,95.3524,95.38,95.28,95.28
2016-05-03T18:26:00Z,95.28,95.28,95.21,95.225
2016-05-03T18:27:00Z,95.2264,95.25,95.1705,95.25
2016-05-03T18:28:00Z,95.25,95.31,95.21,95.22
2016-05-03T18:29:00Z,95.22,95.29,95.15,95.29
2016-05-03T18:30:00Z,95.3,95.31,95.23,95.244
2016-05-03T18:31:00Z,95.24,95.32,95.24,95.31
2016-05-03T18:32:00Z,95.32,95.38,95.31,95.3478
2016-05-03T18:33:00Z,95.3477,95.35,95.26,95.31
2016-05-03T18:34:00Z,95.315,95.315,95.2301,95.2463
2016-05-03T18:35:00Z,95.25,95.45,95.25,95.4
2016-05-03T18:36:00Z,95.3901,95.44,95.355,95.41
2016-05-03T18:37:00Z,95.4,95.4199,95.3435,95.375
2016-05-03T18:38:00Z,95.38,95.38,95.29,95.31
2016-05-03T18:39:00Z,95.32,95.38,95.32,95.36
2016-05-03T18:40:00Z,95.37,95.38,95.3,95.3301
2016-05-03T18:41:00Z,95.34,95.35,95.31,95.31
2016-05-03T18:42:00Z,95.31,95.32,95.28,95.29
2016-05-03T18:43:00Z,95.28,95.29,95.26,95.28
2016-05-03T18:44:00Z,95.286,95.359,95.27,95.3572
2016-05-03T18:45:00Z,95.35,95.355,95.26,95.2942
2016-05-03T18:46:00Z,95.295,95.33,95.27,95.3222
2016-05-03T18:47:00Z,95.33,95.38,95.315,95.315
2016-05-03T18:48:00Z,95.31,95.33,95.2,95.2
2016-05-03T18:49:00Z,95.2,95.21,95.09,95.13
2016-05-03T18:50:00Z,95.1399,95.16,95.11,95.11
2016-05-03T18:51:00Z,95.11,95.195,95.1,95.1701
2016-05-03T18:52:00Z,95.17,95.225,95.15,95.225
2016-05-03T18:53:00Z,95.2306,95.2501,95.21,95.21
2016-05-03T18:54:00Z,95.21,95.28,95.18,95.28
2016-05-03T18:55:00Z,95.28,95.31,95.23,95.25
2016-05-03T18:56:00Z,95.26,95.26,95.19,95.195
2016-05-03T18:57:00Z,95.195,95.23,95.195,95.21
2016-05-03T18:58:00Z,95.206,95.32,95.203,95.31
2016-05-03T18:59:00Z,95.31,95.32,95.27,95.28
2016-05-03T19:00:00Z,95.29,95.36,95.29,95.32
2016-05-03T19:01:00Z,95.31,95.3299,95.2601,95.2601
2016-05-03T19:02:00Z,95.27,95.35,95.27,95.3
2016-05-03T19:03:00Z,95.2931,95.3,95.26,95.2601
2016-05-03T19:04:00Z,95.27,95.3,95.2605,95.291
2016-05-03T19:05:00Z,95.2901,95.41,95.29,95.4
2016-05-03T19:06:00Z,95.4098,95.415,95.3202,95.4
2016-05-03T19:07:00Z,95.395,95.445,95.39,95.4101
2016-05-03T19:08:00Z,95.42,95.43,95.38,95.41
2016-05-03T19:09:00Z,95.4199,95.49,95.4,95.47
2016-05-03T19:10:00Z,95.47,95.4799,95.43,95.4399
2016-05-03T19:11:00Z,95.44,95.445,95.262,95.3
2016-05-03T19:12:00Z,95.2902,95.31,95.195,95.2311
2016-05-03T19:13:00Z,95.23,95.29,95.2,95.29
2016-05-03T19:14:00Z,95.28,95.3,95.26,95.2813
2016-05-03T19:15:00Z,95.29,95.31,95.27,95.3
2016-05-03T19:16:00Z,95.3,95.305,95.26,95.29
2016-05-03T19:17:00Z,95.2907,95.455,95.29,95.41
2016-05-03T19:18:00Z,95.41,95.54,95.405,95.5162
2016-05-03T19:19:00Z,95.52,95.55,95.4872,95.51
2016-05-03T19:20:00Z,95.515,95.57,95.5,95.54
2016-05-03T19:21:00Z,95.54,95.55,95.5,95.5031
2016-05-03T19:22:00Z,95.505,95.51,95.36,95.3699
2016-05-03T19:23:00Z,95.36,95.36,95.28,95.34
2016-05-03T19:24:00Z,95.34,95.4399,95.34,95.4399
2016-05-03T19:25:00Z,95.43,95.45,95.38,95.445
2016-05-03T19:26:00Z,95.45,95.53,95.43,95.47
2016-05-03T19:27:00Z,95.47,95.49,95.44,95.4499
2016-05-03T19:28:00Z,95.445,95.445,95.38,95.4062
2016-05-03T19:29:00Z,95.41,95.48,95.38,95.4101
2016-05-03T19:30:00Z,95.41,95.46,95.359,95.4299
2016-05-03T19:31:00Z,95.4299,95.46,95.36,95.38
2016-05-03T19:32:00Z,95.38,95.39,95.25,95.25
2016-05-03T19:33:00Z,95.25,95.25,95.13,95.2
2016-05-03T19:34:00Z,95.2,95.289,95.19,95.265
2016-05-03T19:35:00Z,95.2699,95.29,95.25,95.255
2016-05-03T19:36:00Z,95.26,95.27,95.22,95.26
2016-05-03T19:37:00Z,95.2692,95.28,95.23,95.24
2016-05-03T19:38:00Z,95.24,95.28,95.23,95.255
2016-05-03T19:39:00Z,95.2501,95.26,95.21,95.2211
2016-05-03T19:40:00Z,95.22,95.24,95.19,95.2
2016-05-03T19:41:00Z,95.195,95.2,95.11,95.155
2016-05-03T19:42:00Z,95.1308,95.18,95.1,95.11
2016-05-03T19:43:00Z,95.1105,95.22,95.1,95.17
2016-05-03T19:44:00Z,95.1701,95.19,95.1401,95.165
2016-05-03T19:45:00Z,95.17,95.33,95.165,95.29
2016-05-03T19:46:00Z,95.29,95.29,95.19,95.195
2016-05-03T19:47:00Z,95.19,95.37,95.18,95.3536
2016-05-03T19:48:00Z,95.35,95.39,95.27,95.39
2016-05-03T19:49:00Z,95.39,95.39,95.3,95.31
2016-05-03T19:50:00Z,95.3074,95.35,95.23,95.32
2016-05-03T19:51:00Z,95.31,95.33,95.27,95.31
2016-05-03T19:52:00Z,95.3098,95.31,95.24,95.2554
2016-05-03T19:53:00Z,95.26,95.28,95.23,95.28
2016-05-03T19:54:00Z,95.28,95.36,95.275,95.36
2016-05-03T19:55:00Z,95.36,95.36,95.24,95.25
2016-05-03T19:56:00Z,95.25,95.26,95.2,95.21
2016-05-03T19:57:00Z,95.21,95.27,95.2,95.23
2016-05-03T19:58:00Z,95.24,95.25,95.17,95.18
2016-05-03T19:59:00Z,95.18,95.24,95.11,95.18
