2017-06-27T13:30:00Z,145.01,145.3,144.96,145.15
2017-06-27T13:31:00Z,145.19,145.24,144.8,144.83
2017-06-27T13:32:00Z,144.8452,145.1,144.7701,144.94
2017-06-27T13:33:00Z,144.92,145.01,144.82,144.93
2017-06-27T13:34:00Z,144.9335,145.2,144.92,145.1667
2017-06-27T13:35:00Z,145.16,145.19,145.05,145.07
2017-06-27T13:36:00Z,145.0899,145.18,144.89,144.9288
2017-06-27T13:37:00Z,144.94,145.1598,144.92,145.1438
2017-06-27T13:38:00Z,145.14,145.19,145.05,145.05
2017-06-27T13:39:00Z,145.04,145.16,145.01,145.06
2017-06-27T13:40:00Z,145.065,145.36,145,145.34
2017-06-27T13:41:00Z,145.36,145.57,145.3502,145.56
2017-06-27T13:42:00Z,145.569,145.62,145.4967,145.545
2017-06-27T13:43:00Z,145.54,145.61,145.27,145.29
2017-06-27T13:44:00Z,145.28,145.47,145.22,145.47
2017-06-27T13:45:00Z,145.47,145.659,145.46,145.53
2017-06-27T13:46:00Z,145.5254,145.65,145.42,145.5
2017-06-27T13:47:00Z,145.49,145.625,145.45,145.48
2017-06-27T13:48:00Z,145.48,145.6,145.43,145.55
2017-06-27T13:49:00Z,145.53,145.5986,145.35,145.42
2017-06-27T13:50:00Z,145.42,145.4542,145.31,145.35
2017-06-27T13:51:00Z,145.36,145.51,145.36,145.44
2017-06-27T13:52:00Z,145.4288,145.5,145.36,145.49
2017-06-27T13:53:00Z,145.49,145.52,145.4,145.41
2017-06-27T13:54:00Z,145.41,145.42,145.27,145.42
2017-06-27T13:55:00Z,145.44,145.49,145.3701,145.415
2017-06-27T13:56:00Z,145.42,145.5,145.3623,145.3999
2017-06-27T13:57:00Z,145.37,145.41,145.25,145.25
2017-06-27T13:58:00Z,145.255,145.29,145.13,145.19
2017-06-27T13:59:00Z,145.19,145.44,145.18,145.3
2017-06-27T14:00:00Z,145.3,145.4901,145.25,145.41
2017-06-27T14:01:00Z,145.41,145.42,145.3,145.36
2017-06-27T14:02:00Z,145.38,145.65,145.38,145.64
2017-06-27T14:03:00Z,145.65,145.73,145.58,145.6468
2017-06-27T14:04:00Z,145.63,145.8,145.6101,145.78
2017-06-27T14:05:00Z,145.7765,145.82,145.66,145.66
2017-06-27T14:06:00Z,145.67,145.7899,145.67,145.76
2017-06-27T14:07:00Z,145.76,145.95,145.722,145.85
2017-06-27T14:08:00Z,145.85,145.86,145.71,145.7154
2017-06-27T14:09:00Z,145.71,145.85,145.67,145.805
2017-06-27T14:10:00Z,145.8001,145.8701,145.71,145.722
2017-06-27T14:11:00Z,145.74,145.7746,145.66,145.6864
2017-06-27T14:12:00Z,145.69,145.708,145.62,145.64
2017-06-27T14:13:00Z,145.65,145.65,145.54,145.54
2017-06-27T14:14:00Z,145.55,145.725,145.5448,145.72
2017-06-27T14:15:00Z,145.72,145.7299,145.55,145.57
2017-06-27T14:16:00Z,145.58,145.65,145.54,145.64
2017-06-27T14:17:00Z,145.63,145.77,145.63,145.71
2017-06-27T14:18:00Z,145.71,145.79,145.67,145.79
2017-06-27T14:19:00Z,145.8,145.85,145.7701,145.82
2017-06-27T14:20:00Z,145.83,145.855,145.76,145.84
2017-06-27T14:21:00Z,145.84,145.95,145.84,145.9387
2017-06-27T14:22:00Z,145.935,146.0889,145.92,146.0613
2017-06-27T14:23:00Z,146.06,146.09,145.87,145.945
2017-06-27T14:24:00Z,145.9423,145.97,145.8,145.8
2017-06-27T14:25:00Z,145.8,145.85,145.73,145.795
2017-06-27T14:26:00Z,145.79,145.8111,145.75,145.75
2017-06-27T14:27:00Z,145.73,145.7835,145.67,145.69
2017-06-27T14:28:00Z,145.7052,145.72,145.53,145.55
2017-06-27T14:29:00Z,145.55,145.62,145.52,145.54
2017-06-27T14:30:00Z,145.55,145.635,145.55,145.6301
2017-06-27T14:31:00Z,145.63,145.78,145.62,145.75
2017-06-27T14:32:00Z,145.75,145.81,145.72,145.72
2017-06-27T14:33:00Z,145.71,145.76,145.7001,145.7588
2017-06-27T14:34:00Z,145.76,145.87,145.76,145.8518
2017-06-27T14:35:00Z,145.8555,145.8727,145.77,145.8
2017-06-27T14:36:00Z,145.8,145.89,145.79,145.82
2017-06-27T14:37:00Z,145.825,145.84,145.73,145.73
2017-06-27T14:38:00Z,145.73,145.73,145.61,145.6812
2017-06-27T14:39:00Z,145.68,145.8398,145.68,145.81
2017-06-27T14:40:00Z,145.82,145.97,145.81,145.95
2017-06-27T14:41:00Z,145.97,146.07,145.9451,146.06
2017-06-27T14:42:00Z,146.07,146.12,146,146.1
2017-06-27T14:43:00Z,146.11,146.16,146.04,146.14
2017-06-27T14:44:00Z,146.14,146.145,146.02,146.0392
2017-06-27T14:45:00Z,146.03,146.03,145.94,145.94
2017-06-27T14:46:00Z,145.94,146.01,145.93,145.96
2017-06-27T14:47:00Z,145.97,145.97,145.89,145.92
2017-06-27T14:48:00Z,145.93,145.9337,145.77,145.8446
2017-06-27T14:49:00Z,145.84,145.92,145.8355,145.8968
2017-06-27T14:50:00Z,145.9,145.96,145.9,145.96
2017-06-27T14:51:00Z,145.97,145.98,145.86,145.88
2017-06-27T14:52:00Z,145.8759,145.8832,145.79,145.79
2017-06-27T14:53:00Z,145.7999,145.8175,145.75,145.7847
2017-06-27T14:54:00Z,145.78,145.855,145.78,145.8318
2017-06-27T14:55:00Z,145.85,145.89,145.8,145.84
2017-06-27T14:56:00Z,145.85,145.8756,145.77,145.84
2017-06-27T14:57:00Z,145.84,145.91,145.81,145.83
2017-06-27T14:58:00Z,145.83,145.8335,145.79,145.831
2017-06-27T14:59:00Z,145.8325,145.85,145.81,145.83
2017-06-27T15:00:00Z,145.83,145.87,145.81,145.86
2017-06-27T15:01:00Z,145.8611,145.92,145.86,145.8767
2017-06-27T15:02:00Z,145.88,145.93,145.85,145.93
2017-06-27T15:03:00Z,145.95,145.97,145.93,145.95
2017-06-27T15:04:00Z,145.96,146,145.95,145.98
2017-06-27T15:05:00Z,145.96,146,145.95,145.98
2017-06-27T15:06:00Z,145.99,146,145.9678,145.9934
2017-06-27T15:07:00Z,145.995,146,145.96,145.9729
2017-06-27T15:08:00Z,145.98,146,145.91,145.98
2017-06-27T15:09:00Z,145.98,145.9959,145.79,145.8273
2017-06-27T15:10:00Z,145.84,145.85,145.72,145.815
2017-06-27T15:11:00Z,145.81,145.85,145.77,145.83
2017-06-27T15:12:00Z,145.84,145.869,145.79,145.869
2017-06-27T15:13:00Z,145.86,145.86,145.79,145.81
2017-06-27T15:14:00Z,145.83,145.87,145.77,145.77
2017-06-27T15:15:00Z,145.77,145.8168,145.71,145.81
2017-06-27T15:16:00Z,145.8,145.89,145.76,145.875
2017-06-27T15:17:00Z,145.88,146,145.875,145.99
2017-06-27T15:18:00Z,145.9901,145.9901,145.91,145.94
2017-06-27T15:19:00Z,145.94,145.97,145.85,145.85
2017-06-27T15:20:00Z,145.85,145.93,145.83,145.85
2017-06-27T15:21:00Z,145.855,145.89,145.83,145.83
2017-06-27T15:22:00Z,145.83,145.83,145.725,145.79
2017-06-27T15:23:00Z,145.79,145.81,145.7,145.71
2017-06-27T15:24:00Z,145.7192,145.75,145.64,145.64
2017-06-27T15:25:00Z,145.63,145.71,145.61,145.71
2017-06-27T15:26:00Z,145.71,145.76,145.69,145.7
2017-06-27T15:27:00Z,145.6903,145.78,145.69,145.7674
2017-06-27T15:28:00Z,145.76,145.8,145.7,145.73
2017-06-27T15:29:00Z,145.73,145.73,145.63,145.68
2017-06-27T15:30:00Z,145.68,145.72,145.66,145.71
2017-06-27T15:31:00Z,145.72,145.79,145.71,145.74
2017-06-27T15:32:00Z,145.75,145.7664,145.71,145.71
2017-06-27T15:33:00Z,145.7158,145.72,145.6,145.65
2017-06-27T15:34:00Z,145.65,145.7,145.63,145.69
2017-06-27T15:35:00Z,145.7,145.775,145.7,145.75
2017-06-27T15:36:00Z,145.765,145.7981,145.72,145.735
2017-06-27T15:37:00Z,145.75,145.78,145.74,145.78
2017-06-27T15:38:00Z,145.7877,145.82,145.7085,145.7085
2017-06-27T15:39:00Z,145.7,145.8,145.68,145.79
2017-06-27T15:40:00Z,145.7899,145.82,145.76,145.8
2017-06-27T15:41:00Z,145.8,145.83,145.76,145.79
2017-06-27T15:42:00Z,145.78,145.81,145.7241,145.775
2017-06-27T15:43:00Z,145.78,145.78,145.735,145.7453
2017-06-27T15:44:00Z,145.75,145.78,145.74,145.74
2017-06-27T15:45:00Z,145.75,145.8096,145.74,145.77
2017-06-27T15:46:00Z,145.761,145.8,145.75,145.7656
2017-06-27T15:47:00Z,145.7701,145.7968,145.76,145.78
2017-06-27T15:48:00Z,145.785,145.785,145.65,145.66
2017-06-27T15:49:00Z,145.67,145.7035,145.67,145.695
2017-06-27T15:50:00Z,145.6965,145.71,145.61,145.6214
2017-06-27T15:51:00Z,145.61,145.63,145.59,145.6
2017-06-27T15:52:00Z,145.59,145.635,145.45,145.48
2017-06-27T15:53:00Z,145.48,145.57,145.47,145.53
2017-06-27T15:54:00Z,145.52,145.56,145.47,145.49
2017-06-27T15:55:00Z,145.491,145.6,145.47,145.55
2017-06-27T15:56:00Z,145.55,145.595,145.54,145.58
2017-06-27T15:57:00Z,145.58,145.6,145.54,145.6
2017-06-27T15:58:00Z,145.6046,145.68,145.579,145.67
2017-06-27T15:59:00Z,145.66,145.68,145.63,145.63
2017-06-27T16:00:00Z,145.63,145.66,145.56,145.6059
2017-06-27T16:01:00Z,145.6,145.7,145.6,145.66
2017-06-27T16:02:00Z,145.665,145.7,145.63,145.67
2017-06-27T16:03:00Z,145.68,145.7,145.61,145.635
2017-06-27T16:04:00Z,145.64,145.72,145.64,145.7
2017-06-27T16:05:00Z,145.7,145.76,145.66,145.75
2017-06-27T16:06:00Z,145.75,145.81,145.75,145.79
2017-06-27T16:07:00Z,145.79,145.825,145.76,145.77
2017-06-27T16:08:00Z,145.78,145.83,145.77,145.79
2017-06-27T16:09:00Z,145.78,145.88,145.78,145.88
2017-06-27T16:10:00Z,145.8753,145.89,145.85,145.88
2017-06-27T16:11:00Z,145.88,145.9,145.83,145.83
2017-06-27T16:12:00Z,145.842,145.8901,145.836,145.87
2017-06-27T16:13:00Z,145.8635,145.89,145.8502,145.874
2017-06-27T16:14:00Z,145.87,145.92,145.87,145.8988
2017-06-27T16:15:00Z,145.89,145.89,145.8,145.82
2017-06-27T16:16:00Z,145.83,145.85,145.78,145.8
2017-06-27T16:17:00Z,145.8,145.83,145.79,145.81
2017-06-27T16:18:00Z,145.81,145.83,145.75,145.79
2017-06-27T16:19:00Z,145.79,145.8,145.63,145.64
2017-06-27T16:20:00Z,145.63,145.71,145.63,145.71
2017-06-27T16:21:00Z,145.7,145.75,145.6901,145.75
2017-06-27T16:22:00Z,145.76,145.77,145.71,145.73
2017-06-27T16:23:00Z,145.73,145.74,145.71,145.74
2017-06-27T16:24:00Z,145.74,145.74,145.71,145.7237
2017-06-27T16:25:00Z,145.72,145.8,145.7,145.79
2017-06-27T16:26:00Z,145.79,145.82,145.77,145.79
2017-06-27T16:27:00Z,145.79,145.79,145.75,145.769
2017-06-27T16:28:00Z,145.76,145.83,145.73,145.741
2017-06-27T16:29:00Z,145.74,145.8,145.74,145.77
2017-06-27T16:30:00Z,145.77,145.77,145.7,145.71
2017-06-27T16:31:00Z,145.71,145.7525,145.68,145.71
2017-06-27T16:32:00Z,145.7,145.718,145.6601,145.67
2017-06-27T16:33:00Z,145.67,145.705,145.63,145.63
2017-06-27T16:34:00Z,145.63,145.6333,145.51,145.52
2017-06-27T16:35:00Z,145.51,145.51,145.29,145.3
2017-06-27T16:36:00Z,145.29,145.33,145.19,145.319
2017-06-27T16:37:00Z,145.31,145.38,145.2,145.2646
2017-06-27T16:38:00Z,145.26,145.37,145.18,145.29
2017-06-27T16:39:00Z,145.3,145.3062,145.1814,145.19
2017-06-27T16:40:00Z,145.1947,145.23,145.14,145.17
2017-06-27T16:41:00Z,145.18,145.26,145.16,145.231
2017-06-27T16:42:00Z,145.24,145.31,145.19,145.31
2017-06-27T16:43:00Z,145.3,145.35,145.29,145.34
2017-06-27T16:44:00Z,145.35,145.38,145.26,145.27
2017-06-27T16:45:00Z,145.27,145.27,145.2,145.24
2017-06-27T16:46:00Z,145.22,145.26,145.21,145.2388
2017-06-27T16:47:00Z,145.24,145.2559,145.19,145.19
2017-06-27T16:48:00Z,145.2,145.2368,145.14,145.1501
2017-06-27T16:49:00Z,145.17,145.19,145.095,145.1
2017-06-27T16:50:00Z,145.09,145.13,145.04,145.08
2017-06-27T16:51:00Z,145.08,145.14,145.06,145.12
2017-06-27T16:52:00Z,145.12,145.19,145.12,145.1413
2017-06-27T16:53:00Z,145.15,145.2,145.021,145.08
2017-06-27T16:54:00Z,145.0716,145.09,144.98,145.01
2017-06-27T16:55:00Z,145.02,145.07,144.94,145.035
2017-06-27T16:56:00Z,145.03,145.03,144.96,145.01
2017-06-27T16:57:00Z,145.009,145.085,144.97,145.065
2017-06-27T16:58:00Z,145.0644,145.123,145.06,145.07
2017-06-27T16:59:00Z,145.06,145.1,145.01,145.075
2017-06-27T17:00:00Z,145.075,145.18,145.075,145.11
2017-06-27T17:01:00Z,145.1067,145.1326,145.05,145.07
2017-06-27T17:02:00Z,145.07,145.07,145,145.02
2017-06-27T17:03:00Z,145.02,145.04,145.01,145.02
2017-06-27T17:04:00Z,145.0281,145.0712,145.026,145.07
2017-06-27T17:05:00Z,145.07,145.07,144.98,145
2017-06-27T17:06:00Z,144.99,145.04,144.93,145.01
2017-06-27T17:07:00Z,145.0067,145.0793,144.97,145
2017-06-27T17:08:00Z,144.975,145.01,144.85,144.89
2017-06-27T17:09:00Z,144.88,144.8999,144.75,144.785
2017-06-27T17:10:00Z,144.785,144.785,144.61,144.67
2017-06-27T17:11:00Z,144.67,144.8,144.67,144.7956
2017-06-27T17:12:00Z,144.81,144.84,144.7,144.8
2017-06-27T17:13:00Z,144.79,144.8806,144.78,144.81
2017-06-27T17:14:00Z,144.81,144.86,144.81,144.8147
2017-06-27T17:15:00Z,144.82,144.83,144.77,144.815
2017-06-27T17:16:00Z,144.8101,144.87,144.74,144.85
2017-06-27T17:17:00Z,144.84,145,144.835,144.98
2017-06-27T17:18:00Z,144.99,145.119,144.925,145.1098
2017-06-27T17:19:00Z,145.1,145.16,145.04,145.065
2017-06-27T17:20:00Z,145.08,145.11,145.05,145.05
2017-06-27T17:21:00Z,145.08,145.11,145.005,145.08
2017-06-27T17:22:00Z,145.09,145.1,145.02,145.05
2017-06-27T17:23:00Z,145.07,145.08,145.03,145.08
2017-06-27T17:24:00Z,145.085,145.14,145.05,145.1304
2017-06-27T17:25:00Z,145.13,145.15,145.09,145.15
2017-06-27T17:26:00Z,145.15,145.18,145.09,145.1
2017-06-27T17:27:00Z,145.105,145.15,145.06,145.11
2017-06-27T17:28:00Z,145.11,145.16,145.11,145.125
2017-06-27T17:29:00Z,145.13,145.17,145.04,145.0899
2017-06-27T17:30:00Z,145.1,145.16,145.06,145.12
2017-06-27T17:31:00Z,145.137,145.175,145.08,145.0999
2017-06-27T17:32:00Z,145.09,145.115,145.08,145.09
2017-06-27T17:33:00Z,145.09,145.0912,145.03,145.06
2017-06-27T17:34:00Z,145.0699,145.07,144.98,145.0642
2017-06-27T17:35:00Z,145.07,145.14,145.065,145.07
2017-06-27T17:36:00Z,145.07,145.08,144.95,144.97
2017-06-27T17:37:00Z,144.97,144.98,144.75,144.7599
2017-06-27T17:38:00Z,144.75,144.75,144.5302,144.54
2017-06-27T17:39:00Z,144.53,144.57,144.42,144.46
2017-06-27T17:40:00Z,144.455,144.561,144.38,144.56
2017-06-27T17:41:00Z,144.56,144.63,144.51,144.63
2017-06-27T17:42:00Z,144.64,144.64,144.52,144.61
2017-06-27T17:43:00Z,144.6105,144.66,144.55,144.62
2017-06-27T17:44:00Z,144.6,144.6216,144.33,144.34
2017-06-27T17:45:00Z,144.34,144.353,143.95,144.14
2017-06-27T17:46:00Z,144.15,144.24,144.11,144.21
2017-06-27T17:47:00Z,144.21,144.37,144.21,144.32
2017-06-27T17:48:00Z,144.32,144.43,144.28,144.34
2017-06-27T17:49:00Z,144.35,144.47,144.35,144.37
2017-06-27T17:50:00Z,144.35,144.5286,144.3,144.52
2017-06-27T17:51:00Z,144.51,144.54,144.44,144.52
2017-06-27T17:52:00Z,144.52,144.55,144.37,144.47
2017-06-27T17:53:00Z,144.47,144.48,144.36,144.45
2017-06-27T17:54:00Z,144.445,144.49,144.385,144.4756
2017-06-27T17:55:00Z,144.47,144.58,144.47,144.56
2017-06-27T17:56:00Z,144.56,144.59,144.43,144.53
2017-06-27T17:57:00Z,144.52,144.63,144.52,144.62
2017-06-27T17:58:00Z,144.62,144.62,144.45,144.46
2017-06-27T17:59:00Z,144.45,144.5,144.3654,144.49
2017-06-27T18:00:00Z,144.49,144.64,144.49,144.63
2017-06-27T18:01:00Z,144.62,144.66,144.58,144.65
2017-06-27T18:02:00Z,144.65,144.65,144.51,144.53
2017-06-27T18:03:00Z,144.54,144.57,144.46,144.5161
2017-06-27T18:04:00Z,144.52,144.5299,144.37,144.47
2017-06-27T18:05:00Z,144.49,144.49,144.28,144.285
2017-06-27T18:06:00Z,144.28,144.35,144.2,144.32
2017-06-27T18:07:00Z,144.3147,144.45,144.31,144.3708
2017-06-27T18:08:00Z,144.39,144.44,144.33,144.35
2017-06-27T18:09:00Z,144.3529,144.4,144.23,144.39
2017-06-27T18:10:00Z,144.39,144.4584,144.33,144.41
2017-06-27T18:11:00Z,144.43,144.455,144.34,144.42
2017-06-27T18:12:00Z,144.41,144.41,144.31,144.31
2017-06-27T18:13:00Z,144.3,144.45,144.15,144.42
2017-06-27T18:14:00Z,144.41,144.41,144.17,144.31
2017-06-27T18:15:00Z,144.31,144.34,144.17,144.2
2017-06-27T18:16:00Z,144.2,144.34,144.18,144.339
2017-06-27T18:17:00Z,144.34,144.35,144.24,144.34
2017-06-27T18:18:00Z,144.35,144.44,144.3346,144.39
2017-06-27T18:19:00Z,144.3865,144.49,144.3865,144.46
2017-06-27T18:20:00Z,144.44,144.45,144.37,144.38
2017-06-27T18:21:00Z,144.375,144.415,144.32,144.35
2017-06-27T18:22:00Z,144.35,144.36,144.28,144.31
2017-06-27T18:23:00Z,144.31,144.38,144.285,144.3
2017-06-27T18:24:00Z,144.3,144.35,144.27,144.29
2017-06-27T18:25:00Z,144.29,144.35,144.26,144.35
2017-06-27T18:26:00Z,144.35,144.56,144.35,144.56
2017-06-27T18:27:00Z,144.56,144.58,144.46,144.51
2017-06-27T18:28:00Z,144.5145,144.595,144.46,144.46
2017-06-27T18:29:00Z,144.46,144.56,144.46,144.5245
2017-06-27T18:30:00Z,144.53,144.54,144.48,144.49
2017-06-27T18:31:00Z,144.49,144.57,144.49,144.5509
2017-06-27T18:32:00Z,144.56,144.66,144.53,144.62
2017-06-27T18:33:00Z,144.625,144.66,144.5699,144.64
2017-06-27T18:34:00Z,144.637,144.68,144.58,144.59
2017-06-27T18:35:00Z,144.6,144.65,144.52,144.5263
2017-06-27T18:36:00Z,144.52,144.59,144.49,144.53
2017-06-27T18:37:00Z,144.54,144.57,144.49,144.52
2017-06-27T18:38:00Z,144.5299,144.555,144.45,144.45
2017-06-27T18:39:00Z,144.45,144.4801,144.41,144.44
2017-06-27T18:40:00Z,144.446,144.486,144.38,144.41
2017-06-27T18:41:00Z,144.4,144.43,144.37,144.42
2017-06-27T18:42:00Z,144.42,144.43,144.27,144.3428
2017-06-27T18:43:00Z,144.34,144.435,144.3165,144.435
2017-06-27T18:44:00Z,144.43,144.43,144.3583,144.375
2017-06-27T18:45:00Z,144.3756,144.42,144.3733,144.4
2017-06-27T18:46:00Z,144.4,144.46,144.39,144.455
2017-06-27T18:47:00Z,144.4534,144.56,144.4534,144.52
2017-06-27T18:48:00Z,144.52,144.56,144.51,144.56
2017-06-27T18:49:00Z,144.54,144.56,144.51,144.54
2017-06-27T18:50:00Z,144.54,144.63,144.53,144.585
2017-06-27T18:51:00Z,144.58,144.585,144.52,144.5211
2017-06-27T18:52:00Z,144.5238,144.56,144.51,144.55
2017-06-27T18:53:00Z,144.555,144.605,144.53,144.54
2017-06-27T18:54:00Z,144.54,144.54,144.48,144.49
2017-06-27T18:55:00Z,144.4931,144.5899,144.49,144.57
2017-06-27T18:56:00Z,144.565,144.575,144.49,144.4953
2017-06-27T18:57:00Z,144.5,144.555,144.495,144.51
2017-06-27T18:58:00Z,144.51,144.555,144.48,144.54
2017-06-27T18:59:00Z,144.53,144.58,144.53,144.57
2017-06-27T19:00:00Z,144.57,144.5899,144.5,144.5899
2017-06-27T19:01:00Z,144.59,144.69,144.59,144.665
2017-06-27T19:02:00Z,144.66,144.7315,144.65,144.7
2017-06-27T19:03:00Z,144.71,144.77,144.705,144.7601
2017-06-27T19:04:00Z,144.77,144.78,144.73,144.74
2017-06-27T19:05:00Z,144.73,144.73,144.62,144.64
2017-06-27T19:06:00Z,144.62,144.6253,144.45,144.51
2017-06-27T19:07:00Z,144.51,144.56,144.45,144.54
2017-06-27T19:08:00Z,144.54,144.6,144.5,144.6
2017-06-27T19:09:00Z,144.6,144.75,144.51,144.57
2017-06-27T19:10:00Z,144.57,144.6199,144.53,144.5875
2017-06-27T19:11:00Z,144.5933,144.62,144.54,144.5722
2017-06-27T19:12:00Z,144.5644,144.66,144.561,144.65
2017-06-27T19:13:00Z,144.65,144.66,144.58,144.59
2017-06-27T19:14:00Z,144.605,144.605,144.5634,144.59
2017-06-27T19:15:00Z,144.59,144.63,144.48,144.515
2017-06-27T19:16:00Z,144.518,144.541,144.5,144.5
2017-06-27T19:17:00Z,144.51,144.54,144.46,144.5
2017-06-27T19:18:00Z,144.5,144.5,144.41,144.4371
2017-06-27T19:19:00Z,144.43,144.48,144.38,144.47
2017-06-27T19:20:00Z,144.47,144.59,144.47,144.59
2017-06-27T19:21:00Z,144.58,144.58,144.505,144.505
2017-06-27T19:22:00Z,144.51,144.52,144.475,144.5
2017-06-27T19:23:00Z,144.5047,144.54,144.44,144.54
2017-06-27T19:24:00Z,144.54,144.55,144.45,144.45
2017-06-27T19:25:00Z,144.45,144.45,144.3,144.32
2017-06-27T19:26:00Z,144.32,144.335,144.17,144.24
2017-06-27T19:27:00Z,144.26,144.33,144.22,144.3
2017-06-27T19:28:00Z,144.3,144.37,144.17,144.17
2017-06-27T19:29:00Z,144.18,144.36,144.18,144.36
2017-06-27T19:30:00Z,144.355,144.36,144.23,144.35
2017-06-27T19:31:00Z,144.35,144.4355,144.3142,144.37
2017-06-27T19:32:00Z,144.375,144.38,144.29,144.34
2017-06-27T19:33:00Z,144.33,144.38,144.3001,144.365
2017-06-27T19:34:00Z,144.37,144.39,144.06,144.0881
2017-06-27T19:35:00Z,144.09,144.18,144.0792,144.18
2017-06-27T19:36:00Z,144.19,144.225,144.1,144.193
2017-06-27T19:37:00Z,144.19,144.27,144.1,144.23
2017-06-27T19:38:00Z,144.22,144.38,144.2,144.33
2017-06-27T19:39:00Z,144.34,144.35,144.26,144.26
2017-06-27T19:40:00Z,144.27,144.275,144.1,144.11
2017-06-27T19:41:00Z,144.12,144.19,144.07,144.1708
2017-06-27T19:42:00Z,144.18,144.33,144.175,144.31
2017-06-27T19:43:00Z,144.31,144.32,144.25,144.3
2017-06-27T19:44:00Z,144.3028,144.31,144.25,144.285
2017-06-27T19:45:00Z,144.29,144.43,144.25,144.43
2017-06-27T19:46:00Z,144.43,144.4616,144.365,144.37
2017-06-27T19:47:00Z,144.38,144.41,144.35,144.375
2017-06-27T19:48:00Z,144.38,144.45,144.36,144.42
2017-06-27T19:49:00Z,144.43,144.4567,144.19,144.3
2017-06-27T19:50:00Z,144.3,144.3,144.15,144.23
2017-06-27T19:51:00Z,144.23,144.237,144.09,144.16
2017-06-27T19:52:00Z,144.1583,144.1583,143.985,144.115
2017-06-27T19:53:00Z,144.0946,144.16,143.96,143.975
2017-06-27T19:54:00Z,143.98,144.02,143.92,143.9401
2017-06-27T19:55:00Z,143.95,144,143.86,143.9551
2017-06-27T19:56:00Z,143.95,144.1,143.92,144.0575
2017-06-27T19:57:00Z,144.06,144.14,144,144.08
2017-06-27T19:58:00Z,144.08,144.13,143.96,144.05
2017-06-27T19:59:00Z,144.05,144.13,143.62,143.77
