2020-09-17T13:30:00Z,109.7,109.77,108.71,109.07
2020-09-17T13:31:00Z,109.1,109.88,109.02,109.4141
2020-09-17T13:32:00Z,109.4198,109.65,108.88,109.4403
2020-09-17T13:33:00Z,109.39,109.72,109.327,109.4594
2020-09-17T13:34:00Z,109.45,109.64,109.235,109.31
2020-09-17T13:35:00Z,109.31,109.96,109.18,109.9255
2020-09-17T13:36:00Z,109.905,110.24,109.77,110.16
2020-09-17T13:37:00Z,110.14,110.15,109.7,110.05
2020-09-17T13:38:00Z,110.03,110.1,109.86,109.95
2020-09-17T13:39:00Z,109.94,109.96,109.58,109.6489
2020-09-17T13:40:00Z,109.635,109.85,109.54,109.5742
2020-09-17T13:41:00Z,109.585,109.78,109.27,109.27
2020-09-17T13:42:00Z,109.29,109.539,109.17,109.44
2020-09-17T13:43:00Z,109.45,109.79,109.43,109.65
2020-09-17T13:44:00Z,109.65,109.79,109.46,109.582
2020-09-17T13:45:00Z,109.6,109.94,109.595,109.81
2020-09-17T13:46:00Z,109.81,110.1098,109.6545,110.085
2020-09-17T13:47:00Z,110.0848,110.1,109.88,109.94
2020-09-17T13:48:00Z,109.95,109.95,109.64,109.735
2020-09-17T13:49:00Z,109.73,109.84,109.56,109.6767
2020-09-17T13:50:00Z,109.68,110.4,109.655,110.36
2020-09-17T13:51:00Z,110.3887,110.48,110.1907,110.34
2020-09-17T13:52:00Z,110.36,110.66,110.31,110.62
2020-09-17T13:53:00Z,110.6,110.66,110.43,110.46
2020-09-17T13:54:00Z,110.4641,110.74,110.45,110.61
2020-09-17T13:55:00Z,110.61,110.85,110.61,110.71
2020-09-17T13:56:00Z,110.7,110.73,110.25,110.3198
2020-09-17T13:57:00Z,110.29,110.36,110.03,110.0538
2020-09-17T13:58:00Z,110.05,110.2,110,110.0916
2020-09-17T13:59:00Z,110.09,110.38,110.09,110.37
2020-09-17T14:00:00Z,110.36,110.58,110.2736,110.36
2020-09-17T14:01:00Z,110.3705,110.48,110.13,110.155
2020-09-17T14:02:00Z,110.1793,110.33,109.91,110.04
2020-09-17T14:03:00Z,110.04,110.27,110,110.165
2020-09-17T14:04:00Z,110.16,110.22,110.06,110.1977
2020-09-17T14:05:00Z,110.21,110.65,110.1,110.592
2020-09-17T14:06:00Z,110.59,110.65,110.47,110.64
2020-09-17T14:07:00Z,110.63,110.69,110.46,110.5
2020-09-17T14:08:00Z,110.5,110.73,110.49,110.6659
2020-09-17T14:09:00Z,110.6515,110.74,110.46,110.52
2020-09-17T14:10:00Z,110.51,110.81,110.37,110.8
2020-09-17T14:11:00Z,110.8,111.18,110.78,111.0196
2020-09-17T14:12:00Z,111.02,111.02,110.84,110.912
2020-09-17T14:13:00Z,110.9,110.924,110.72,110.8278
2020-09-17T14:14:00Z,110.82,110.99,110.78,110.97
2020-09-17T14:15:00Z,110.97,110.97,110.7,110.83
2020-09-17T14:16:00Z,110.83,110.95,110.56,110.58
2020-09-17T14:17:00Z,110.581,110.74,110.46,110.4801
2020-09-17T14:18:00Z,110.51,110.66,110.5,110.6063
2020-09-17T14:19:00Z,110.61,110.9,110.61,110.8477
2020-09-17T14:20:00Z,110.83,111.09,110.75,111.04
2020-09-17T14:21:00Z,111.0313,111.0585,110.91,111.04
2020-09-17T14:22:00Z,111.02,111.03,110.59,110.64
2020-09-17T14:23:00Z,110.645,110.74,110.24,110.37
2020-09-17T14:24:00Z,110.357,110.47,110.21,110.2725
2020-09-17T14:25:00Z,110.26,110.31,110.04,110.0857
2020-09-17T14:26:00Z,110.09,110.19,109.91,110.03
2020-09-17T14:27:00Z,110.04,110.17,109.9975,110.115
2020-09-17T14:28:00Z,110.12,110.15,109.9734,110.13
2020-09-17T14:29:00Z,110.125,110.22,110.06,110.2105
2020-09-17T14:30:00Z,110.23,110.23,109.93,109.98
2020-09-17T14:31:00Z,110,110.01,109.8,109.82
2020-09-17T14:32:00Z,109.82,110.11,109.81,109.97
2020-09-17T14:33:00Z,109.9594,110.08,109.8,110.04
2020-09-17T14:34:00Z,110.06,110.37,110.01,110.35
2020-09-17T14:35:00Z,110.3499,110.4,109.07,110.1275
2020-09-17T14:36:00Z,110.14,110.22,110.05,110.05
2020-09-17T14:37:00Z,110.05,110.16,109.92,110.06
2020-09-17T14:38:00Z,110.08,110.2194,109.97,110.18
2020-09-17T14:39:00Z,110.1803,110.33,110.11,110.316
2020-09-17T14:40:00Z,110.31,110.39,110.19,110.3707
2020-09-17T14:41:00Z,110.37,110.385,110.25,110.3001
2020-09-17T14:42:00Z,110.32,110.88,110.27,110.86
2020-09-17T14:43:00Z,110.86,110.94,110.75,110.8462
2020-09-17T14:44:00Z,110.83,110.96,110.69,110.85
2020-09-17T14:45:00Z,110.85,111.23,110.8289,111.1599
2020-09-17T14:46:00Z,111.13,111.16,110.95,111
2020-09-17T14:47:00Z,110.99,111.0501,110.92,111.035
2020-09-17T14:48:00Z,111.04,111.27,110.93,110.95
2020-09-17T14:49:00Z,110.95,111.1061,110.76,110.83
2020-09-17T14:50:00Z,110.83,111.07,110.83,110.9832
2020-09-17T14:51:00Z,110.985,111.22,110.98,111.07
2020-09-17T14:52:00Z,111.06,111.17,111,111.15
2020-09-17T14:53:00Z,111.16,111.44,111.15,111.395
2020-09-17T14:54:00Z,111.38,111.525,111.251,111.4084
2020-09-17T14:55:00Z,111.4099,111.46,111.13,111.19
2020-09-17T14:56:00Z,111.2009,111.324,111.14,111.1515
2020-09-17T14:57:00Z,111.16,111.28,111.04,111.0701
2020-09-17T14:58:00Z,111.08,111.13,110.86,110.95
2020-09-17T14:59:00Z,110.94,111.05,110.83,110.905
2020-09-17T15:00:00Z,110.9046,111.2885,110.9,111.18
2020-09-17T15:01:00Z,111.1724,111.48,111.1724,111.42
2020-09-17T15:02:00Z,111.428,111.78,111.41,111.66
2020-09-17T15:03:00Z,111.6561,111.72,111.52,111.71
2020-09-17T15:04:00Z,111.7199,111.74,111.63,111.65
2020-09-17T15:05:00Z,111.655,111.67,111.491,111.56
2020-09-17T15:06:00Z,111.56,111.84,111.5,111.8373
2020-09-17T15:07:00Z,111.8358,111.8358,111.6306,111.6702
2020-09-17T15:08:00Z,111.67,111.675,111.44,111.54
2020-09-17T15:09:00Z,111.5499,111.679,111.4704,111.6
2020-09-17T15:10:00Z,111.595,111.88,111.52,111.8499
2020-09-17T15:11:00Z,111.84,111.88,111.68,111.755
2020-09-17T15:12:00Z,111.75,111.7533,111.57,111.7285
2020-09-17T15:13:00Z,111.7001,111.99,111.7,111.81
2020-09-17T15:14:00Z,111.824,111.9599,111.65,111.95
2020-09-17T15:15:00Z,111.935,112.2,111.93,112.08
2020-09-17T15:16:00Z,112.0799,112.1399,111.94,112.09
2020-09-17T15:17:00Z,112.08,112.08,111.7,111.81
2020-09-17T15:18:00Z,111.8,111.83,111.6,111.6465
2020-09-17T15:19:00Z,111.65,111.78,111.56,111.6399
2020-09-17T15:20:00Z,111.635,111.69,111.5,111.564
2020-09-17T15:21:00Z,111.555,111.61,111.37,111.4499
2020-09-17T15:22:00Z,111.44,111.5,111.355,111.4
2020-09-17T15:23:00Z,111.4177,111.69,111.4,111.67
2020-09-17T15:24:00Z,111.68,111.7,111.41,111.45
2020-09-17T15:25:00Z,111.4555,111.5877,111.43,111.45
2020-09-17T15:26:00Z,111.4579,111.65,111.4315,111.63
2020-09-17T15:27:00Z,111.625,111.74,111.54,111.725
2020-09-17T15:28:00Z,111.72,111.84,111.61,111.6261
2020-09-17T15:29:00Z,111.6285,111.6856,111.54,111.65
2020-09-17T15:30:00Z,111.64,111.78,111.55,111.58
2020-09-17T15:31:00Z,111.58,111.69,111.5,111.645
2020-09-17T15:32:00Z,111.6401,111.885,111.6,111.84
2020-09-17T15:33:00Z,111.84,111.8777,111.46,111.5
2020-09-17T15:34:00Z,111.51,111.53,111.18,111.27
2020-09-17T15:35:00Z,111.29,111.38,111.18,111.2582
2020-09-17T15:36:00Z,111.26,111.355,111.17,111.3399
2020-09-17T15:37:00Z,111.32,111.44,111.24,111.389
2020-09-17T15:38:00Z,111.3963,111.3963,111.22,111.2777
2020-09-17T15:39:00Z,111.2724,111.38,111.18,111.31
2020-09-17T15:40:00Z,111.3,111.47,111.13,111.18
2020-09-17T15:41:00Z,111.16,111.16,110.98,111.01
2020-09-17T15:42:00Z,111.01,111.19,110.97,111.0868
2020-09-17T15:43:00Z,111.0747,111.09,110.9,110.91
2020-09-17T15:44:00Z,110.92,110.98,110.81,110.9
2020-09-17T15:45:00Z,110.91,111.05,110.83,110.88
2020-09-17T15:46:00Z,110.8782,110.93,110.75,110.8452
2020-09-17T15:47:00Z,110.8324,110.89,110.7,110.7103
2020-09-17T15:48:00Z,110.7115,110.84,110.65,110.78
2020-09-17T15:49:00Z,110.78,110.9,110.68,110.7069
2020-09-17T15:50:00Z,110.7097,110.82,110.62,110.64
2020-09-17T15:51:00Z,110.6599,110.7,110.44,110.49
2020-09-17T15:52:00Z,110.4849,110.52,110.4,110.44
2020-09-17T15:53:00Z,110.4324,110.58,110.4005,110.53
2020-09-17T15:54:00Z,110.53,110.64,110.5024,110.6224
2020-09-17T15:55:00Z,110.64,110.72,110.55,110.5657
2020-09-17T15:56:00Z,110.55,110.56,110.21,110.21
2020-09-17T15:57:00Z,110.2461,110.37,110.2,110.2816
2020-09-17T15:58:00Z,110.28,110.41,110.26,110.3813
2020-09-17T15:59:00Z,110.37,110.38,110.23,110.3
2020-09-17T16:00:00Z,110.29,110.38,110.23,110.3
2020-09-17T16:01:00Z,110.3,110.6,110.3,110.485
2020-09-17T16:02:00Z,110.48,110.484,110.2,110.41
2020-09-17T16:03:00Z,110.41,110.6,110.26,110.56
2020-09-17T16:04:00Z,110.56,110.67,110.43,110.52
2020-09-17T16:05:00Z,110.52,110.59,110.41,110.42
2020-09-17T16:06:00Z,110.46,110.46,110.29,110.35
2020-09-17T16:07:00Z,110.33,110.43,110.12,110.14
2020-09-17T16:08:00Z,110.14,110.29,110.11,110.1226
2020-09-17T16:09:00Z,110.1101,110.21,110.07,110.15
2020-09-17T16:10:00Z,110.1464,110.26,109.91,109.99
2020-09-17T16:11:00Z,109.9801,110.05,109.75,109.77
2020-09-17T16:12:00Z,109.785,109.87,109.59,109.62
2020-09-17T16:13:00Z,109.6287,109.85,109.6101,109.83
2020-09-17T16:14:00Z,109.8278,109.85,109.51,109.67
2020-09-17T16:15:00Z,109.67,109.7801,109.61,109.7524
2020-09-17T16:16:00Z,109.769,110.12,109.769,110.01
2020-09-17T16:17:00Z,110.0032,110.0271,109.545,109.59
2020-09-17T16:18:00Z,109.59,109.75,109.46,109.69
2020-09-17T16:19:00Z,109.7,109.87,109.6801,109.735
2020-09-17T16:20:00Z,109.74,109.78,109.58,109.7
2020-09-17T16:21:00Z,109.68,109.94,109.68,109.93
2020-09-17T16:22:00Z,109.93,109.95,109.79,109.8799
2020-09-17T16:23:00Z,109.88,109.88,109.76,109.8277
2020-09-17T16:24:00Z,109.82,109.82,109.55,109.7652
2020-09-17T16:25:00Z,109.765,109.8098,109.54,109.6
2020-09-17T16:26:00Z,109.6,109.7,109.5,109.63
2020-09-17T16:27:00Z,109.63,109.81,109.55,109.8
2020-09-17T16:28:00Z,109.81,109.88,109.65,109.7543
2020-09-17T16:29:00Z,109.75,109.93,109.7301,109.8901
2020-09-17T16:30:00Z,109.87,109.9499,109.64,109.84
2020-09-17T16:31:00Z,109.8201,110.06,109.81,109.824
2020-09-17T16:32:00Z,109.82,109.82,109.61,109.7177
2020-09-17T16:33:00Z,109.72,109.74,109.52,109.5377
2020-09-17T16:34:00Z,109.52,109.6,109.45,109.59
2020-09-17T16:35:00Z,109.59,109.69,109.37,109.5
2020-09-17T16:36:00Z,109.48,109.5,109.36,109.429
2020-09-17T16:37:00Z,109.425,109.52,109.22,109.4343
2020-09-17T16:38:00Z,109.45,109.84,109.3981,109.7948
2020-09-17T16:39:00Z,109.78,109.95,109.7,109.821
2020-09-17T16:40:00Z,109.83,109.95,109.75,109.94
2020-09-17T16:41:00Z,109.94,109.95,109.6,109.68
2020-09-17T16:42:00Z,109.675,109.85,109.66,109.7076
2020-09-17T16:43:00Z,109.7,109.76,109.51,109.58
2020-09-17T16:44:00Z,109.5877,109.75,109.5,109.7
2020-09-17T16:45:00Z,109.7,109.73,109.54,109.58
2020-09-17T16:46:00Z,109.5701,109.59,109.13,109.248
2020-09-17T16:47:00Z,109.235,109.3299,108.96,109.09
2020-09-17T16:48:00Z,109.084,109.26,109.084,109.18
2020-09-17T16:49:00Z,109.18,109.42,109.16,109.18
2020-09-17T16:50:00Z,109.1854,109.24,109.02,109.12
2020-09-17T16:51:00Z,109.13,109.37,109.125,109.315
2020-09-17T16:52:00Z,109.32,109.35,109.11,109.23
2020-09-17T16:53:00Z,109.25,109.48,109.15,109.37
2020-09-17T16:54:00Z,109.3701,109.56,109.26,109.51
2020-09-17T16:55:00Z,109.5004,109.62,109.38,109.5938
2020-09-17T16:56:00Z,109.5801,109.63,109.41,109.6
2020-09-17T16:57:00Z,109.605,109.68,109.56,109.655
2020-09-17T16:58:00Z,109.66,109.73,109.64,109.69
2020-09-17T16:59:00Z,109.6817,109.79,109.54,109.75
2020-09-17T17:00:00Z,109.75,109.77,109.63,109.73
2020-09-17T17:01:00Z,109.735,109.76,109.63,109.68
2020-09-17T17:02:00Z,109.69,109.71,109.56,109.665
2020-09-17T17:03:00Z,109.6684,109.75,109.58,109.6034
2020-09-17T17:04:00Z,109.6016,109.65,109.5,109.51
2020-09-17T17:05:00Z,109.51,109.65,109.37,109.6399
2020-09-17T17:06:00Z,109.61,109.74,109.51,109.7197
2020-09-17T17:07:00Z,109.73,109.97,109.71,109.86
2020-09-17T17:08:00Z,109.88,110.08,109.7787,110.08
2020-09-17T17:09:00Z,110.08,110.1,109.89,110.0184
2020-09-17T17:10:00Z,110.01,110.1,109.89,109.96
2020-09-17T17:11:00Z,109.96,109.97,109.82,109.84
2020-09-17T17:12:00Z,109.84,109.98,109.81,109.8599
2020-09-17T17:13:00Z,109.8684,109.96,109.78,109.8387
2020-09-17T17:14:00Z,109.82,109.92,109.8,109.869
2020-09-17T17:15:00Z,109.88,109.92,109.68,109.72
2020-09-17T17:16:00Z,109.7241,109.76,109.41,109.469
2020-09-17T17:17:00Z,109.46,109.55,109.44,109.4802
2020-09-17T17:18:00Z,109.5,109.55,109.43,109.518
2020-09-17T17:19:00Z,109.53,109.55,109.45,109.52
2020-09-17T17:20:00Z,109.53,109.61,109.43,109.5945
2020-09-17T17:21:00Z,109.59,109.73,109.55,109.68
2020-09-17T17:22:00Z,109.6701,109.69,109.61,109.63
2020-09-17T17:23:00Z,109.61,109.61,109.46,109.5
2020-09-17T17:24:00Z,109.51,109.67,109.5,109.64
2020-09-17T17:25:00Z,109.64,109.75,109.64,109.75
2020-09-17T17:26:00Z,109.74,109.75,109.62,109.68
2020-09-17T17:27:00Z,109.6784,109.69,109.52,109.63
2020-09-17T17:28:00Z,109.63,109.7626,109.56,109.7
2020-09-17T17:29:00Z,109.7,109.905,109.7,109.8601
2020-09-17T17:30:00Z,109.87,109.92,109.77,109.8941
2020-09-17T17:31:00Z,109.895,110.08,109.89,110.062
2020-09-17T17:32:00Z,110.08,110.15,109.98,110.0777
2020-09-17T17:33:00Z,110.07,110.2,110.01,110.2
2020-09-17T17:34:00Z,110.1877,110.2,110.1,110.18
2020-09-17T17:35:00Z,110.19,110.27,110.12,110.2676
2020-09-17T17:36:00Z,110.263,110.45,110.22,110.3799
2020-09-17T17:37:00Z,110.35,110.4,110.27,110.29
2020-09-17T17:38:00Z,110.2701,110.2887,110.1015,110.175
2020-09-17T17:39:00Z,110.16,110.25,110.12,110.1201
2020-09-17T17:40:00Z,110.13,110.18,110.01,110.0108
2020-09-17T17:41:00Z,110.0101,110.14,109.97,109.98
2020-09-17T17:42:00Z,109.9812,110.18,109.98,110.165
2020-09-17T17:43:00Z,110.1699,110.42,110.15,110.42
2020-09-17T17:44:00Z,110.4299,110.46,110.33,110.36
2020-09-17T17:45:00Z,110.35,110.39,110.2507,110.31
2020-09-17T17:46:00Z,110.3,110.32,110.22,110.2385
2020-09-17T17:47:00Z,110.235,110.24,110.13,110.19
2020-09-17T17:48:00Z,110.1992,110.3,110.15,110.2601
2020-09-17T17:49:00Z,110.2605,110.38,110.2493,110.31
2020-09-17T17:50:00Z,110.3194,110.33,110.0757,110.14
2020-09-17T17:51:00Z,110.1477,110.2,110.08,110.125
2020-09-17T17:52:00Z,110.12,110.2399,110.1,110.114
2020-09-17T17:53:00Z,110.12,110.25,110.05,110.121
2020-09-17T17:54:00Z,110.137,110.17,109.99,110.08
2020-09-17T17:55:00Z,110.0777,110.13,109.98,110.01
2020-09-17T17:56:00Z,110.005,110.0099,109.81,109.8685
2020-09-17T17:57:00Z,109.86,109.96,109.75,109.802
2020-09-17T17:58:00Z,109.802,109.92,109.79,109.92
2020-09-17T17:59:00Z,109.92,110.04,109,109.9037
2020-09-17T18:00:00Z,109.9,110.08,109.88,110
2020-09-17T18:01:00Z,110,110.02,109.8304,109.97
2020-09-17T18:02:00Z,109.9734,110.18,109.91,110.1722
2020-09-17T18:03:00Z,110.18,110.1834,110.09,110.15
2020-09-17T18:04:00Z,110.1401,110.17,110.05,110.1316
2020-09-17T18:05:00Z,110.12,110.25,110.0816,110.2084
2020-09-17T18:06:00Z,110.205,110.27,110.15,110.25
2020-09-17T18:07:00Z,110.24,110.29,110.22,110.27
2020-09-17T18:08:00Z,110.27,110.28,110.16,110.17
2020-09-17T18:09:00Z,110.167,110.2,110.12,110.1659
2020-09-17T18:10:00Z,110.17,110.28,110.16,110.2799
2020-09-17T18:11:00Z,110.28,110.42,110.24,110.3377
2020-09-17T18:12:00Z,110.332,110.48,110.33,110.385
2020-09-17T18:13:00Z,110.38,110.43,110.33,110.417
2020-09-17T18:14:00Z,110.42,110.44,110.31,110.36
2020-09-17T18:15:00Z,110.36,110.405,110.3306,110.375
2020-09-17T18:16:00Z,110.3708,110.38,110.17,110.2316
2020-09-17T18:17:00Z,110.221,110.29,110.08,110.08
2020-09-17T18:18:00Z,110.07,110.11,110,110.04
2020-09-17T18:19:00Z,110.05,110.14,110.03,110.12
2020-09-17T18:20:00Z,110.11,110.15,109.9516,110.01
2020-09-17T18:21:00Z,109.99,110.06,109.8822,109.9
2020-09-17T18:22:00Z,109.91,110.03,109.89,109.9507
2020-09-17T18:23:00Z,109.96,110.14,109.9,110.1
2020-09-17T18:24:00Z,110.098,110.1,109.96,109.9893
2020-09-17T18:25:00Z,109.99,110.07,109.9,110.0301
2020-09-17T18:26:00Z,110.03,110.06,109.92,109.98
2020-09-17T18:27:00Z,109.99,110.01,109.72,109.73
2020-09-17T18:28:00Z,109.72,109.78,109.546,109.6
2020-09-17T18:29:00Z,109.59,109.67,109.47,109.48
2020-09-17T18:30:00Z,109.4701,109.6,109.42,109.545
2020-09-17T18:31:00Z,109.549,109.64,109.52,109.619
2020-09-17T18:32:00Z,109.6,109.6,109.47,109.57
2020-09-17T18:33:00Z,109.57,109.6099,109.51,109.5258
2020-09-17T18:34:00Z,109.52,109.5499,109.36,109.38
2020-09-17T18:35:00Z,109.39,109.45,109.34,109.37
2020-09-17T18:36:00Z,109.37,109.3895,109.23,109.24
2020-09-17T18:37:00Z,109.24,109.38,109.23,109.36
2020-09-17T18:38:00Z,109.359,109.39,109.25,109.26
2020-09-17T18:39:00Z,109.2677,109.2677,109.13,109.175
2020-09-17T18:40:00Z,109.18,109.25,109.1,109.175
2020-09-17T18:41:00Z,109.175,109.45,109.1701,109.4
2020-09-17T18:42:00Z,109.4199,109.4199,109.275,109.3164
2020-09-17T18:43:00Z,109.31,109.4,109.2601,109.3899
2020-09-17T18:44:00Z,109.39,109.46,109.32,109.355
2020-09-17T18:45:00Z,109.35,109.37,109.2601,109.331
2020-09-17T18:46:00Z,109.3399,109.3399,109.215,109.295
2020-09-17T18:47:00Z,109.28,109.35,109.26,109.345
2020-09-17T18:48:00Z,109.3499,109.52,109.33,109.49
2020-09-17T18:49:00Z,109.4876,109.55,109.45,109.4898
2020-09-17T18:50:00Z,109.48,109.52,109.34,109.3527
2020-09-17T18:51:00Z,109.36,109.4399,109.31,109.4
2020-09-17T18:52:00Z,109.39,109.4,109.28,109.374
2020-09-17T18:53:00Z,109.3601,109.42,109.31,109.373
2020-09-17T18:54:00Z,109.37,109.61,109.37,109.5415
2020-09-17T18:55:00Z,109.5385,109.72,109.47,109.705
2020-09-17T18:56:00Z,109.705,109.705,109.56,109.58
2020-09-17T18:57:00Z,109.5794,109.625,109.5015,109.54
2020-09-17T18:58:00Z,109.54,109.65,109.53,109.56
2020-09-17T18:59:00Z,109.565,109.57,109.38,109.41
2020-09-17T19:00:00Z,109.41,109.54,109.225,109.27
2020-09-17T19:01:00Z,109.25,109.32,109.21,109.2545
2020-09-17T19:02:00Z,109.25,109.2899,109.09,109.16
2020-09-17T19:03:00Z,109.1513,109.18,109.04,109.0403
2020-09-17T19:04:00Z,109.04,109.09,109,109.01
2020-09-17T19:05:00Z,109.01,109.05,108.96,108.9894
2020-09-17T19:06:00Z,108.9893,109.11,108.96,109.045
2020-09-17T19:07:00Z,109.0401,109.23,109.035,109.18
2020-09-17T19:08:00Z,109.1715,109.35,109.1701,109.21
2020-09-17T19:09:00Z,109.2,109.2836,109.12,109.1553
2020-09-17T19:10:00Z,109.1559,109.41,109.14,109.34
2020-09-17T19:11:00Z,109.345,109.66,109.32,109.6093
2020-09-17T19:12:00Z,109.605,109.61,109.455,109.46
2020-09-17T19:13:00Z,109.46,109.84,109.45,109.7648
2020-09-17T19:14:00Z,109.76,109.9,109.67,109.83
2020-09-17T19:15:00Z,109.8201,109.875,109.63,109.665
2020-09-17T19:16:00Z,109.66,109.88,109.61,109.85
2020-09-17T19:17:00Z,109.86,109.88,109.66,109.7343
2020-09-17T19:18:00Z,109.7314,109.82,109.7,109.76
2020-09-17T19:19:00Z,109.7677,109.78,109.61,109.635
2020-09-17T19:20:00Z,109.63,109.81,109.63,109.8
2020-09-17T19:21:00Z,109.8052,109.85,109.71,109.7796
2020-09-17T19:22:00Z,109.77,109.77,109.58,109.615
2020-09-17T19:23:00Z,109.6177,109.76,109.61,109.6799
2020-09-17T19:24:00Z,109.6755,109.68,109.4099,109.42
2020-09-17T19:25:00Z,109.41,109.44,109.2301,109.2898
2020-09-17T19:26:00Z,109.28,109.29,109.16,109.2501
2020-09-17T19:27:00Z,109.2522,109.275,109.15,109.2
2020-09-17T19:28:00Z,109.2,109.234,109.13,109.2299
2020-09-17T19:29:00Z,109.23,109.27,109.1353,109.1977
2020-09-17T19:30:00Z,109.18,109.3,109.11,109.2607
2020-09-17T19:31:00Z,109.2679,109.4607,109.21,109.4607
2020-09-17T19:32:00Z,109.47,109.72,109.43,109.6653
2020-09-17T19:33:00Z,109.66,109.79,109.61,109.6992
2020-09-17T19:34:00Z,109.695,109.87,109.68,109.83
2020-09-17T19:35:00Z,109.8285,110.05,109.69,109.94
2020-09-17T19:36:00Z,109.94,110,109.85,109.8901
2020-09-17T19:37:00Z,109.896,109.99,109.7819,109.785
2020-09-17T19:38:00Z,109.79,109.93,109.68,109.8299
2020-09-17T19:39:00Z,109.835,109.9627,109.83,109.96
2020-09-17T19:40:00Z,109.96,110.18,109.96,110.0602
2020-09-17T19:41:00Z,110.06,110.1,109.95,110.0765
2020-09-17T19:42:00Z,110.08,110.15,110.01,110.0977
2020-09-17T19:43:00Z,110.09,110.14,110,110.05
2020-09-17T19:44:00Z,110.04,110.11,109.86,109.9
2020-09-17T19:45:00Z,109.9,110.09,109.89,109.99
2020-09-17T19:46:00Z,109.98,110.01,109.78,109.82
2020-09-17T19:47:00Z,109.82,109.92,109.8,109.8998
2020-09-17T19:48:00Z,109.91,110.25,109.8701,110.2152
2020-09-17T19:49:00Z,110.215,110.25,110.08,110.13
2020-09-17T19:50:00Z,110.13,110.325,110.04,110.2855
2020-09-17T19:51:00Z,110.2815,110.3,110.15,110.2501
2020-09-17T19:52:00Z,110.25,110.53,110.24,110.52
2020-09-17T19:53:00Z,110.5,110.67,110.43,110.545
2020-09-17T19:54:00Z,110.53,110.59,110.24,110.27
2020-09-17T19:55:00Z,110.26,110.59,110.26,110.57
2020-09-17T19:56:00Z,110.57,110.59,110.13,110.16
2020-09-17T19:57:00Z,110.14,110.22,110.06,110.16
2020-09-17T19:58:00Z,110.1599,110.26,110.13,110.15
2020-09-17T19:59:00Z,110.15,110.56,110.08,110.33
