2018-04-17T13:30:00Z,176.42,176.86,176.41,176.57
2018-04-17T13:31:00Z,176.5626,177.02,176.55,176.8
2018-04-17T13:32:00Z,176.78,177.12,176.69,177.043
2018-04-17T13:33:00Z,177.03,177.2,177.03,177.155
2018-04-17T13:34:00Z,177.16,177.24,176.75,176.83
2018-04-17T13:35:00Z,176.83,177,176.8,176.9209
2018-04-17T13:36:00Z,176.92,177.01,176.75,177.0094
2018-04-17T13:37:00Z,177.02,177.04,176.87,176.999
2018-04-17T13:38:00Z,177,177.13,176.93,177.079
2018-04-17T13:39:00Z,177.0866,177.29,177.0866,177.24
2018-04-17T13:40:00Z,177.24,177.38,177.22,177.255
2018-04-17T13:41:00Z,177.24,177.28,177.16,177.22
2018-04-17T13:42:00Z,177.23,177.29,177.18,177.27
2018-04-17T13:43:00Z,177.263,177.29,177.03,177.03
2018-04-17T13:44:00Z,177.04,177.21,177.04,177.17
2018-04-17T13:45:00Z,177.19,177.2,177.11,177.1699
2018-04-17T13:46:00Z,177.17,177.2,176.96,177.03
2018-04-17T13:47:00Z,177.03,177.1,176.9,177.01
2018-04-17T13:48:00Z,177.01,177.08,176.8994,176.98
2018-04-17T13:49:00Z,176.9756,177.11,176.9,177.05
2018-04-17T13:50:00Z,177.0515,177.1001,176.98,177.06
2018-04-17T13:51:00Z,177.06,177.1033,177.01,177.02
2018-04-17T13:52:00Z,177.01,177.0884,176.9,177.0856
2018-04-17T13:53:00Z,177.08,177.1101,177,177.04
2018-04-17T13:54:00Z,177.04,177.06,176.9,177.0401
2018-04-17T13:55:00Z,177.06,177.16,177.03,177.06
2018-04-17T13:56:00Z,177.06,177.18,177.05,177.1566
2018-04-17T13:57:00Z,177.1599,177.19,177.11,177.18
2018-04-17T13:58:00Z,177.19,177.2,177,177.055
2018-04-17T13:59:00Z,177.054,177.06,176.95,176.99
2018-04-17T14:00:00Z,176.9975,177.0798,176.97,177.0798
2018-04-17T14:01:00Z,177.08,177.2111,177.08,177.18
2018-04-17T14:02:00Z,177.19,177.3,177.19,177.28
2018-04-17T14:03:00Z,177.29,177.33,177.23,177.2358
2018-04-17T14:04:00Z,177.2438,177.31,177.22,177.245
2018-04-17T14:05:00Z,177.24,177.25,177.19,177.22
2018-04-17T14:06:00Z,177.23,177.35,177.205,177.31
2018-04-17T14:07:00Z,177.3,177.38,177.29,177.3448
2018-04-17T14:08:00Z,177.35,177.43,177.24,177.24
2018-04-17T14:09:00Z,177.23,177.27,177.07,177.1242
2018-04-17T14:10:00Z,177.13,177.2898,177.13,177.23
2018-04-17T14:11:00Z,177.24,177.34,177.24,177.29
2018-04-17T14:12:00Z,177.29,177.4,177.26,177.38
2018-04-17T14:13:00Z,177.38,177.41,177.34,177.39
2018-04-17T14:14:00Z,177.39,177.42,177.255,177.269
2018-04-17T14:15:00Z,177.25,177.41,177.25,177.35
2018-04-17T14:16:00Z,177.35,177.39,177.315,177.315
2018-04-17T14:17:00Z,177.3102,177.4,177.27,177.28
2018-04-17T14:18:00Z,177.28,177.41,177.28,177.3648
2018-04-17T14:19:00Z,177.36,177.4,177.36,177.39
2018-04-17T14:20:00Z,177.39,177.43,177.38,177.43
2018-04-17T14:21:00Z,177.4101,177.48,177.2,177.23
2018-04-17T14:22:00Z,177.23,177.33,177.2165,177.2501
2018-04-17T14:23:00Z,177.26,177.32,177.205,177.23
2018-04-17T14:24:00Z,177.25,177.37,177.25,177.34
2018-04-17T14:25:00Z,177.34,177.4,177.317,177.39
2018-04-17T14:26:00Z,177.4,177.44,177.34,177.3613
2018-04-17T14:27:00Z,177.365,177.4,177.32,177.35
2018-04-17T14:28:00Z,177.3578,177.38,177.31,177.31
2018-04-17T14:29:00Z,177.3152,177.38,177.22,177.28
2018-04-17T14:30:00Z,177.29,177.34,177.241,177.325
2018-04-17T14:31:00Z,177.33,177.35,177.23,177.24
2018-04-17T14:32:00Z,177.234,177.37,177.234,177.3699
2018-04-17T14:33:00Z,177.36,177.41,177.33,177.3876
2018-04-17T14:34:00Z,177.39,177.46,177.3733,177.459
2018-04-17T14:35:00Z,177.45,177.5,177.41,177.42
2018-04-17T14:36:00Z,177.43,177.46,177.39,177.455
2018-04-17T14:37:00Z,177.46,177.49,177.4,177.4
2018-04-17T14:38:00Z,177.4,177.48,177.37,177.47
2018-04-17T14:39:00Z,177.48,177.55,177.48,177.5
2018-04-17T14:40:00Z,177.5,177.54,177.44,177.47
2018-04-17T14:41:00Z,177.49,177.51,177.395,177.48
2018-04-17T14:42:00Z,177.48,177.56,177.48,177.545
2018-04-17T14:43:00Z,177.5401,177.6,177.5401,177.565
2018-04-17T14:44:00Z,177.565,177.68,177.56,177.62
2018-04-17T14:45:00Z,177.62,177.6553,177.61,177.64
2018-04-17T14:46:00Z,177.6492,177.65,177.57,177.615
2018-04-17T14:47:00Z,177.615,177.66,177.59,177.63
2018-04-17T14:48:00Z,177.6355,177.6355,177.5399,177.57
2018-04-17T14:49:00Z,177.56,177.61,177.52,177.61
2018-04-17T14:50:00Z,177.6165,177.67,177.6,177.66
2018-04-17T14:51:00Z,177.6685,177.75,177.64,177.712
2018-04-17T14:52:00Z,177.72,177.76,177.7,177.7551
2018-04-17T14:53:00Z,177.75,177.78,177.735,177.74
2018-04-17T14:54:00Z,177.7399,177.79,177.73,177.7734
2018-04-17T14:55:00Z,177.78,177.81,177.74,177.76
2018-04-17T14:56:00Z,177.75,177.75,177.65,177.685
2018-04-17T14:57:00Z,177.68,177.77,177.68,177.7601
2018-04-17T14:58:00Z,177.77,177.85,177.74,177.82
2018-04-17T14:59:00Z,177.82,177.85,177.77,177.786
2018-04-17T15:00:00Z,177.81,177.91,177.805,177.84
2018-04-17T15:01:00Z,177.84,177.94,177.84,177.91
2018-04-17T15:02:00Z,177.91,177.94,177.89,177.9338
2018-04-17T15:03:00Z,177.94,177.98,177.92,177.97
2018-04-17T15:04:00Z,177.97,177.99,177.95,177.98
2018-04-17T15:05:00Z,177.98,177.99,177.92,177.92
2018-04-17T15:06:00Z,177.921,177.9366,177.88,177.92
2018-04-17T15:07:00Z,177.9162,177.98,177.914,177.9562
2018-04-17T15:08:00Z,177.96,177.96,177.89,177.94
2018-04-17T15:09:00Z,177.94,178,177.93,177.97
2018-04-17T15:10:00Z,177.9662,177.98,177.93,177.95
2018-04-17T15:11:00Z,177.95,177.9508,177.891,177.891
2018-04-17T15:12:00Z,177.89,177.93,177.89,177.9049
2018-04-17T15:13:00Z,177.91,177.99,177.871,177.88
2018-04-17T15:14:00Z,177.885,177.93,177.84,177.93
2018-04-17T15:15:00Z,177.9292,177.97,177.88,177.891
2018-04-17T15:16:00Z,177.91,177.97,177.89,177.94
2018-04-17T15:17:00Z,177.945,177.98,177.89,177.94
2018-04-17T15:18:00Z,177.945,177.99,177.94,177.96
2018-04-17T15:19:00Z,177.96,178,177.93,177.93
2018-04-17T15:20:00Z,177.92,177.98,177.92,177.96
2018-04-17T15:21:00Z,177.97,178.05,177.9632,178.04
2018-04-17T15:22:00Z,178.05,178.17,178.04,178.16
2018-04-17T15:23:00Z,178.1608,178.19,178.1,178.175
2018-04-17T15:24:00Z,178.18,178.19,178.1,178.12
2018-04-17T15:25:00Z,178.1138,178.23,178.11,178.2099
2018-04-17T15:26:00Z,178.21,178.27,178.2,178.26
2018-04-17T15:27:00Z,178.27,178.33,178.26,178.32
2018-04-17T15:28:00Z,178.3201,178.405,178.31,178.39
2018-04-17T15:29:00Z,178.39,178.43,178.353,178.37
2018-04-17T15:30:00Z,178.37,178.41,178.36,178.39
2018-04-17T15:31:00Z,178.38,178.42,178.25,178.32
2018-04-17T15:32:00Z,178.32,178.42,178.31,178.35
2018-04-17T15:33:00Z,178.35,178.4,178.35,178.39
2018-04-17T15:34:00Z,178.39,178.448,178.385,178.415
2018-04-17T15:35:00Z,178.42,178.47,178.4,178.4
2018-04-17T15:36:00Z,178.39,178.48,178.35,178.439
2018-04-17T15:37:00Z,178.425,178.46,178.25,178.29
2018-04-17T15:38:00Z,178.3,178.31,178.25,178.255
2018-04-17T15:39:00Z,178.25,178.32,178.16,178.28
2018-04-17T15:40:00Z,178.2853,178.31,178.275,178.3
2018-04-17T15:41:00Z,178.3,178.32,178.2195,178.225
2018-04-17T15:42:00Z,178.23,178.29,178.21,178.22
2018-04-17T15:43:00Z,178.23,178.2434,178.11,178.12
2018-04-17T15:44:00Z,178.115,178.24,178.0901,178.21
2018-04-17T15:45:00Z,178.21,178.25,178.19,178.25
2018-04-17T15:46:00Z,178.26,178.325,178.25,178.2899
2018-04-17T15:47:00Z,178.285,178.3334,178.244,178.25
2018-04-17T15:48:00Z,178.25,178.26,178.1801,178.26
2018-04-17T15:49:00Z,178.2699,178.3,178.26,178.27
2018-04-17T15:50:00Z,178.2653,178.3052,178.26,178.3051
2018-04-17T15:51:00Z,178.31,178.36,178.3,178.335
2018-04-17T15:52:00Z,178.3345,178.375,178.3345,178.37
2018-04-17T15:53:00Z,178.36,178.45,178.3301,178.4147
2018-04-17T15:54:00Z,178.41,178.45,178.38,178.4352
2018-04-17T15:55:00Z,178.434,178.46,178.43,178.45
2018-04-17T15:56:00Z,178.46,178.49,178.38,178.398
2018-04-17T15:57:00Z,178.41,178.42,178.24,178.2605
2018-04-17T15:58:00Z,178.27,178.39,178.2647,178.36
2018-04-17T15:59:00Z,178.35,178.42,178.3,178.38
2018-04-17T16:00:00Z,178.39,178.48,178.39,178.456
2018-04-17T16:01:00Z,178.47,178.58,178.44,178.49
2018-04-17T16:02:00Z,178.5,178.54,178.46,178.52
2018-04-17T16:03:00Z,178.53,178.58,178.52,178.57
2018-04-17T16:04:00Z,178.57,178.5752,178.49,178.52
2018-04-17T16:05:00Z,178.52,178.57,178.51,178.56
2018-04-17T16:06:00Z,178.56,178.59,178.51,178.5132
2018-04-17T16:07:00Z,178.5199,178.5199,178.44,178.495
2018-04-17T16:08:00Z,178.4917,178.52,178.47,178.49
2018-04-17T16:09:00Z,178.49,178.49,178.39,178.4501
2018-04-17T16:10:00Z,178.48,178.5452,178.45,178.54
2018-04-17T16:11:00Z,178.54,178.59,178.505,178.58
2018-04-17T16:12:00Z,178.58,178.58,178.48,178.51
2018-04-17T16:13:00Z,178.51,178.6,178.4901,178.58
2018-04-17T16:14:00Z,178.58,178.63,178.56,178.61
2018-04-17T16:15:00Z,178.61,178.66,178.6,178.61
2018-04-17T16:16:00Z,178.61,178.6253,178.56,178.57
2018-04-17T16:17:00Z,178.5701,178.64,178.57,178.63
2018-04-17T16:18:00Z,178.62,178.62,178.4785,178.5073
2018-04-17T16:19:00Z,178.5052,178.55,178.5,178.5338
2018-04-17T16:20:00Z,178.535,178.58,178.52,178.525
2018-04-17T16:21:00Z,178.52,178.52,178.34,178.4201
2018-04-17T16:22:00Z,178.43,178.45,178.34,178.44
2018-04-17T16:23:00Z,178.445,178.5,178.3901,178.5
2018-04-17T16:24:00Z,178.504,178.55,178.5002,178.5401
2018-04-17T16:25:00Z,178.56,178.6,178.51,178.52
2018-04-17T16:26:00Z,178.5248,178.62,178.5248,178.6
2018-04-17T16:27:00Z,178.6,178.6,178.53,178.54
2018-04-17T16:28:00Z,178.54,178.555,178.5,178.5
2018-04-17T16:29:00Z,178.5,178.56,178.4967,178.51
2018-04-17T16:30:00Z,178.52,178.55,178.5,178.55
2018-04-17T16:31:00Z,178.56,178.57,178.5,178.51
2018-04-17T16:32:00Z,178.5016,178.52,178.44,178.46
2018-04-17T16:33:00Z,178.46,178.5,178.43,178.45
2018-04-17T16:34:00Z,178.46,178.4752,178.4,178.4
2018-04-17T16:35:00Z,178.4056,178.41,178.32,178.37
2018-04-17T16:36:00Z,178.37,178.39,178.21,178.2138
2018-04-17T16:37:00Z,178.2156,178.2308,178.1201,178.1201
2018-04-17T16:38:00Z,178.14,178.17,178.1,178.1568
2018-04-17T16:39:00Z,178.16,178.1652,178,178.1652
2018-04-17T16:40:00Z,178.18,178.22,178.13,178.2106
2018-04-17T16:41:00Z,178.2151,178.32,178.2151,178.2591
2018-04-17T16:42:00Z,178.25,178.36,178.24,178.34
2018-04-17T16:43:00Z,178.3401,178.3636,178.24,178.25
2018-04-17T16:44:00Z,178.25,178.25,178.1856,178.21
2018-04-17T16:45:00Z,178.2,178.23,178.17,178.21
2018-04-17T16:46:00Z,178.2132,178.2132,178.14,178.18
2018-04-17T16:47:00Z,178.18,178.19,178.1601,178.19
2018-04-17T16:48:00Z,178.18,178.2,178.1,178.1099
2018-04-17T16:49:00Z,178.11,178.13,178.06,178.09
2018-04-17T16:50:00Z,178.09,178.15,178.0679,178.1238
2018-04-17T16:51:00Z,178.15,178.18,178.13,178.18
2018-04-17T16:52:00Z,178.18,178.18,178.16,178.178
2018-04-17T16:53:00Z,178.184,178.19,178.15,178.175
2018-04-17T16:54:00Z,178.18,178.2,178.12,178.14
2018-04-17T16:55:00Z,178.15,178.16,178.1156,178.1338
2018-04-17T16:56:00Z,178.14,178.15,178.08,178.0885
2018-04-17T16:57:00Z,178.084,178.1,178.02,178.02
2018-04-17T16:58:00Z,178.03,178.19,178.03,178.19
2018-04-17T16:59:00Z,178.19,178.19,178.14,178.17
2018-04-17T17:00:00Z,178.17,178.17,178.1,178.11
2018-04-17T17:01:00Z,178.11,178.16,178.0749,178.14
2018-04-17T17:02:00Z,178.14,178.16,178.07,178.08
2018-04-17T17:03:00Z,178.09,178.18,178.09,178.1488
2018-04-17T17:04:00Z,178.15,178.2464,178.15,178.22
2018-04-17T17:05:00Z,178.22,178.26,178.19,178.255
2018-04-17T17:06:00Z,178.2532,178.31,178.2248,178.27
2018-04-17T17:07:00Z,178.27,178.29,178.25,178.2552
2018-04-17T17:08:00Z,178.26,178.34,178.26,178.325
2018-04-17T17:09:00Z,178.33,178.37,178.285,178.29
2018-04-17T17:10:00Z,178.29,178.36,178.26,178.36
2018-04-17T17:11:00Z,178.36,178.39,178.3,178.32
2018-04-17T17:12:00Z,178.325,178.325,178.27,178.3
2018-04-17T17:13:00Z,178.3,178.3,178.22,178.24
2018-04-17T17:14:00Z,178.24,178.26,178.22,178.254
2018-04-17T17:15:00Z,178.25,178.2533,177.83,177.9
2018-04-17T17:16:00Z,177.89,178.05,177.88,177.98
2018-04-17T17:17:00Z,177.97,178.02,177.92,177.98
2018-04-17T17:18:00Z,177.99,178.02,177.915,177.98
2018-04-17T17:19:00Z,177.99,178,177.96,177.98
2018-04-17T17:20:00Z,177.98,178.01,177.96,178
2018-04-17T17:21:00Z,178,178.085,177.98,178.08
2018-04-17T17:22:00Z,178.08,178.15,178.0401,178.13
2018-04-17T17:23:00Z,178.1248,178.19,178.0596,178.1688
2018-04-17T17:24:00Z,178.18,178.24,178.1712,178.18
2018-04-17T17:25:00Z,178.17,178.17,178.14,178.1547
2018-04-17T17:26:00Z,178.155,178.21,178.14,178.14
2018-04-17T17:27:00Z,178.14,178.18,178.13,178.17
2018-04-17T17:28:00Z,178.17,178.1842,178.14,178.16
2018-04-17T17:29:00Z,178.17,178.3104,178.17,178.3104
2018-04-17T17:30:00Z,178.32,178.34,178.2601,178.308
2018-04-17T17:31:00Z,178.31,178.35,178.2799,178.34
2018-04-17T17:32:00Z,178.35,178.36,178.32,178.334
2018-04-17T17:33:00Z,178.3301,178.41,178.3301,178.39
2018-04-17T17:34:00Z,178.39,178.4152,178.3732,178.39
2018-04-17T17:35:00Z,178.3948,178.41,178.32,178.34
2018-04-17T17:36:00Z,178.34,178.343,178.2701,178.3099
2018-04-17T17:37:00Z,178.31,178.34,178.27,178.33
2018-04-17T17:38:00Z,178.3296,178.37,178.3194,178.32
2018-04-17T17:39:00Z,178.32,178.36,178.32,178.3365
2018-04-17T17:40:00Z,178.3334,178.37,178.33,178.33
2018-04-17T17:41:00Z,178.33,178.34,178.3,178.3137
2018-04-17T17:42:00Z,178.32,178.33,178.2,178.26
2018-04-17T17:43:00Z,178.26,178.34,178.26,178.34
2018-04-17T17:44:00Z,178.34,178.37,178.28,178.36
2018-04-17T17:45:00Z,178.36,178.38,178.32,178.36
2018-04-17T17:46:00Z,178.36,178.45,178.36,178.43
2018-04-17T17:47:00Z,178.43,178.49,178.4,178.45
2018-04-17T17:48:00Z,178.45,178.47,178.41,178.43
2018-04-17T17:49:00Z,178.43,178.43,178.36,178.374
2018-04-17T17:50:00Z,178.37,178.37,178.17,178.19
2018-04-17T17:51:00Z,178.1899,178.2962,178.15,178.27
2018-04-17T17:52:00Z,178.28,178.33,178.21,178.32
2018-04-17T17:53:00Z,178.34,178.44,178.34,178.41
2018-04-17T17:54:00Z,178.41,178.48,178.41,178.43
2018-04-17T17:55:00Z,178.435,178.48,178.435,178.45
2018-04-17T17:56:00Z,178.44,178.4683,178.4,178.4
2018-04-17T17:57:00Z,178.4,178.48,178.4,178.4401
2018-04-17T17:58:00Z,178.44,178.47,178.41,178.41
2018-04-17T17:59:00Z,178.41,178.46,178.4,178.45
2018-04-17T18:00:00Z,178.43,178.51,178.42,178.5
2018-04-17T18:01:00Z,178.5,178.55,178.5,178.54
2018-04-17T18:02:00Z,178.545,178.655,178.5231,178.62
2018-04-17T18:03:00Z,178.639,178.64,178.56,178.58
2018-04-17T18:04:00Z,178.58,178.645,178.53,178.645
2018-04-17T18:05:00Z,178.65,178.66,178.61,178.644
2018-04-17T18:06:00Z,178.64,178.66,178.57,178.57
2018-04-17T18:07:00Z,178.5711,178.63,178.5453,178.5453
2018-04-17T18:08:00Z,178.5442,178.61,178.495,178.4992
2018-04-17T18:09:00Z,178.5,178.57,178.49,178.57
2018-04-17T18:10:00Z,178.5601,178.57,178.43,178.45
2018-04-17T18:11:00Z,178.4532,178.51,178.4532,178.46
2018-04-17T18:12:00Z,178.47,178.55,178.47,178.55
2018-04-17T18:13:00Z,178.551,178.58,178.465,178.51
2018-04-17T18:14:00Z,178.514,178.514,178.43,178.5
2018-04-17T18:15:00Z,178.49,178.51,178.38,178.5
2018-04-17T18:16:00Z,178.49,178.545,178.44,178.53
2018-04-17T18:17:00Z,178.53,178.56,178.5,178.546
2018-04-17T18:18:00Z,178.5268,178.538,178.4247,178.4593
2018-04-17T18:19:00Z,178.45,178.47,178.4001,178.41
2018-04-17T18:20:00Z,178.4,178.49,178.3399,178.4334
2018-04-17T18:21:00Z,178.4344,178.44,178.27,178.28
2018-04-17T18:22:00Z,178.28,178.38,178.28,178.34
2018-04-17T18:23:00Z,178.3402,178.37,178.31,178.32
2018-04-17T18:24:00Z,178.32,178.38,178.31,178.344
2018-04-17T18:25:00Z,178.34,178.36,178.23,178.29
2018-04-17T18:26:00Z,178.29,178.3752,178.29,178.375
2018-04-17T18:27:00Z,178.3789,178.38,178.3,178.36
2018-04-17T18:28:00Z,178.35,178.4529,178.35,178.42
2018-04-17T18:29:00Z,178.42,178.42,178.35,178.3876
2018-04-17T18:30:00Z,178.3933,178.4,178.31,178.3367
2018-04-17T18:31:00Z,178.33,178.33,178.24,178.29
2018-04-17T18:32:00Z,178.3,178.36,178.3,178.3127
2018-04-17T18:33:00Z,178.32,178.325,178.25,178.275
2018-04-17T18:34:00Z,178.28,178.31,178.26,178.3
2018-04-17T18:35:00Z,178.3,178.34,178.29,178.335
2018-04-17T18:36:00Z,178.3366,178.38,178.314,178.35
2018-04-17T18:37:00Z,178.36,178.38,178.31,178.3189
2018-04-17T18:38:00Z,178.3189,178.34,178.29,178.29
2018-04-17T18:39:00Z,178.29,178.37,178.26,178.3451
2018-04-17T18:40:00Z,178.34,178.36,178.3175,178.34
2018-04-17T18:41:00Z,178.35,178.39,178.31,178.3199
2018-04-17T18:42:00Z,178.32,178.33,178.29,178.3
2018-04-17T18:43:00Z,178.3,178.3148,178.24,178.273
2018-04-17T18:44:00Z,178.2789,178.2798,178.22,178.24
2018-04-17T18:45:00Z,178.245,178.29,178.2301,178.29
2018-04-17T18:46:00Z,178.29,178.31,178.25,178.3
2018-04-17T18:47:00Z,178.3,178.36,178.3,178.34
2018-04-17T18:48:00Z,178.34,178.42,178.32,178.38
2018-04-17T18:49:00Z,178.39,178.45,178.34,178.3935
2018-04-17T18:50:00Z,178.4,178.46,178.39,178.45
2018-04-17T18:51:00Z,178.45,178.47,178.44,178.46
2018-04-17T18:52:00Z,178.4601,178.5,178.44,178.48
2018-04-17T18:53:00Z,178.47,178.52,178.45,178.51
2018-04-17T18:54:00Z,178.51,178.57,178.44,178.4499
2018-04-17T18:55:00Z,178.45,178.51,178.45,178.49
2018-04-17T18:56:00Z,178.5,178.53,178.47,178.49
2018-04-17T18:57:00Z,178.51,178.5433,178.47,178.495
2018-04-17T18:58:00Z,178.51,178.54,178.47,178.51
2018-04-17T18:59:00Z,178.5,178.5333,178.48,178.48
2018-04-17T19:00:00Z,178.4792,178.4942,178.41,178.4401
2018-04-17T19:01:00Z,178.45,178.48,178.43,178.48
2018-04-17T19:02:00Z,178.48,178.51,178.46,178.5
2018-04-17T19:03:00Z,178.5,178.54,178.5,178.51
2018-04-17T19:04:00Z,178.51,178.51,178.44,178.45
2018-04-17T19:05:00Z,178.45,178.53,178.45,178.52
2018-04-17T19:06:00Z,178.53,178.59,178.5,178.57
2018-04-17T19:07:00Z,178.58,178.625,178.5748,178.59
2018-04-17T19:08:00Z,178.6018,178.61,178.59,178.6
2018-04-17T19:09:00Z,178.6,178.65,178.59,178.61
2018-04-17T19:10:00Z,178.6,178.64,178.59,178.6344
2018-04-17T19:11:00Z,178.64,178.66,178.61,178.66
2018-04-17T19:12:00Z,178.66,178.69,178.64,178.64
2018-04-17T19:13:00Z,178.64,178.66,178.57,178.6369
2018-04-17T19:14:00Z,178.645,178.6467,178.51,178.51
2018-04-17T19:15:00Z,178.5,178.55,178.48,178.54
2018-04-17T19:16:00Z,178.54,178.585,178.53,178.55
2018-04-17T19:17:00Z,178.55,178.56,178.52,178.54
2018-04-17T19:18:00Z,178.55,178.63,178.54,178.62
2018-04-17T19:19:00Z,178.62,178.68,178.6,178.66
2018-04-17T19:20:00Z,178.66,178.72,178.66,178.67
2018-04-17T19:21:00Z,178.68,178.73,178.66,178.68
2018-04-17T19:22:00Z,178.69,178.71,178.6501,178.67
2018-04-17T19:23:00Z,178.68,178.6807,178.63,178.66
2018-04-17T19:24:00Z,178.66,178.6679,178.61,178.62
2018-04-17T19:25:00Z,178.62,178.6401,178.59,178.62
2018-04-17T19:26:00Z,178.62,178.6353,178.57,178.595
2018-04-17T19:27:00Z,178.6,178.69,178.59,178.67
2018-04-17T19:28:00Z,178.67,178.75,178.66,178.7449
2018-04-17T19:29:00Z,178.74,178.7602,178.67,178.7548
2018-04-17T19:30:00Z,178.76,178.82,178.74,178.8
2018-04-17T19:31:00Z,178.8,178.82,178.765,178.81
2018-04-17T19:32:00Z,178.82,178.87,178.79,178.79
2018-04-17T19:33:00Z,178.79,178.83,178.77,178.8027
2018-04-17T19:34:00Z,178.81,178.83,178.78,178.82
2018-04-17T19:35:00Z,178.82,178.85,178.81,178.814
2018-04-17T19:36:00Z,178.8148,178.8599,178.81,178.8239
2018-04-17T19:37:00Z,178.8252,178.9,178.82,178.8948
2018-04-17T19:38:00Z,178.8909,178.9365,178.86,178.87
2018-04-17T19:39:00Z,178.86,178.9,178.76,178.8
2018-04-17T19:40:00Z,178.8,178.81,178.66,178.69
2018-04-17T19:41:00Z,178.68,178.72,178.58,178.5816
2018-04-17T19:42:00Z,178.59,178.64,178.57,178.63
2018-04-17T19:43:00Z,178.6299,178.68,178.6,178.6799
2018-04-17T19:44:00Z,178.67,178.71,178.64,178.68
2018-04-17T19:45:00Z,178.69,178.7,178.5744,178.594
2018-04-17T19:46:00Z,178.59,178.63,178.555,178.59
2018-04-17T19:47:00Z,178.58,178.66,178.5747,178.66
2018-04-17T19:48:00Z,178.66,178.68,178.63,178.68
2018-04-17T19:49:00Z,178.6832,178.705,178.65,178.69
2018-04-17T19:50:00Z,178.695,178.7982,178.42,178.49
2018-04-17T19:51:00Z,178.5,178.52,178.35,178.41
2018-04-17T19:52:00Z,178.41,178.44,178.301,178.3376
2018-04-17T19:53:00Z,178.34,178.3598,178.3,178.31
2018-04-17T19:54:00Z,178.31,178.32,178.1408,178.21
2018-04-17T19:55:00Z,178.2,178.26,178.12,178.22
2018-04-17T19:56:00Z,178.2199,178.24,178.17,178.195
2018-04-17T19:57:00Z,178.19,178.19,178.06,178.13
2018-04-17T19:58:00Z,178.1251,178.23,178.084,178.23
2018-04-17T19:59:00Z,178.22,178.32,178.22,178.24
