2016-03-01T13:30:00Z,97.37,97.38,97.37,97.38
2016-03-01T13:32:00Z,97.42,97.49,97.4,97.47
2016-03-01T13:33:00Z,97.41,97.41,97.4,97.4
2016-03-01T13:34:00Z,97.4,97.47,97.32,97.47
2016-03-01T13:35:00Z,97.47,97.5,97.47,97.5
2016-03-01T13:36:00Z,97.52,97.54,97.52,97.54
2016-03-01T13:37:00Z,97.53,97.54,97.52,97.52
2016-03-01T13:38:00Z,97.52,97.52,97.52,97.52
2016-03-01T13:42:00Z,97.54,97.54,97.54,97.54
2016-03-01T13:43:00Z,97.54,97.56,97.5,97.5
2016-03-01T13:44:00Z,97.53,97.55,97.5,97.55
2016-03-01T13:48:00Z,97.47,97.47,97.45,97.45
2016-03-01T13:52:00Z,97.44,97.46,97.44,97.45
2016-03-01T13:56:00Z,97.47,97.47,97.46,97.46
2016-03-01T13:57:00Z,97.5299,97.54,97.5299,97.54
2016-03-01T14:00:00Z,97.6,97.6,97.6,97.6
2016-03-01T14:01:00Z,97.5999,97.6,97.5999,97.6
2016-03-01T14:02:00Z,97.64,97.72,97.6,97.6
2016-03-01T14:04:00Z,97.67,97.68,97.6,97.6
2016-03-01T14:05:00Z,97.6,97.6,97.56,97.56
2016-03-01T14:06:00Z,97.56,97.6,97.56,97.6
2016-03-01T14:07:00Z,97.56,97.56,97.52,97.52
2016-03-01T14:08:00Z,96.69,96.69,96.69,96.69
2016-03-01T14:10:00Z,97.55,97.55,97.55,97.55
2016-03-01T14:12:00Z,97.51,97.51,97.51,97.51
2016-03-01T14:13:00Z,97.5,97.53,97.5,97.53
2016-03-01T14:14:00Z,97.52,97.52,97.52,97.52
2016-03-01T14:15:00Z,97.51,97.53,97.5,97.5
2016-03-01T14:18:00Z,97.55,97.56,97.55,97.56
2016-03-01T14:19:00Z,97.56,97.65,97.54,97.65
2016-03-01T14:20:00Z,97.67,97.7,97.67,97.68
2016-03-01T14:21:00Z,97.65,97.65,97.65,97.65
2016-03-01T14:22:00Z,97.63,97.63,97.63,97.63
2016-03-01T14:24:00Z,97.67,97.67,97.67,97.67
2016-03-01T14:25:00Z,97.65,97.65,97.65,97.65
2016-03-01T14:26:00Z,97.67,97.67,97.67,97.67
2016-03-01T14:27:00Z,97.65,97.66,97.62,97.62
2016-03-01T14:28:00Z,97.62,97.65,97.6,97.65
2016-03-01T14:29:00Z,97.65,97.75,97.65,97.7
2016-03-01T14:30:00Z,97.69,97.77,97.65,97.66
2016-03-01T14:31:00Z,97.66,97.69,97.42,97.45
2016-03-01T14:32:00Z,97.45,97.67,97.42,97.58
2016-03-01T14:33:00Z,97.58,98,97.57,98
2016-03-01T14:34:00Z,97.995,98.05,97.86,97.895
2016-03-01T14:35:00Z,97.9,97.95,97.7,97.72
2016-03-01T14:36:00Z,97.73,97.8,97.71,97.78
2016-03-01T14:37:00Z,97.79,97.8,97.71,97.73
2016-03-01T14:38:00Z,97.73,97.78,97.7,97.73
2016-03-01T14:39:00Z,97.72,97.81,97.7,97.71
2016-03-01T14:40:00Z,97.705,97.725,97.55,97.58
2016-03-01T14:41:00Z,97.59,97.75,97.5375,97.74
2016-03-01T14:42:00Z,97.74,97.81,97.72,97.74
2016-03-01T14:43:00Z,97.75,97.83,97.73,97.77
2016-03-01T14:44:00Z,97.78,97.78,97.65,97.695
2016-03-01T14:45:00Z,97.7,97.7,97.58,97.69
2016-03-01T14:46:00Z,97.68,97.81,97.64,97.76
2016-03-01T14:47:00Z,97.765,97.81,97.7,97.805
2016-03-01T14:48:00Z,97.805,97.97,97.805,97.83
2016-03-01T14:49:00Z,97.83,97.85,97.78,97.8363
2016-03-01T14:50:00Z,97.83,97.94,97.7863,97.905
2016-03-01T14:51:00Z,97.9,97.95,97.88,97.8899
2016-03-01T14:52:00Z,97.89,97.9206,97.81,97.81
2016-03-01T14:53:00Z,97.81,97.88,97.77,97.85
2016-03-01T14:54:00Z,97.85,97.85,97.8,97.805
2016-03-01T14:55:00Z,97.806,97.86,97.76,97.86
2016-03-01T14:56:00Z,97.85,98,97.85,97.95
2016-03-01T14:57:00Z,97.95,97.99,97.925,97.975
2016-03-01T14:58:00Z,97.9868,98,97.9402,97.99
2016-03-01T14:59:00Z,97.98,98,97.95,97.96
2016-03-01T15:00:00Z,97.96,98.22,97.94,98.21
2016-03-01T15:01:00Z,98.21,98.35,98.17,98.349
2016-03-01T15:02:00Z,98.34,98.37,98.3,98.345
2016-03-01T15:03:00Z,98.35,98.36,98.16,98.2
2016-03-01T15:04:00Z,98.2001,98.22,98.165,98.215
2016-03-01T15:05:00Z,98.211,98.3,98.21,98.23
2016-03-01T15:06:00Z,98.235,98.27,98.15,98.18
2016-03-01T15:07:00Z,98.18,98.23,98.17,98.195
2016-03-01T15:08:00Z,98.2,98.2,98.0335,98.08
2016-03-01T15:09:00Z,98.08,98.23,98.08,98.225
2016-03-01T15:10:00Z,98.225,98.34,98.225,98.28
2016-03-01T15:11:00Z,98.27,98.2765,98.17,98.17
2016-03-01T15:12:00Z,98.17,98.195,98.14,98.145
2016-03-01T15:13:00Z,98.14,98.1465,98.06,98.085
2016-03-01T15:14:00Z,98.09,98.1,98.02,98.09
2016-03-01T15:15:00Z,98.09,98.143,97.98,97.995
2016-03-01T15:16:00Z,98,98.0899,97.98,98.0761
2016-03-01T15:17:00Z,98.075,98.075,98.01,98.015
2016-03-01T15:18:00Z,98.01,98.02,97.95,97.9784
2016-03-01T15:19:00Z,97.97,98.07,97.96,98.0199
2016-03-01T15:20:00Z,98.02,98.17,98.02,98.17
2016-03-01T15:21:00Z,98.16,98.22,98.1577,98.22
2016-03-01T15:22:00Z,98.22,98.3,98.2,98.29
2016-03-01T15:23:00Z,98.2901,98.47,98.2901,98.448
2016-03-01T15:24:00Z,98.45,98.615,98.44,98.5236
2016-03-01T15:25:00Z,98.53,98.68,98.505,98.576
2016-03-01T15:26:00Z,98.57,98.6,98.51,98.52
2016-03-01T15:27:00Z,98.52,98.525,98.48,98.513
2016-03-01T15:28:00Z,98.52,98.65,98.52,98.61
2016-03-01T15:29:00Z,98.615,98.65,98.51,98.58
2016-03-01T15:30:00Z,98.57,98.63,98.55,98.56
2016-03-01T15:31:00Z,98.56,98.64,98.51,98.63
2016-03-01T15:32:00Z,98.63,98.76,98.6,98.75
2016-03-01T15:33:00Z,98.755,98.77,98.68,98.74
2016-03-01T15:34:00Z,98.7361,98.76,98.615,98.64
2016-03-01T15:35:00Z,98.6499,98.68,98.63,98.675
2016-03-01T15:36:00Z,98.679,98.69,98.655,98.675
2016-03-01T15:37:00Z,98.6781,98.77,98.66,98.77
2016-03-01T15:38:00Z,98.76,98.8,98.75,98.8
2016-03-01T15:39:00Z,98.8,98.805,98.694,98.72
2016-03-01T15:40:00Z,98.72,98.73,98.67,98.68
2016-03-01T15:41:00Z,98.68,98.68,98.575,98.58
2016-03-01T15:42:00Z,98.58,98.659,98.555,98.654
2016-03-01T15:43:00Z,98.6501,98.69,98.64,98.645
2016-03-01T15:44:00Z,98.65,98.73,98.6499,98.72
2016-03-01T15:45:00Z,98.72,98.76,98.69,98.69
2016-03-01T15:46:00Z,98.69,98.755,98.69,98.745
2016-03-01T15:47:00Z,98.75,98.75,98.612,98.6699
2016-03-01T15:48:00Z,98.67,98.7,98.64,98.69
2016-03-01T15:49:00Z,98.69,98.71,98.63,98.67
2016-03-01T15:50:00Z,98.66,98.76,98.66,98.705
2016-03-01T15:51:00Z,98.7,98.72,98.63,98.66
2016-03-01T15:52:00Z,98.665,98.7,98.64,98.691
2016-03-01T15:53:00Z,98.695,98.695,98.67,98.675
2016-03-01T15:54:00Z,98.675,98.69,98.67,98.6866
2016-03-01T15:55:00Z,98.6884,98.71,98.64,98.685
2016-03-01T15:56:00Z,98.69,98.74,98.675,98.73
2016-03-01T15:57:00Z,98.735,98.77,98.695,98.76
2016-03-01T15:58:00Z,98.76,98.78,98.63,98.6799
2016-03-01T15:59:00Z,98.67,98.72,98.66,98.7066
2016-03-01T16:00:00Z,98.71,98.76,98.705,98.735
2016-03-01T16:01:00Z,98.75,98.8,98.735,98.795
2016-03-01T16:02:00Z,98.79,98.82,98.77,98.78
2016-03-01T16:03:00Z,98.775,98.8061,98.765,98.7939
2016-03-01T16:04:00Z,98.8,98.8,98.77,98.77
2016-03-01T16:05:00Z,98.7799,98.84,98.77,98.82
2016-03-01T16:06:00Z,98.82,98.83,98.74,98.76
2016-03-01T16:07:00Z,98.77,98.815,98.74,98.78
2016-03-01T16:08:00Z,98.78,98.84,98.78,98.84
2016-03-01T16:09:00Z,98.83,98.87,98.8,98.815
2016-03-01T16:10:00Z,98.81,98.85,98.805,98.83
2016-03-01T16:11:00Z,98.835,98.85,98.81,98.8434
2016-03-01T16:12:00Z,98.85,98.89,98.83,98.8362
2016-03-01T16:13:00Z,98.831,98.87,98.83,98.87
2016-03-01T16:14:00Z,98.8738,98.99,98.87,98.989
2016-03-01T16:15:00Z,98.985,98.995,98.86,98.911
2016-03-01T16:16:00Z,98.92,98.965,98.91,98.925
2016-03-01T16:17:00Z,98.93,98.95,98.9,98.9365
2016-03-01T16:18:00Z,98.94,98.96,98.9,98.92
2016-03-01T16:19:00Z,98.93,99.05,98.9,99
2016-03-01T16:20:00Z,99.005,99.08,99,99.04
2016-03-01T16:21:00Z,99.04,99.09,99.03,99.05
2016-03-01T16:22:00Z,99.0499,99.13,99.04,99.11
2016-03-01T16:23:00Z,99.115,99.15,99.075,99.1161
2016-03-01T16:24:00Z,99.12,99.2,99.115,99.1999
2016-03-01T16:25:00Z,99.1975,99.25,99.19,99.2266
2016-03-01T16:26:00Z,99.23,99.31,99.215,99.31
2016-03-01T16:27:00Z,99.31,99.34,99.3,99.305
2016-03-01T16:28:00Z,99.309,99.31,99.27,99.29
2016-03-01T16:29:00Z,99.3,99.37,99.28,99.29
2016-03-01T16:30:00Z,99.2825,99.4,99.28,99.365
2016-03-01T16:31:00Z,99.3601,99.45,99.33,99.416
2016-03-01T16:32:00Z,99.4111,99.446,99.36,99.3799
2016-03-01T16:33:00Z,99.37,99.39,99.33,99.34
2016-03-01T16:34:00Z,99.33,99.388,99.29,99.3832
2016-03-01T16:35:00Z,99.39,99.44,99.38,99.43
2016-03-01T16:36:00Z,99.43,99.5,99.43,99.4986
2016-03-01T16:37:00Z,99.4966,99.5,99.4,99.4211
2016-03-01T16:38:00Z,99.42,99.459,99.39,99.4199
2016-03-01T16:39:00Z,99.41,99.49,99.39,99.4801
2016-03-01T16:40:00Z,99.4899,99.61,99.4801,99.585
2016-03-01T16:41:00Z,99.585,99.585,99.4935,99.51
2016-03-01T16:42:00Z,99.52,99.57,99.515,99.5453
2016-03-01T16:43:00Z,99.545,99.6,99.5199,99.59
2016-03-01T16:44:00Z,99.59,99.65,99.585,99.63
2016-03-01T16:45:00Z,99.62,99.75,99.61,99.74
2016-03-01T16:46:00Z,99.731,99.8,99.71,99.77
2016-03-01T16:47:00Z,99.76,99.8,99.73,99.745
2016-03-01T16:48:00Z,99.74,99.76,99.71,99.72
2016-03-01T16:49:00Z,99.73,99.88,99.73,99.85
2016-03-01T16:50:00Z,99.805,99.85,99.78,99.82
2016-03-01T16:51:00Z,99.82,99.87,99.81,99.855
2016-03-01T16:52:00Z,99.855,99.97,99.76,99.94
2016-03-01T16:53:00Z,99.94,100,99.9,99.99
2016-03-01T16:54:00Z,99.99,100,99.85,99.87
2016-03-01T16:55:00Z,99.88,99.93,99.84,99.87
2016-03-01T16:56:00Z,99.865,99.92,99.84,99.9
2016-03-01T16:57:00Z,99.905,99.9089,99.87,99.8701
2016-03-01T16:58:00Z,99.8799,99.91,99.87,99.905
2016-03-01T16:59:00Z,99.9,99.96,99.9,99.9001
2016-03-01T17:00:00Z,99.91,100.05,99.9,100.04
2016-03-01T17:01:00Z,100.038,100.06,99.95,99.9672
2016-03-01T17:02:00Z,99.97,100.05,99.97,100.04
2016-03-01T17:03:00Z,100.03,100.06,99.94,100.03
2016-03-01T17:04:00Z,100.03,100.13,100,100.1035
2016-03-01T17:05:00Z,100.11,100.21,100.07,100.185
2016-03-01T17:06:00Z,100.18,100.28,100.16,100.245
2016-03-01T17:07:00Z,100.24,100.3,100.06,100.07
2016-03-01T17:08:00Z,100.07,100.13,99.97,100.045
2016-03-01T17:09:00Z,100.04,100.07,99.93,99.9399
2016-03-01T17:10:00Z,99.953,99.98,99.9,99.91
2016-03-01T17:11:00Z,99.9,99.97,99.87,99.885
2016-03-01T17:12:00Z,99.885,99.93,99.87,99.9133
2016-03-01T17:13:00Z,99.91,99.9101,99.81,99.83
2016-03-01T17:14:00Z,99.82,99.8795,99.81,99.838
2016-03-01T17:15:00Z,99.84,99.84,99.77,99.8101
2016-03-01T17:16:00Z,99.81,99.85,99.8,99.815
2016-03-01T17:17:00Z,99.81,99.95,99.81,99.95
2016-03-01T17:18:00Z,99.9466,99.96,99.9,99.92
2016-03-01T17:19:00Z,99.92,99.96,99.88,99.89
2016-03-01T17:20:00Z,99.89,99.91,99.88,99.88
2016-03-01T17:21:00Z,99.88,99.95,99.88,99.95
2016-03-01T17:22:00Z,99.95,99.955,99.9,99.92
2016-03-01T17:23:00Z,99.92,99.9401,99.82,99.83
2016-03-01T17:24:00Z,99.83,99.83,99.74,99.7499
2016-03-01T17:25:00Z,99.75,99.79,99.74,99.78
2016-03-01T17:26:00Z,99.78,99.79,99.76,99.77
2016-03-01T17:27:00Z,99.77,99.82,99.76,99.7833
2016-03-01T17:28:00Z,99.78,99.85,99.7406,99.85
2016-03-01T17:29:00Z,99.85,99.91,99.8128,99.904
2016-03-01T17:30:00Z,99.906,99.96,99.906,99.957
2016-03-01T17:31:00Z,99.95,99.95,99.87,99.89
2016-03-01T17:32:00Z,99.89,99.93,99.87,99.904
2016-03-01T17:33:00Z,99.9,99.9381,99.88,99.93
2016-03-01T17:34:00Z,99.934,99.99,99.93,99.985
2016-03-01T17:35:00Z,99.98,100,99.98,100
2016-03-01T17:36:00Z,100,100.08,100,100.0258
2016-03-01T17:37:00Z,100.03,100.04,99.97,99.9865
2016-03-01T17:38:00Z,99.98,100,99.94,99.9599
2016-03-01T17:39:00Z,99.9574,99.9694,99.87,99.87
2016-03-01T17:40:00Z,99.875,99.9,99.84,99.86
2016-03-01T17:41:00Z,99.87,99.87,99.815,99.8634
2016-03-01T17:42:00Z,99.8668,99.89,99.85,99.88
2016-03-01T17:43:00Z,99.88,99.8962,99.83,99.8962
2016-03-01T17:44:00Z,99.8906,99.94,99.88,99.915
2016-03-01T17:45:00Z,99.915,100,99.9015,100
2016-03-01T17:46:00Z,100,100.05,99.994,100.025
2016-03-01T17:47:00Z,100.035,100.08,100.0248,100.025
2016-03-01T17:48:00Z,100.0272,100.04,99.8699,99.8699
2016-03-01T17:49:00Z,99.8643,99.91,99.78,99.78
2016-03-01T17:50:00Z,99.78,99.86,99.77,99.8599
2016-03-01T17:51:00Z,99.8594,99.97,99.85,99.97
2016-03-01T17:52:00Z,99.97,100.02,99.95,99.99
2016-03-01T17:53:00Z,99.995,100.05,99.98,100
2016-03-01T17:54:00Z,100,100.09,100,100.09
2016-03-01T17:55:00Z,100.085,100.12,100.08,100.109
2016-03-01T17:56:00Z,100.1098,100.18,100.09,100.179
2016-03-01T17:57:00Z,100.16,100.21,100.14,100.2
2016-03-01T17:58:00Z,100.2,100.22,100.14,100.148
2016-03-01T17:59:00Z,100.135,100.29,100.13,100.26
2016-03-01T18:00:00Z,100.2625,100.2625,100.1,100.1299
2016-03-01T18:01:00Z,100.1299,100.14,100.07,100.09
2016-03-01T18:02:00Z,100.09,100.09,100.01,100.03
2016-03-01T18:03:00Z,100.03,100.07,100,100.07
2016-03-01T18:04:00Z,100.07,100.1,100.04,100.1
2016-03-01T18:05:00Z,100.09,100.13,100.08,100.122
2016-03-01T18:06:00Z,100.13,100.19,100.11,100.13
2016-03-01T18:07:00Z,100.1335,100.18,100.12,100.17
2016-03-01T18:08:00Z,100.1666,100.24,100.16,100.235
2016-03-01T18:09:00Z,100.23,100.27,100.22,100.2615
2016-03-01T18:10:00Z,100.266,100.279,99.9383,100.23
2016-03-01T18:11:00Z,100.2299,100.26,100.18,100.2537
2016-03-01T18:12:00Z,100.2503,100.35,100.2503,100.3137
2016-03-01T18:13:00Z,100.3122,100.43,100.3122,100.42
2016-03-01T18:14:00Z,100.4199,100.42,100.36,100.365
2016-03-01T18:15:00Z,100.3699,100.42,100.3628,100.414
2016-03-01T18:16:00Z,100.41,100.42,100.38,100.42
2016-03-01T18:17:00Z,100.415,100.45,100.4,100.43
2016-03-01T18:18:00Z,100.44,100.49,100.41,100.455
2016-03-01T18:19:00Z,100.455,100.49,100.39,100.427
2016-03-01T18:20:00Z,100.43,100.45,100.4,100.44
2016-03-01T18:21:00Z,100.44,100.44,100.35,100.36
2016-03-01T18:22:00Z,100.355,100.5,100.35,100.49
2016-03-01T18:23:00Z,100.48,100.49,100.44,100.445
2016-03-01T18:24:00Z,100.43,100.445,100.33,100.3724
2016-03-01T18:25:00Z,100.3799,100.4299,100.37,100.39
2016-03-01T18:26:00Z,100.4,100.46,100.38,100.46
2016-03-01T18:27:00Z,100.4512,100.495,100.4512,100.4802
2016-03-01T18:28:00Z,100.48,100.49,100.46,100.485
2016-03-01T18:29:00Z,100.4801,100.56,100.48,100.5451
2016-03-01T18:30:00Z,100.54,100.66,100.535,100.635
2016-03-01T18:31:00Z,100.62,100.69,100.6,100.6799
2016-03-01T18:32:00Z,100.67,100.676,100.6,100.6048
2016-03-01T18:33:00Z,100.6072,100.61,100.53,100.56
2016-03-01T18:34:00Z,100.5557,100.56,100.49,100.4958
2016-03-01T18:35:00Z,100.495,100.52,100.47,100.4783
2016-03-01T18:36:00Z,100.474,100.51,100.43,100.4999
2016-03-01T18:37:00Z,100.5,100.555,100.49,100.545
2016-03-01T18:38:00Z,100.5462,100.5462,100.5,100.5101
2016-03-01T18:39:00Z,100.515,100.54,100.51,100.5399
2016-03-01T18:40:00Z,100.5358,100.589,100.5,100.58
2016-03-01T18:41:00Z,100.57,100.58,100.5,100.51
2016-03-01T18:42:00Z,100.51,100.54,100.49,100.49
2016-03-01T18:43:00Z,100.4975,100.52,100.465,100.5
2016-03-01T18:44:00Z,100.491,100.51,100.46,100.4697
2016-03-01T18:45:00Z,100.464,100.5,100.44,100.49
2016-03-01T18:46:00Z,100.4963,100.498,100.44,100.47
2016-03-01T18:47:00Z,100.47,100.48,100.455,100.48
2016-03-01T18:48:00Z,100.47,100.5199,100.46,100.5199
2016-03-01T18:49:00Z,100.513,100.59,100.513,100.542
2016-03-01T18:50:00Z,100.5439,100.55,100.24,100.25
2016-03-01T18:51:00Z,100.25,100.33,100.22,100.33
2016-03-01T18:52:00Z,100.33,100.35,100.16,100.21
2016-03-01T18:53:00Z,100.22,100.22,100.12,100.2
2016-03-01T18:54:00Z,100.2,100.26,100.19,100.24
2016-03-01T18:55:00Z,100.25,100.285,100.18,100.18
2016-03-01T18:56:00Z,100.1775,100.1834,100.07,100.16
2016-03-01T18:57:00Z,100.151,100.18,100.09,100.15
2016-03-01T18:58:00Z,100.1506,100.29,100.14,100.29
2016-03-01T18:59:00Z,100.2801,100.31,100.24,100.27
2016-03-01T19:00:00Z,100.265,100.34,100.25,100.2701
2016-03-01T19:01:00Z,100.28,100.355,100.275,100.35
2016-03-01T19:02:00Z,100.35,100.45,100.33,100.45
2016-03-01T19:03:00Z,100.45,100.5,100.44,100.495
2016-03-01T19:04:00Z,100.49,100.5,100.43,100.4701
2016-03-01T19:05:00Z,100.48,100.55,100.47,100.5401
2016-03-01T19:06:00Z,100.545,100.55,100.5,100.54
2016-03-01T19:07:00Z,100.542,100.56,100.49,100.52
2016-03-01T19:08:00Z,100.52,100.53,100.48,100.5
2016-03-01T19:09:00Z,100.505,100.58,100.5,100.54
2016-03-01T19:10:00Z,100.5497,100.65,100.5436,100.63
2016-03-01T19:11:00Z,100.63,100.65,100.56,100.59
2016-03-01T19:12:00Z,100.595,100.595,100.53,100.5399
2016-03-01T19:13:00Z,100.54,100.55,100.49,100.49
2016-03-01T19:14:00Z,100.49,100.53,100.44,100.44
2016-03-01T19:15:00Z,100.44,100.45,100.41,100.45
2016-03-01T19:16:00Z,100.4599,100.52,100.4599,100.51
2016-03-01T19:17:00Z,100.51,100.52,100.48,100.48
2016-03-01T19:18:00Z,100.4867,100.53,100.48,100.5
2016-03-01T19:19:00Z,100.5064,100.53,100.49,100.525
2016-03-01T19:20:00Z,100.52,100.55,100.45,100.454
2016-03-01T19:21:00Z,100.4532,100.46,100.39,100.3936
2016-03-01T19:22:00Z,100.4,100.43,100.395,100.41
2016-03-01T19:23:00Z,100.41,100.4199,100.33,100.385
2016-03-01T19:24:00Z,100.3899,100.4,100.34,100.351
2016-03-01T19:25:00Z,100.35,100.38,100.33,100.3749
2016-03-01T19:26:00Z,100.375,100.385,100.34,100.385
2016-03-01T19:27:00Z,100.38,100.385,100.33,100.33
2016-03-01T19:28:00Z,100.34,100.46,100.34,100.45
2016-03-01T19:29:00Z,100.459,100.5,100.44,100.4901
2016-03-01T19:30:00Z,100.49,100.56,100.49,100.5401
2016-03-01T19:31:00Z,100.54,100.5821,100.5,100.5636
2016-03-01T19:32:00Z,100.565,100.57,100.46,100.46
2016-03-01T19:33:00Z,100.47,100.5,100.45,100.49
2016-03-01T19:34:00Z,100.485,100.49,100.43,100.455
2016-03-01T19:35:00Z,100.46,100.49,100.45,100.46
2016-03-01T19:36:00Z,100.46,100.47,100.42,100.432
2016-03-01T19:37:00Z,100.43,100.45,100.385,100.45
2016-03-01T19:38:00Z,100.4422,100.45,100.39,100.41
2016-03-01T19:39:00Z,100.4149,100.42,100.35,100.353
2016-03-01T19:40:00Z,100.35,100.37,100.35,100.36
2016-03-01T19:41:00Z,100.36,100.39,100.351,100.365
2016-03-01T19:42:00Z,100.37,100.38,100.32,100.3553
2016-03-01T19:43:00Z,100.3588,100.47,100.355,100.47
2016-03-01T19:44:00Z,100.47,100.49,100.45,100.465
2016-03-01T19:45:00Z,100.46,100.49,100.43,100.4599
2016-03-01T19:46:00Z,100.46,100.54,100.46,100.54
2016-03-01T19:47:00Z,100.534,100.54,100.49,100.5334
2016-03-01T19:48:00Z,100.54,100.5499,100.52,100.525
2016-03-01T19:49:00Z,100.5201,100.54,100.49,100.52
2016-03-01T19:50:00Z,100.511,100.64,100.51,100.615
2016-03-01T19:51:00Z,100.62,100.6311,100.56,100.582
2016-03-01T19:52:00Z,100.585,100.6,100.55,100.585
2016-03-01T19:53:00Z,100.589,100.6,100.54,100.58
2016-03-01T19:54:00Z,100.575,100.58,100.55,100.57
2016-03-01T19:55:00Z,100.56,100.64,100.535,100.615
2016-03-01T19:56:00Z,100.6101,100.63,100.57,100.6036
2016-03-01T19:57:00Z,100.6,100.67,100.6,100.66
2016-03-01T19:58:00Z,100.66,100.6636,100.63,100.655
2016-03-01T19:59:00Z,100.6534,100.71,100.65,100.6839
