2019-06-11T13:30:00Z,194.84,195.05,194.22,194.9597
2019-06-11T13:31:00Z,194.96,195.13,194.87,195.08
2019-06-11T13:32:00Z,195.1186,195.2,195.03,195.1201
2019-06-11T13:33:00Z,195.1663,195.2,194.9,195.2
2019-06-11T13:34:00Z,195.19,195.39,195.15,195.32
2019-06-11T13:35:00Z,195.285,195.62,195.27,195.395
2019-06-11T13:36:00Z,195.375,195.51,194.9452,195.03
2019-06-11T13:37:00Z,195.03,195.03,194.58,194.6025
2019-06-11T13:38:00Z,194.59,194.6999,194.2262,194.3
2019-06-11T13:39:00Z,194.275,194.33,193.91,194.13
2019-06-11T13:40:00Z,194.15,194.57,194.04,194.43
2019-06-11T13:41:00Z,194.4217,194.47,194.13,194.19
2019-06-11T13:42:00Z,194.2,194.7,194.19,194.63
2019-06-11T13:43:00Z,194.62,194.8703,194.6001,194.655
2019-06-11T13:44:00Z,194.67,194.72,194.28,194.32
2019-06-11T13:45:00Z,194.33,194.755,194.25,194.66
2019-06-11T13:46:00Z,194.7,194.7,194.5,194.5
2019-06-11T13:47:00Z,194.52,194.63,194.32,194.3298
2019-06-11T13:48:00Z,194.33,194.61,194.32,194.47
2019-06-11T13:49:00Z,194.48,194.73,194.48,194.6363
2019-06-11T13:50:00Z,194.64,194.86,194.32,194.33
2019-06-11T13:51:00Z,194.34,194.62,194.2896,194.46
2019-06-11T13:52:00Z,194.48,194.6809,194.41,194.4332
2019-06-11T13:53:00Z,194.43,194.6399,194.4,194.5
2019-06-11T13:54:00Z,194.53,194.89,194.53,194.71
2019-06-11T13:55:00Z,194.73,194.87,194.63,194.86
2019-06-11T13:56:00Z,194.85,194.95,194.63,194.94
2019-06-11T13:57:00Z,194.94,194.95,194.68,194.77
2019-06-11T13:58:00Z,194.771,194.771,194.46,194.47
2019-06-11T13:59:00Z,194.45,194.54,194.3414,194.48
2019-06-11T14:00:00Z,194.48,194.67,194.45,194.56
2019-06-11T14:01:00Z,194.58,194.74,194.56,194.67
2019-06-11T14:02:00Z,194.7,194.8369,194.68,194.77
2019-06-11T14:03:00Z,194.77,194.94,194.72,194.74
2019-06-11T14:04:00Z,194.74,195.1,194.73,195.08
2019-06-11T14:05:00Z,195.08,195.1,194.85,194.97
2019-06-11T14:06:00Z,194.94,195.16,194.91,195
2019-06-11T14:07:00Z,194.995,194.995,194.53,194.55
2019-06-11T14:08:00Z,194.56,194.71,194.4369,194.47
2019-06-11T14:09:00Z,194.48,194.76,194.47,194.75
2019-06-11T14:10:00Z,194.73,194.73,194.55,194.57
2019-06-11T14:11:00Z,194.59,194.59,194.315,194.34
2019-06-11T14:12:00Z,194.37,194.48,194.3,194.47
2019-06-11T14:13:00Z,194.45,194.61,194.37,194.49
2019-06-11T14:14:00Z,194.47,194.78,194.47,194.77
2019-06-11T14:15:00Z,194.765,195.03,194.765,194.8572
2019-06-11T14:16:00Z,194.87,194.96,194.78,194.81
2019-06-11T14:17:00Z,194.82,194.94,194.78,194.8304
2019-06-11T14:18:00Z,194.8,195.08,194.71,195.0344
2019-06-11T14:19:00Z,195.06,195.61,194.805,194.89
2019-06-11T14:20:00Z,194.89,195.17,194.89,195.15
2019-06-11T14:21:00Z,195.18,195.3604,195.11,195.34
2019-06-11T14:22:00Z,195.3511,195.56,195.3079,195.43
2019-06-11T14:23:00Z,195.42,195.44,195.27,195.3746
2019-06-11T14:24:00Z,195.385,195.58,195.37,195.5
2019-06-11T14:25:00Z,195.515,195.74,195.515,195.57
2019-06-11T14:26:00Z,195.6,195.69,195.5465,195.68
2019-06-11T14:27:00Z,195.69,195.69,195.54,195.67
2019-06-11T14:28:00Z,195.67,195.86,195.67,195.75
2019-06-11T14:29:00Z,195.76,195.9572,195.75,195.9572
2019-06-11T14:30:00Z,195.955,196,195.76,195.8
2019-06-11T14:31:00Z,195.7906,195.94,195.73,195.8899
2019-06-11T14:32:00Z,195.87,196,195.87,195.93
2019-06-11T14:33:00Z,195.93,195.93,195.71,195.75
2019-06-11T14:34:00Z,195.74,195.851,195.61,195.67
2019-06-11T14:35:00Z,195.67,195.7899,195.64,195.649
2019-06-11T14:36:00Z,195.64,195.74,195.47,195.5297
2019-06-11T14:37:00Z,195.52,195.68,195.51,195.62
2019-06-11T14:38:00Z,195.6462,195.75,195.6101,195.74
2019-06-11T14:39:00Z,195.74,195.89,195.72,195.85
2019-06-11T14:40:00Z,195.8699,195.8699,195.649,195.75
2019-06-11T14:41:00Z,195.758,195.77,195.41,195.41
2019-06-11T14:42:00Z,195.41,195.41,195.06,195.1
2019-06-11T14:43:00Z,195.085,195.23,195.055,195.1
2019-06-11T14:44:00Z,195.11,195.2925,195.11,195.121
2019-06-11T14:45:00Z,195.12,195.25,195.08,195.22
2019-06-11T14:46:00Z,195.21,195.25,195.09,195.19
2019-06-11T14:47:00Z,195.19,195.19,194.92,194.95
2019-06-11T14:48:00Z,194.92,194.92,194.68,194.805
2019-06-11T14:49:00Z,194.8143,194.97,194.8143,194.9
2019-06-11T14:50:00Z,194.9001,194.9019,194.52,194.58
2019-06-11T14:51:00Z,194.61,194.61,194.09,194.22
2019-06-11T14:52:00Z,194.2173,194.46,194.175,194.39
2019-06-11T14:53:00Z,194.39,194.39,194,194.1999
2019-06-11T14:54:00Z,194.2,194.38,194.11,194.31
2019-06-11T14:55:00Z,194.29,194.41,194.2542,194.35
2019-06-11T14:56:00Z,194.375,194.56,194.37,194.4682
2019-06-11T14:57:00Z,194.48,194.52,194.365,194.4183
2019-06-11T14:58:00Z,194.43,194.62,194.43,194.5372
2019-06-11T14:59:00Z,194.57,194.6,194.46,194.54
2019-06-11T15:00:00Z,194.54,194.6,194.25,194.27
2019-06-11T15:01:00Z,194.3,194.46,194.3,194.4
2019-06-11T15:02:00Z,194.39,194.47,194.39,194.42
2019-06-11T15:03:00Z,194.4248,194.54,194.41,194.5299
2019-06-11T15:04:00Z,194.52,194.59,194.46,194.53
2019-06-11T15:05:00Z,194.53,194.68,194.44,194.58
2019-06-11T15:06:00Z,194.6073,194.85,194.58,194.7612
2019-06-11T15:07:00Z,194.7787,194.8837,194.75,194.84
2019-06-11T15:08:00Z,194.84,194.84,194.54,194.7999
2019-06-11T15:09:00Z,194.76,194.79,194.65,194.68
2019-06-11T15:10:00Z,194.67,194.829,194.62,194.66
2019-06-11T15:11:00Z,194.66,194.7169,194.5959,194.68
2019-06-11T15:12:00Z,194.67,194.73,194.605,194.605
2019-06-11T15:13:00Z,194.6,194.72,194.5516,194.68
2019-06-11T15:14:00Z,194.63,194.69,194.58,194.6
2019-06-11T15:15:00Z,194.59,194.62,194.47,194.6101
2019-06-11T15:16:00Z,194.64,194.7056,194.57,194.67
2019-06-11T15:17:00Z,194.68,194.91,194.67,194.8554
2019-06-11T15:18:00Z,194.88,194.94,194.8446,194.87
2019-06-11T15:19:00Z,194.88,195.04,194.85,195.0362
2019-06-11T15:20:00Z,195.02,195.155,195,195.06
2019-06-11T15:21:00Z,195.02,195.12,194.94,195.0267
2019-06-11T15:22:00Z,195.0367,195.15,195.0065,195.12
2019-06-11T15:23:00Z,195.1131,195.13,195.05,195.0609
2019-06-11T15:24:00Z,195.0821,195.23,195.07,195.215
2019-06-11T15:25:00Z,195.215,195.23,194.93,195.0016
2019-06-11T15:26:00Z,195,195.09,194.98,194.9924
2019-06-11T15:27:00Z,194.99,195,194.82,194.9625
2019-06-11T15:28:00Z,194.96,195.01,194.86,194.87
2019-06-11T15:29:00Z,194.86,194.9,194.8,194.87
2019-06-11T15:30:00Z,194.88,195.1393,194.86,194.9201
2019-06-11T15:31:00Z,194.9,195,194.86,194.96
2019-06-11T15:32:00Z,194.96,194.97,194.87,194.906
2019-06-11T15:33:00Z,194.89,195.01,194.86,194.8607
2019-06-11T15:34:00Z,194.86,194.9,194.82,194.83
2019-06-11T15:35:00Z,194.84,195.04,194.83,194.9
2019-06-11T15:36:00Z,194.9,194.9,194.76,194.78
2019-06-11T15:37:00Z,194.77,194.77,194.6,194.6001
2019-06-11T15:38:00Z,194.57,194.63,194.36,194.37
2019-06-11T15:39:00Z,194.3732,194.3732,194.16,194.27
2019-06-11T15:40:00Z,194.26,194.409,194.24,194.365
2019-06-11T15:41:00Z,194.37,194.5101,194.36,194.36
2019-06-11T15:42:00Z,194.3899,194.5,194.36,194.475
2019-06-11T15:43:00Z,194.49,194.5438,194.46,194.5132
2019-06-11T15:44:00Z,194.5,194.64,194.41,194.56
2019-06-11T15:45:00Z,194.57,194.64,194.55,194.6
2019-06-11T15:46:00Z,194.6,194.685,194.6,194.64
2019-06-11T15:47:00Z,194.64,194.6401,194.52,194.63
2019-06-11T15:48:00Z,194.61,194.61,194.4,194.41
2019-06-11T15:49:00Z,194.401,194.44,194.26,194.38
2019-06-11T15:50:00Z,194.365,194.59,194.3,194.59
2019-06-11T15:51:00Z,194.61,194.62,194.4,194.49
2019-06-11T15:52:00Z,194.49,194.64,194.36,194.62
2019-06-11T15:53:00Z,194.59,194.5917,194.46,194.53
2019-06-11T15:54:00Z,194.54,194.68,194.54,194.63
2019-06-11T15:55:00Z,194.6,194.62,194.54,194.585
2019-06-11T15:56:00Z,194.6,194.67,194.5599,194.66
2019-06-11T15:57:00Z,194.66,194.77,194.66,194.77
2019-06-11T15:58:00Z,194.7831,194.7831,194.52,194.5225
2019-06-11T15:59:00Z,194.51,194.56,194.44,194.47
2019-06-11T16:00:00Z,194.45,194.55,194.37,194.39
2019-06-11T16:01:00Z,194.37,194.43,194.19,194.2
2019-06-11T16:02:00Z,194.21,194.21,193.93,193.9531
2019-06-11T16:03:00Z,193.94,194.01,193.86,194.01
2019-06-11T16:04:00Z,194.0089,194.17,193.9927,194.1503
2019-06-11T16:05:00Z,194.15,194.19,194.02,194.02
2019-06-11T16:06:00Z,194.0401,194.1,193.7,193.7602
2019-06-11T16:07:00Z,193.7639,193.89,193.7293,193.89
2019-06-11T16:08:00Z,193.9036,194.08,193.85,194.01
2019-06-11T16:09:00Z,194.02,194.08,193.91,193.9493
2019-06-11T16:10:00Z,193.93,193.98,193.87,193.97
2019-06-11T16:11:00Z,193.95,194.13,193.9385,194.115
2019-06-11T16:12:00Z,194.11,194.12,193.97,194.01
2019-06-11T16:13:00Z,194.03,194.09,193.95,193.9735
2019-06-11T16:14:00Z,193.99,194.12,193.99,194.08
2019-06-11T16:15:00Z,194.06,194.09,193.91,194.075
2019-06-11T16:16:00Z,194.0803,194.27,194.0803,194.15
2019-06-11T16:17:00Z,194.17,194.31,194.16,194.29
2019-06-11T16:18:00Z,194.251,194.29,194.11,194.15
2019-06-11T16:19:00Z,194.14,194.2,194.06,194.1
2019-06-11T16:20:00Z,194.08,194.18,194.01,194.145
2019-06-11T16:21:00Z,194.14,194.25,194.06,194.235
2019-06-11T16:22:00Z,194.25,194.27,194.16,194.19
2019-06-11T16:23:00Z,194.19,194.22,194.11,194.1166
2019-06-11T16:24:00Z,194.1,194.15,194.01,194.11
2019-06-11T16:25:00Z,194.09,194.09,194,194.06
2019-06-11T16:26:00Z,194.08,194.1,193.98,194.03
2019-06-11T16:27:00Z,194.05,194.07,193.93,194.02
2019-06-11T16:28:00Z,194.0345,194.08,193.89,193.91
2019-06-11T16:29:00Z,193.91,193.92,193.86,193.86
2019-06-11T16:30:00Z,193.87,194.13,193.84,194.13
2019-06-11T16:31:00Z,194.13,194.2,194.08,194.19
2019-06-11T16:32:00Z,194.1831,194.29,194.1831,194.2
2019-06-11T16:33:00Z,194.17,194.21,194.11,194.17
2019-06-11T16:34:00Z,194.2,194.2,194.12,194.1571
2019-06-11T16:35:00Z,194.14,194.25,194.12,194.2298
2019-06-11T16:36:00Z,194.24,194.24,193.9,193.975
2019-06-11T16:37:00Z,193.99,194.13,193.96,194.05
2019-06-11T16:38:00Z,194.07,194.14,193.99,194.04
2019-06-11T16:39:00Z,194.04,194.17,194.04,194.07
2019-06-11T16:40:00Z,194.07,194.18,194.06,194.15
2019-06-11T16:41:00Z,194.18,194.19,194.06,194.09
2019-06-11T16:42:00Z,194.1056,194.12,193.94,194.02
2019-06-11T16:43:00Z,194.02,194.145,193.98,194.1
2019-06-11T16:44:00Z,194.105,194.16,194.01,194.02
2019-06-11T16:45:00Z,194.01,194.16,194.01,194.11
2019-06-11T16:46:00Z,194.101,194.16,194.02,194.13
2019-06-11T16:47:00Z,194.14,194.14,194,194.02
2019-06-11T16:48:00Z,194.02,194.09,193.83,193.83
2019-06-11T16:49:00Z,193.84,193.86,193.75,193.8
2019-06-11T16:50:00Z,193.84,193.98,193.82,193.9
2019-06-11T16:51:00Z,193.9,193.99,193.84,193.86
2019-06-11T16:52:00Z,193.91,193.99,193.91,193.97
2019-06-11T16:53:00Z,193.99,194,193.92,193.94
2019-06-11T16:54:00Z,193.95,193.96,193.7,193.71
2019-06-11T16:55:00Z,193.73,193.73,193.6,193.61
2019-06-11T16:56:00Z,193.64,193.7,193.6,193.62
2019-06-11T16:57:00Z,193.65,193.82,193.65,193.7437
2019-06-11T16:58:00Z,193.73,193.74,193.68,193.68
2019-06-11T16:59:00Z,193.68,193.82,193.675,193.76
2019-06-11T17:00:00Z,193.72,193.86,193.68,193.81
2019-06-11T17:01:00Z,193.81,193.99,193.805,193.99
2019-06-11T17:02:00Z,193.96,193.99,193.917,193.92
2019-06-11T17:03:00Z,193.92,194.05,193.91,193.98
2019-06-11T17:04:00Z,193.96,193.96,193.83,193.86
2019-06-11T17:05:00Z,193.89,193.96,193.85,193.85
2019-06-11T17:06:00Z,193.86,193.9,193.7803,193.7831
2019-06-11T17:07:00Z,193.83,193.91,193.83,193.88
2019-06-11T17:08:00Z,193.89,193.9,193.77,193.83
2019-06-11T17:09:00Z,193.82,193.9,193.8064,193.83
2019-06-11T17:10:00Z,193.8401,193.8401,193.71,193.82
2019-06-11T17:11:00Z,193.8,193.9,193.785,193.8761
2019-06-11T17:12:00Z,193.875,193.905,193.81,193.9
2019-06-11T17:13:00Z,193.9,193.98,193.88,193.96
2019-06-11T17:14:00Z,193.98,194.13,193.98,194.1296
2019-06-11T17:15:00Z,194.12,194.24,194.11,194.2
2019-06-11T17:16:00Z,194.19,194.19,194.065,194.08
2019-06-11T17:17:00Z,194.0825,194.12,194,194.0201
2019-06-11T17:18:00Z,194.038,194.12,194.03,194.085
2019-06-11T17:19:00Z,194.08,194.1153,194.02,194.04
2019-06-11T17:20:00Z,194.025,194.03,193.9402,193.9913
2019-06-11T17:21:00Z,194,194.03,193.96,194.0131
2019-06-11T17:22:00Z,194.02,194.1,193.99,194.04
2019-06-11T17:23:00Z,194.04,194.0433,193.94,193.96
2019-06-11T17:24:00Z,193.95,193.97,193.8,193.9
2019-06-11T17:25:00Z,193.89,193.91,193.77,193.83
2019-06-11T17:26:00Z,193.84,193.84,193.77,193.798
2019-06-11T17:27:00Z,193.8,193.92,193.79,193.8
2019-06-11T17:28:00Z,193.8,193.87,193.75,193.87
2019-06-11T17:29:00Z,193.8502,193.9,193.77,193.89
2019-06-11T17:30:00Z,193.89,193.89,193.72,193.79
2019-06-11T17:31:00Z,193.78,193.9062,193.76,193.9062
2019-06-11T17:32:00Z,193.91,194.04,193.91,194.0223
2019-06-11T17:33:00Z,194.02,194.09,194.02,194.04
2019-06-11T17:34:00Z,194.03,194.08,194.02,194.04
2019-06-11T17:35:00Z,194.03,194.0861,193.99,194.07
2019-06-11T17:36:00Z,194.06,194.15,194.05,194.07
2019-06-11T17:37:00Z,194.08,194.115,194.01,194.1051
2019-06-11T17:38:00Z,194.11,194.12,194.0901,194.1002
2019-06-11T17:39:00Z,194.12,194.12,194.001,194.05
2019-06-11T17:40:00Z,194.065,194.1016,193.995,194.04
2019-06-11T17:41:00Z,194.05,194.1525,194.05,194.15
2019-06-11T17:42:00Z,194.18,194.21,194.11,194.15
2019-06-11T17:43:00Z,194.15,194.15,194.0656,194.09
2019-06-11T17:44:00Z,194.095,194.13,194.08,194.1153
2019-06-11T17:45:00Z,194.13,194.14,194.08,194.1199
2019-06-11T17:46:00Z,194.122,194.1306,194.02,194.05
2019-06-11T17:47:00Z,194.02,194.039,193.97,194.02
2019-06-11T17:48:00Z,194.02,194.05,193.975,194
2019-06-11T17:49:00Z,194,194.1,193.93,194.1
2019-06-11T17:50:00Z,194.08,194.15,194.08,194.11
2019-06-11T17:51:00Z,194.11,194.16,194.11,194.14
2019-06-11T17:52:00Z,194.14,194.2,194.1245,194.1996
2019-06-11T17:53:00Z,194.1919,194.28,194.17,194.24
2019-06-11T17:54:00Z,194.25,194.34,194.23,194.3093
2019-06-11T17:55:00Z,194.3115,194.42,194.3115,194.3993
2019-06-11T17:56:00Z,194.42,194.44,194.3902,194.4
2019-06-11T17:57:00Z,194.41,194.54,194.41,194.5
2019-06-11T17:58:00Z,194.52,194.5289,194.3941,194.3978
2019-06-11T17:59:00Z,194.39,194.4207,194.36,194.41
2019-06-11T18:00:00Z,194.41,194.6,194.4093,194.56
2019-06-11T18:01:00Z,194.57,194.6249,194.53,194.62
2019-06-11T18:02:00Z,194.62,194.74,194.62,194.71
2019-06-11T18:03:00Z,194.74,194.82,194.6855,194.73
2019-06-11T18:04:00Z,194.72,194.75,194.66,194.71
2019-06-11T18:05:00Z,194.68,194.7,194.5327,194.57
2019-06-11T18:06:00Z,194.58,194.615,194.5134,194.57
2019-06-11T18:07:00Z,194.5707,194.66,194.5522,194.62
2019-06-11T18:08:00Z,194.61,194.6397,194.54,194.54
2019-06-11T18:09:00Z,194.55,194.5937,194.52,194.54
2019-06-11T18:10:00Z,194.545,194.56,194.33,194.33
2019-06-11T18:11:00Z,194.35,194.46,194.33,194.3662
2019-06-11T18:12:00Z,194.37,194.45,194.31,194.44
2019-06-11T18:13:00Z,194.45,194.49,194.42,194.46
2019-06-11T18:14:00Z,194.46,194.5,194.44,194.49
2019-06-11T18:15:00Z,194.5,194.5,194.34,194.449
2019-06-11T18:16:00Z,194.45,194.46,194.38,194.38
2019-06-11T18:17:00Z,194.38,194.44,194.33,194.39
2019-06-11T18:18:00Z,194.42,194.44,194.35,194.35
2019-06-11T18:19:00Z,194.37,194.37,194.21,194.26
2019-06-11T18:20:00Z,194.26,194.41,194.26,194.41
2019-06-11T18:21:00Z,194.41,194.45,194.3767,194.425
2019-06-11T18:22:00Z,194.43,194.48,194.37,194.42
2019-06-11T18:23:00Z,194.41,194.48,194.39,194.46
2019-06-11T18:24:00Z,194.45,194.51,194.4,194.42
2019-06-11T18:25:00Z,194.415,194.45,194.38,194.39
2019-06-11T18:26:00Z,194.38,194.3836,194.27,194.2958
2019-06-11T18:27:00Z,194.31,194.49,194.305,194.48
2019-06-11T18:28:00Z,194.49,194.52,194.32,194.36
2019-06-11T18:29:00Z,194.37,194.38,194.25,194.255
2019-06-11T18:30:00Z,194.26,194.3819,194.26,194.32
2019-06-11T18:31:00Z,194.3,194.33,194.22,194.255
2019-06-11T18:32:00Z,194.2791,194.28,194.21,194.2477
2019-06-11T18:33:00Z,194.26,194.36,194.22,194.32
2019-06-11T18:34:00Z,194.325,194.33,194.255,194.26
2019-06-11T18:35:00Z,194.26,194.26,194.1,194.11
2019-06-11T18:36:00Z,194.14,194.21,194.11,194.2
2019-06-11T18:37:00Z,194.1999,194.1999,194.01,194.0499
2019-06-11T18:38:00Z,194.0302,194.0354,193.89,193.96
2019-06-11T18:39:00Z,194,194.11,193.95,194.11
2019-06-11T18:40:00Z,194.11,194.1318,193.94,194.01
2019-06-11T18:41:00Z,194.03,194.076,193.995,194.02
2019-06-11T18:42:00Z,194.038,194.08,194.018,194.03
2019-06-11T18:43:00Z,194.04,194.18,194.04,194.1414
2019-06-11T18:44:00Z,194.15,194.16,194.11,194.15
2019-06-11T18:45:00Z,194.15,194.15,194.05,194.05
2019-06-11T18:46:00Z,194.07,194.07,193.98,193.98
2019-06-11T18:47:00Z,193.98,194.11,193.95,194.11
2019-06-11T18:48:00Z,194.1178,194.2225,194.11,194.22
2019-06-11T18:49:00Z,194.22,194.2397,194.13,194.1776
2019-06-11T18:50:00Z,194.19,194.2624,194.18,194.18
2019-06-11T18:51:00Z,194.17,194.24,194.15,194.236
2019-06-11T18:52:00Z,194.2469,194.34,194.24,194.28
2019-06-11T18:53:00Z,194.26,194.26,194.19,194.205
2019-06-11T18:54:00Z,194.2,194.2,194.15,194.17
2019-06-11T18:55:00Z,194.17,194.17,194.06,194.13
2019-06-11T18:56:00Z,194.14,194.301,194.14,194.24
2019-06-11T18:57:00Z,194.24,194.32,194.2,194.299
2019-06-11T18:58:00Z,194.29,194.41,194.29,194.39
2019-06-11T18:59:00Z,194.394,194.47,194.37,194.44
2019-06-11T19:00:00Z,194.44,194.449,194.325,194.38
2019-06-11T19:01:00Z,194.3802,194.3802,194.2734,194.34
2019-06-11T19:02:00Z,194.34,194.375,194.175,194.175
2019-06-11T19:03:00Z,194.16,194.16,194.03,194.1
2019-06-11T19:04:00Z,194.09,194.13,193.99,194.05
2019-06-11T19:05:00Z,194.05,194.26,194.05,194.21
2019-06-11T19:06:00Z,194.22,194.42,194.22,194.37
2019-06-11T19:07:00Z,194.3605,194.48,194.355,194.445
2019-06-11T19:08:00Z,194.44,194.56,194.42,194.4866
2019-06-11T19:09:00Z,194.48,194.6522,194.46,194.57
2019-06-11T19:10:00Z,194.5784,194.6415,194.5,194.54
2019-06-11T19:11:00Z,194.54,194.69,194.47,194.665
2019-06-11T19:12:00Z,194.6666,194.725,194.62,194.7131
2019-06-11T19:13:00Z,194.71,194.71,194.5832,194.6186
2019-06-11T19:14:00Z,194.62,194.735,194.61,194.68
2019-06-11T19:15:00Z,194.6732,194.78,194.6732,194.7785
2019-06-11T19:16:00Z,194.7699,194.847,194.735,194.83
2019-06-11T19:17:00Z,194.83,194.84,194.7266,194.745
2019-06-11T19:18:00Z,194.73,194.77,194.67,194.76
2019-06-11T19:19:00Z,194.76,194.81,194.71,194.7109
2019-06-11T19:20:00Z,194.7109,194.85,194.71,194.82
2019-06-11T19:21:00Z,194.82,194.85,194.63,194.63
2019-06-11T19:22:00Z,194.65,194.69,194.53,194.58
2019-06-11T19:23:00Z,194.58,194.6,194.51,194.57
2019-06-11T19:24:00Z,194.57,194.76,194.57,194.7589
2019-06-11T19:25:00Z,194.755,194.77,194.69,194.71
2019-06-11T19:26:00Z,194.7,194.78,194.62,194.78
2019-06-11T19:27:00Z,194.78,194.84,194.77,194.83
2019-06-11T19:28:00Z,194.83,194.87,194.76,194.77
2019-06-11T19:29:00Z,194.77,194.87,194.77,194.87
2019-06-11T19:30:00Z,194.86,194.88,194.76,194.78
2019-06-11T19:31:00Z,194.77,194.94,194.77,194.9
2019-06-11T19:32:00Z,194.93,195.05,194.9136,195.03
2019-06-11T19:33:00Z,195.04,195.16,194.985,195.1492
2019-06-11T19:34:00Z,195.1568,195.1568,194.97,195.01
2019-06-11T19:35:00Z,195,195.0225,194.98,195.02
2019-06-11T19:36:00Z,195.02,195.02,194.93,194.97
2019-06-11T19:37:00Z,194.97,194.98,194.83,194.86
2019-06-11T19:38:00Z,194.85,194.88,194.81,194.84
2019-06-11T19:39:00Z,194.82,194.96,194.81,194.935
2019-06-11T19:40:00Z,194.93,194.9305,194.84,194.905
2019-06-11T19:41:00Z,194.92,194.95,194.91,194.94
2019-06-11T19:42:00Z,194.94,194.96,194.88,194.94
2019-06-11T19:43:00Z,194.95,194.96,194.82,194.83
2019-06-11T19:44:00Z,194.8273,194.967,194.82,194.91
2019-06-11T19:45:00Z,194.91,194.9193,194.83,194.91
2019-06-11T19:46:00Z,194.91,194.94,194.875,194.94
2019-06-11T19:47:00Z,194.94,195.11,194.94,195.1
2019-06-11T19:48:00Z,195.08,195.09,194.96,195.07
2019-06-11T19:49:00Z,195.065,195.09,195,195.02
2019-06-11T19:50:00Z,195.03,195.06,194.79,194.92
2019-06-11T19:51:00Z,194.9181,194.98,194.82,194.8381
2019-06-11T19:52:00Z,194.83,194.88,194.78,194.81
2019-06-11T19:53:00Z,194.79,194.855,194.76,194.8479
2019-06-11T19:54:00Z,194.85,194.98,194.78,194.85
2019-06-11T19:55:00Z,194.85,194.9,194.74,194.865
2019-06-11T19:56:00Z,194.865,195.04,194.85,194.85
2019-06-11T19:57:00Z,194.87,194.9,194.81,194.8116
2019-06-11T19:58:00Z,194.81,194.87,194.75,194.7643
2019-06-11T19:59:00Z,194.78,194.85,194.66,194.81
