2020-06-26T13:30:00Z,364.45,364.98,363.85,364.96
2020-06-26T13:31:00Z,364.92,365.32,364.31,364.3275
2020-06-26T13:32:00Z,364.36,364.392,363.37,363.53
2020-06-26T13:33:00Z,363.52,364.45,363.4047,364.115
2020-06-26T13:34:00Z,364.15,364.16,363.53,363.75
2020-06-26T13:35:00Z,363.77,364.21,363.5102,363.945
2020-06-26T13:36:00Z,363.94,364.39,363.92,364.2
2020-06-26T13:37:00Z,364.2,364.3,363.6,363.955
2020-06-26T13:38:00Z,363.97,364.04,363.61,363.6955
2020-06-26T13:39:00Z,363.68,363.72,362.73,363.17
2020-06-26T13:40:00Z,363.17,363.21,362.2227,362.39
2020-06-26T13:41:00Z,362.425,362.8499,362.34,362.62
2020-06-26T13:42:00Z,362.625,362.96,362.36,362.36
2020-06-26T13:43:00Z,362.43,362.43,362,362.26
2020-06-26T13:44:00Z,362.25,364.38,361.8,361.88
2020-06-26T13:45:00Z,361.88,361.9822,361.53,361.865
2020-06-26T13:46:00Z,361.86,362.3,361.81,362.275
2020-06-26T13:47:00Z,362.26,362.88,362.26,362.48
2020-06-26T13:48:00Z,362.48,362.5774,362.07,362.16
2020-06-26T13:49:00Z,362.15,362.32,361.865,362.25
2020-06-26T13:50:00Z,362.21,362.39,361.86,362.04
2020-06-26T13:51:00Z,362.055,362.44,361.8,362.44
2020-06-26T13:52:00Z,362.419,362.57,362.05,362.135
2020-06-26T13:53:00Z,362.18,362.28,361.8,362.18
2020-06-26T13:54:00Z,362.16,362.56,362.155,362.515
2020-06-26T13:55:00Z,362.5,362.7,362.365,362.39
2020-06-26T13:56:00Z,362.37,362.46,362.24,362.35
2020-06-26T13:57:00Z,362.375,362.43,362,362.09
2020-06-26T13:58:00Z,362.115,362.365,362.0901,362.28
2020-06-26T13:59:00Z,362.3,362.49,362.2198,362.395
2020-06-26T14:00:00Z,362.37,362.37,361.64,361.82
2020-06-26T14:01:00Z,361.804,361.82,360.81,361.125
2020-06-26T14:02:00Z,361.125,361.16,360.48,360.72
2020-06-26T14:03:00Z,360.72,361.1078,360.5,360.8873
2020-06-26T14:04:00Z,360.88,361.05,360.72,361.01
2020-06-26T14:05:00Z,361.02,361.1,360.77,361
2020-06-26T14:06:00Z,361.03,361.1385,360.88,361.1385
2020-06-26T14:07:00Z,361.12,361.33,361.05,361.2174
2020-06-26T14:08:00Z,361.2095,361.27,360.99,361.05
2020-06-26T14:09:00Z,361.07,361.255,361.01,361.07
2020-06-26T14:10:00Z,361.021,361.07,360.16,360.2501
2020-06-26T14:11:00Z,360.26,360.34,358.65,358.71
2020-06-26T14:12:00Z,358.71,359.5,358.685,359.33
2020-06-26T14:13:00Z,359.2801,359.64,359.28,359.49
2020-06-26T14:14:00Z,359.5,359.56,359.16,359.1793
2020-06-26T14:15:00Z,359.1851,359.1851,358.61,358.9
2020-06-26T14:16:00Z,358.89,358.9424,358.12,358.17
2020-06-26T14:17:00Z,358.213,358.33,357.79,357.8701
2020-06-26T14:18:00Z,357.8909,358.14,357.68,357.835
2020-06-26T14:19:00Z,357.8389,357.8389,357.2,357.36
2020-06-26T14:20:00Z,357.38,357.46,356.51,356.5771
2020-06-26T14:21:00Z,356.55,356.7599,355.88,355.94
2020-06-26T14:22:00Z,355.93,356.379,355.86,356.245
2020-06-26T14:23:00Z,356.245,356.37,355.18,355.29
2020-06-26T14:24:00Z,355.3501,357.02,355.32,356.89
2020-06-26T14:25:00Z,356.89,357.46,356.815,357.4335
2020-06-26T14:26:00Z,357.4499,357.55,357.1501,357.4278
2020-06-26T14:27:00Z,357.39,357.4,356.89,357.13
2020-06-26T14:28:00Z,357.1,357.29,356.84,357.0724
2020-06-26T14:29:00Z,357.057,357.886,356.8906,357.62
2020-06-26T14:30:00Z,357.66,357.86,357.31,357.86
2020-06-26T14:31:00Z,357.83,358.17,357.66,358.0489
2020-06-26T14:32:00Z,358.04,358.18,357.31,357.355
2020-06-26T14:33:00Z,357.3842,357.6823,356.6435,356.68
2020-06-26T14:34:00Z,356.67,357.26,356.64,356.93
2020-06-26T14:35:00Z,357.0278,357.36,356.63,357.327
2020-06-26T14:36:00Z,357.35,357.4,356.6,356.93
2020-06-26T14:37:00Z,356.903,357.2,356.645,356.74
2020-06-26T14:38:00Z,356.7498,356.86,356.3,356.59
2020-06-26T14:39:00Z,356.5635,356.86,356.5001,356.76
2020-06-26T14:40:00Z,356.67,357.23,356.3501,357.2285
2020-06-26T14:41:00Z,357.2262,357.43,356.8057,357.3738
2020-06-26T14:42:00Z,357.34,357.38,356.8609,357.286
2020-06-26T14:43:00Z,357.26,357.58,356.91,357.4727
2020-06-26T14:44:00Z,357.46,357.6,357.045,357.5301
2020-06-26T14:45:00Z,357.53,357.75,357.08,357.578
2020-06-26T14:46:00Z,357.54,357.7408,357.05,357.09
2020-06-26T14:47:00Z,357.03,357.2997,356.9,357.2
2020-06-26T14:48:00Z,357.1264,357.4,356.29,356.3299
2020-06-26T14:49:00Z,356.33,356.6613,356.02,356.13
2020-06-26T14:50:00Z,356.17,356.3699,355.0504,355.07
2020-06-26T14:51:00Z,355.15,356.44,355.13,356.44
2020-06-26T14:52:00Z,356.44,357.05,356.4301,356.7701
2020-06-26T14:53:00Z,356.77,357.18,356.6001,356.72
2020-06-26T14:54:00Z,356.79,356.9899,356.3501,356.615
2020-06-26T14:55:00Z,356.625,356.77,356.24,356.72
2020-06-26T14:56:00Z,356.7492,357.4127,356.37,356.8
2020-06-26T14:57:00Z,356.7401,357.35,356.56,357.215
2020-06-26T14:58:00Z,357.2465,357.78,357.16,357.6128
2020-06-26T14:59:00Z,357.6096,357.6399,357.06,357.42
2020-06-26T15:00:00Z,357.42,357.74,357.2115,357.7047
2020-06-26T15:01:00Z,357.68,357.88,357.4106,357.7796
2020-06-26T15:02:00Z,357.72,358.15,357.5,358.02
2020-06-26T15:03:00Z,358.025,358.76,358.025,358.35
2020-06-26T15:04:00Z,358.365,358.61,358.31,358.51
2020-06-26T15:05:00Z,358.4901,358.77,358.465,358.6235
2020-06-26T15:06:00Z,358.65,359.12,358.61,359.07
2020-06-26T15:07:00Z,359.07,359.52,358.96,359.51
2020-06-26T15:08:00Z,359.5051,359.5051,358.94,359.0699
2020-06-26T15:09:00Z,359.0999,359.16,358.9103,359.02
2020-06-26T15:10:00Z,359.02,359.06,358.84,358.91
2020-06-26T15:11:00Z,358.91,359.24,358.89,359.125
2020-06-26T15:12:00Z,359.13,359.3948,359.13,359.39
2020-06-26T15:13:00Z,359.38,359.655,359.21,359.59
2020-06-26T15:14:00Z,359.614,359.84,359.5,359.74
2020-06-26T15:15:00Z,359.73,359.74,359.09,359.1699
2020-06-26T15:16:00Z,359.17,359.2299,359.02,359.07
2020-06-26T15:17:00Z,359.11,359.5098,358.83,358.832
2020-06-26T15:18:00Z,358.83,359.08,358.65,359.06
2020-06-26T15:19:00Z,359.06,359.46,358.7,358.79
2020-06-26T15:20:00Z,358.78,358.97,358.6701,358.76
2020-06-26T15:21:00Z,358.77,359.21,358.74,358.76
2020-06-26T15:22:00Z,358.7762,358.7999,358.35,358.48
2020-06-26T15:23:00Z,358.49,358.72,358.25,358.2801
2020-06-26T15:24:00Z,358.336,358.815,358.3132,358.59
2020-06-26T15:25:00Z,358.6104,359,358.355,358.43
2020-06-26T15:26:00Z,358.445,358.76,358.2201,358.73
2020-06-26T15:27:00Z,358.73,359.08,358.62,358.97
2020-06-26T15:28:00Z,358.99,359.31,358.85,358.91
2020-06-26T15:29:00Z,358.96,359.17,358.75,358.99
2020-06-26T15:30:00Z,359.06,359.33,358.7306,359.31
2020-06-26T15:31:00Z,359.3338,359.3338,358.75,358.95
2020-06-26T15:32:00Z,358.88,359.09,358.65,358.69
2020-06-26T15:33:00Z,358.701,359.0666,358.42,358.42
2020-06-26T15:34:00Z,358.445,358.85,358.34,358.8292
2020-06-26T15:35:00Z,358.86,359.28,358.77,359.09
2020-06-26T15:36:00Z,359.0704,359.4,358.88,359.335
2020-06-26T15:37:00Z,359.345,359.5,359.1901,359.3586
2020-06-26T15:38:00Z,359.43,360.04,359.3601,360
2020-06-26T15:39:00Z,360,360.12,359.8801,360.0031
2020-06-26T15:40:00Z,360.02,360.39,359.94,360.24
2020-06-26T15:41:00Z,360.2599,360.2699,360,360.105
2020-06-26T15:42:00Z,360.105,360.21,359.87,360.17
2020-06-26T15:43:00Z,360.155,360.31,360.02,360.2401
2020-06-26T15:44:00Z,360.28,360.38,360.11,360.3
2020-06-26T15:45:00Z,360.27,360.53,360.05,360.17
2020-06-26T15:46:00Z,360.17,360.21,359.96,360.21
2020-06-26T15:47:00Z,360.2,360.53,360.14,360.38
2020-06-26T15:48:00Z,360.37,360.67,360.3,360.54
2020-06-26T15:49:00Z,360.545,360.93,360.45,360.76
2020-06-26T15:50:00Z,360.81,360.9,360.52,360.615
2020-06-26T15:51:00Z,360.63,360.89,360.62,360.79
2020-06-26T15:52:00Z,360.79,360.8255,360.591,360.67
2020-06-26T15:53:00Z,360.68,360.76,360.535,360.6536
2020-06-26T15:54:00Z,360.655,360.66,360.36,360.435
2020-06-26T15:55:00Z,360.42,360.635,360.28,360.3
2020-06-26T15:56:00Z,360.3,360.67,360.3,360.67
2020-06-26T15:57:00Z,360.69,361,360.6101,360.9482
2020-06-26T15:58:00Z,360.94,361.4,360.9001,361.16
2020-06-26T15:59:00Z,361.18,361.2074,360.88,360.88
2020-06-26T16:00:00Z,360.9,360.96,360.39,360.59
2020-06-26T16:01:00Z,360.56,360.72,360.44,360.565
2020-06-26T16:02:00Z,360.505,360.55,359.7715,359.96
2020-06-26T16:03:00Z,359.88,360.1,359.81,360.08
2020-06-26T16:04:00Z,360.0947,360.23,359.85,359.85
2020-06-26T16:05:00Z,359.87,359.99,359.6201,359.6402
2020-06-26T16:06:00Z,359.68,359.69,359.2301,359.27
2020-06-26T16:07:00Z,359.2,359.31,358.73,358.84
2020-06-26T16:08:00Z,358.87,359.36,358.84,359.23
2020-06-26T16:09:00Z,359.202,359.23,358.82,358.8346
2020-06-26T16:10:00Z,358.83,359.22,358.82,359.205
2020-06-26T16:11:00Z,359.2,359.2399,358.9301,358.94
2020-06-26T16:12:00Z,358.93,358.935,358.4,358.4499
2020-06-26T16:13:00Z,358.43,358.46,358.07,358.07
2020-06-26T16:14:00Z,358.06,358.74,358.0217,358.529
2020-06-26T16:15:00Z,358.52,358.76,358.49,358.67
2020-06-26T16:16:00Z,358.65,358.82,358.32,358.3201
2020-06-26T16:17:00Z,358.32,358.4291,357.9405,358.07
2020-06-26T16:18:00Z,358.03,358.1,357.6973,357.8301
2020-06-26T16:19:00Z,357.855,357.97,357.58,357.823
2020-06-26T16:20:00Z,357.8101,357.8361,357.06,357.43
2020-06-26T16:21:00Z,357.47,357.91,357.45,357.825
2020-06-26T16:22:00Z,357.804,357.86,357.55,357.86
2020-06-26T16:23:00Z,357.84,358.23,357.7802,358.14
2020-06-26T16:24:00Z,358.095,358.2899,357.94,358.2413
2020-06-26T16:25:00Z,358.24,358.7,358.09,358.6275
2020-06-26T16:26:00Z,358.64,358.76,358.4,358.45
2020-06-26T16:27:00Z,358.48,358.5499,358.2501,358.3799
2020-06-26T16:28:00Z,358.38,358.57,358.2869,358.3309
2020-06-26T16:29:00Z,358.38,358.4878,358.1528,358.25
2020-06-26T16:30:00Z,358.23,358.23,357.8001,357.87
2020-06-26T16:31:00Z,357.86,357.9199,357.58,357.7
2020-06-26T16:32:00Z,357.75,358.09,357.6,358.055
2020-06-26T16:33:00Z,358.0541,358.23,357.6204,357.64
2020-06-26T16:34:00Z,357.66,357.78,357.18,357.51
2020-06-26T16:35:00Z,357.51,357.7,357.18,357.22
2020-06-26T16:36:00Z,357.18,357.4758,357.065,357.44
2020-06-26T16:37:00Z,357.435,357.56,357.1,357.3966
2020-06-26T16:38:00Z,357.37,357.68,357.21,357.5799
2020-06-26T16:39:00Z,357.58,358.03,357.58,358.0299
2020-06-26T16:40:00Z,358.08,358.1,357.59,357.6
2020-06-26T16:41:00Z,357.5367,357.54,357.12,357.2286
2020-06-26T16:42:00Z,357.2498,357.4296,357.2314,357.33
2020-06-26T16:43:00Z,357.3001,357.384,356.9,357.135
2020-06-26T16:44:00Z,357.15,357.57,357.1499,357.5087
2020-06-26T16:45:00Z,357.48,357.505,357.14,357.23
2020-06-26T16:46:00Z,357.19,357.2808,356.89,356.99
2020-06-26T16:47:00Z,356.99,357.53,356.84,357.3301
2020-06-26T16:48:00Z,357.38,358.12,357.36,357.9099
2020-06-26T16:49:00Z,357.906,357.97,357.74,357.8098
2020-06-26T16:50:00Z,357.81,357.9,357.53,357.5307
2020-06-26T16:51:00Z,357.5306,357.92,357.51,357.8312
2020-06-26T16:52:00Z,357.88,358.37,357.825,358.2395
2020-06-26T16:53:00Z,358.2496,358.51,358.13,358.4623
2020-06-26T16:54:00Z,358.48,358.52,358.29,358.46
2020-06-26T16:55:00Z,358.465,358.49,358.19,358.3388
2020-06-26T16:56:00Z,358.34,358.59,358.34,358.52
2020-06-26T16:57:00Z,358.5,358.74,358.48,358.6087
2020-06-26T16:58:00Z,358.6,358.714,358.51,358.64
2020-06-26T16:59:00Z,358.648,359,358.55,358.97
2020-06-26T17:00:00Z,358.95,358.99,358.7,358.9646
2020-06-26T17:01:00Z,358.99,359.66,358.968,359.5542
2020-06-26T17:02:00Z,359.53,359.7,359.4,359.63
2020-06-26T17:03:00Z,359.63,359.75,359.401,359.445
2020-06-26T17:04:00Z,359.44,359.48,359.2001,359.39
2020-06-26T17:05:00Z,359.39,359.6832,359.37,359.5831
2020-06-26T17:06:00Z,359.582,360.05,359.5201,359.9042
2020-06-26T17:07:00Z,359.91,360.19,359.8458,360.17
2020-06-26T17:08:00Z,360.17,360.185,360.01,360.12
2020-06-26T17:09:00Z,360.14,360.16,359.84,359.9598
2020-06-26T17:10:00Z,359.9578,360,359.72,359.88
2020-06-26T17:11:00Z,359.9,359.94,359.73,359.835
2020-06-26T17:12:00Z,359.84,360,359.65,359.69
2020-06-26T17:13:00Z,359.72,359.72,359.51,359.53
2020-06-26T17:14:00Z,359.54,359.5962,359.36,359.39
2020-06-26T17:15:00Z,359.3801,359.67,359.38,359.615
2020-06-26T17:16:00Z,359.71,359.94,359.63,359.9044
2020-06-26T17:17:00Z,359.905,360.05,359.7201,359.745
2020-06-26T17:18:00Z,359.76,359.8599,359.31,359.355
2020-06-26T17:19:00Z,359.37,359.7154,359.37,359.646
2020-06-26T17:20:00Z,359.6517,359.7299,359.23,359.35
2020-06-26T17:21:00Z,359.33,359.54,359.06,359.06
2020-06-26T17:22:00Z,359.08,359.33,359.03,359.32
2020-06-26T17:23:00Z,359.32,359.7399,359.32,359.59
2020-06-26T17:24:00Z,359.54,359.68,359.48,359.55
2020-06-26T17:25:00Z,359.53,359.53,359.13,359.26
2020-06-26T17:26:00Z,359.23,359.54,359.23,359.54
2020-06-26T17:27:00Z,359.55,359.73,359.55,359.69
2020-06-26T17:28:00Z,359.68,359.9199,359.52,359.8852
2020-06-26T17:29:00Z,359.8801,359.9,359.7,359.8
2020-06-26T17:30:00Z,359.85,359.89,359.5,359.665
2020-06-26T17:31:00Z,359.75,359.9,359.72,359.7618
2020-06-26T17:32:00Z,359.79,359.85,359.5301,359.6768
2020-06-26T17:33:00Z,359.6601,359.71,359.3501,359.41
2020-06-26T17:34:00Z,359.42,359.48,359.271,359.38
2020-06-26T17:35:00Z,359.3967,359.45,358.91,358.9406
2020-06-26T17:36:00Z,358.95,359.02,358.38,358.61
2020-06-26T17:37:00Z,358.635,359.28,358.6,359.2693
2020-06-26T17:38:00Z,359.28,359.4,359.005,359.028
2020-06-26T17:39:00Z,359.0574,359.15,358.92,359.03
2020-06-26T17:40:00Z,359.05,359.05,358.66,358.76
2020-06-26T17:41:00Z,358.79,358.816,358.3801,358.46
2020-06-26T17:42:00Z,358.4839,358.86,358.2,358.27
2020-06-26T17:43:00Z,358.29,358.59,358.25,358.32
2020-06-26T17:44:00Z,358.299,358.4765,358.13,358.13
2020-06-26T17:45:00Z,358.16,358.27,357.94,358.005
2020-06-26T17:46:00Z,358,358.06,357.79,357.9481
2020-06-26T17:47:00Z,357.95,358.07,357.86,357.8761
2020-06-26T17:48:00Z,357.92,358.0629,357.91,357.91
2020-06-26T17:49:00Z,357.92,358.055,357.87,357.9838
2020-06-26T17:50:00Z,358.02,358.1,357.83,357.94
2020-06-26T17:51:00Z,357.92,358.047,357.85,357.93
2020-06-26T17:52:00Z,357.9201,358.04,357.79,357.7948
2020-06-26T17:53:00Z,357.77,358,357.6801,357.9176
2020-06-26T17:54:00Z,357.91,357.95,357.81,357.9068
2020-06-26T17:55:00Z,357.91,358,357.6289,357.6289
2020-06-26T17:56:00Z,357.61,357.629,357.4,357.4153
2020-06-26T17:57:00Z,357.43,357.48,357.3,357.42
2020-06-26T17:58:00Z,357.445,357.445,357.04,357.0879
2020-06-26T17:59:00Z,357.12,357.13,357.01,357.02
2020-06-26T18:00:00Z,357.025,357.3148,356.65,356.705
2020-06-26T18:01:00Z,356.705,357.1224,356.6,357.06
2020-06-26T18:02:00Z,357.04,357.71,357.04,357.6
2020-06-26T18:03:00Z,357.6,357.88,357.57,357.805
2020-06-26T18:04:00Z,357.817,357.817,357.41,357.44
2020-06-26T18:05:00Z,357.44,357.77,357.42,357.6
2020-06-26T18:06:00Z,357.6274,357.7,357.49,357.57
2020-06-26T18:07:00Z,357.54,357.85,357.53,357.78
2020-06-26T18:08:00Z,357.7764,357.87,357.52,357.545
2020-06-26T18:09:00Z,357.56,357.71,357.36,357.65
2020-06-26T18:10:00Z,357.71,358.06,357.64,357.69
2020-06-26T18:11:00Z,357.75,357.86,357.135,357.175
2020-06-26T18:12:00Z,357.2,357.23,356.9,356.965
2020-06-26T18:13:00Z,356.96,357.31,356.96,357.1161
2020-06-26T18:14:00Z,357.164,357.28,357.055,357.0793
2020-06-26T18:15:00Z,357.06,357.19,356.95,357.0554
2020-06-26T18:16:00Z,357.0479,357.26,357.04,357.04
2020-06-26T18:17:00Z,357.05,357.09,356.92,357.06
2020-06-26T18:18:00Z,357.09,357.3094,356.98,357.03
2020-06-26T18:19:00Z,357.085,357.22,356.86,356.92
2020-06-26T18:20:00Z,356.88,356.9273,356.63,356.86
2020-06-26T18:21:00Z,356.87,357.0499,356.82,356.97
2020-06-26T18:22:00Z,356.955,357.16,356.95,357.07
2020-06-26T18:23:00Z,357.09,357.09,356.82,356.82
2020-06-26T18:24:00Z,356.82,356.9499,356.74,356.9
2020-06-26T18:25:00Z,356.91,356.95,356.63,356.7202
2020-06-26T18:26:00Z,356.71,356.8,356.44,356.5803
2020-06-26T18:27:00Z,356.5898,356.65,356.26,356.26
2020-06-26T18:28:00Z,356.275,356.58,356.26,356.3862
2020-06-26T18:29:00Z,356.415,356.66,356.3,356.61
2020-06-26T18:30:00Z,356.6,356.66,356.08,356.08
2020-06-26T18:31:00Z,356.1043,356.73,356.035,356.705
2020-06-26T18:32:00Z,356.7293,356.82,356.55,356.66
2020-06-26T18:33:00Z,356.65,356.77,356.5756,356.69
2020-06-26T18:34:00Z,356.7,356.76,356.52,356.5556
2020-06-26T18:35:00Z,356.5351,356.5899,356.265,356.32
2020-06-26T18:36:00Z,356.339,356.47,355.9,356.2201
2020-06-26T18:37:00Z,356.23,356.3,355.92,356.24
2020-06-26T18:38:00Z,356.21,356.34,355.8,355.9011
2020-06-26T18:39:00Z,355.91,356.05,355.7,355.9999
2020-06-26T18:40:00Z,356.01,356.5094,355.95,356.2515
2020-06-26T18:41:00Z,356.22,356.24,356.0501,356.2
2020-06-26T18:42:00Z,356.2,356.23,356.11,356.13
2020-06-26T18:43:00Z,356.08,356.16,355.9001,356.15
2020-06-26T18:44:00Z,356.1599,356.42,355.9452,355.9607
2020-06-26T18:45:00Z,355.94,356.22,355.85,355.88
2020-06-26T18:46:00Z,355.875,355.9531,355.71,355.86
2020-06-26T18:47:00Z,355.84,356,355.63,355.8
2020-06-26T18:48:00Z,355.83,355.9099,355.545,355.55
2020-06-26T18:49:00Z,355.59,355.89,355.55,355.67
2020-06-26T18:50:00Z,355.68,356.2865,355.676,356.23
2020-06-26T18:51:00Z,356.2541,356.61,356.2541,356.33
2020-06-26T18:52:00Z,356.3649,356.63,356.24,356.5646
2020-06-26T18:53:00Z,356.61,356.75,356.39,356.54
2020-06-26T18:54:00Z,356.5,356.68,356.461,356.5199
2020-06-26T18:55:00Z,356.51,356.5199,355.64,355.869
2020-06-26T18:56:00Z,355.8599,356.2,355.78,356.09
2020-06-26T18:57:00Z,356.0666,356.19,355.8,356
2020-06-26T18:58:00Z,356.03,356.47,356.01,356.32
2020-06-26T18:59:00Z,356.325,356.49,356.19,356.2886
2020-06-26T19:00:00Z,356.23,357.14,356.23,356.99
2020-06-26T19:01:00Z,356.9999,357,356.73,356.92
2020-06-26T19:02:00Z,356.88,356.9582,356.71,356.8835
2020-06-26T19:03:00Z,356.92,356.979,356.71,356.9499
2020-06-26T19:04:00Z,356.979,356.98,356.59,356.62
2020-06-26T19:05:00Z,356.67,356.82,356.16,356.22
2020-06-26T19:06:00Z,356.215,356.4699,356.09,356.1999
2020-06-26T19:07:00Z,356.1999,356.28,356.01,356.14
2020-06-26T19:08:00Z,356.1145,356.26,355.65,355.65
2020-06-26T19:09:00Z,355.69,356.04,355.69,356.01
2020-06-26T19:10:00Z,355.94,356.0998,355.81,355.89
2020-06-26T19:11:00Z,355.82,355.96,355.41,355.7117
2020-06-26T19:12:00Z,355.7212,356.07,355.61,356.03
2020-06-26T19:13:00Z,356.03,356.2862,355.85,356.1112
2020-06-26T19:14:00Z,356.04,356.54,355.94,356.44
2020-06-26T19:15:00Z,356.41,356.72,356.2002,356.24
2020-06-26T19:16:00Z,356.2653,359.01,356,356.22
2020-06-26T19:17:00Z,356.2121,356.2623,355.9601,356.1705
2020-06-26T19:18:00Z,356.16,356.165,355.71,355.871
2020-06-26T19:19:00Z,355.895,355.98,355.6201,355.82
2020-06-26T19:20:00Z,355.82,356.08,355.57,355.57
2020-06-26T19:21:00Z,355.61,355.883,355.5901,355.81
2020-06-26T19:22:00Z,355.785,355.939,355.43,355.71
2020-06-26T19:23:00Z,355.72,356.17,355.62,355.93
2020-06-26T19:24:00Z,355.88,355.89,355.37,355.41
2020-06-26T19:25:00Z,355.439,355.48,355.07,355.11
2020-06-26T19:26:00Z,355.11,355.73,355.09,355.507
2020-06-26T19:27:00Z,355.508,356.25,355.42,355.97
2020-06-26T19:28:00Z,355.99,356.15,355.6,356.14
2020-06-26T19:29:00Z,356.1465,356.1499,355.875,356.0499
2020-06-26T19:30:00Z,356,356.13,355.7,355.73
2020-06-26T19:31:00Z,355.75,355.76,355.19,355.255
2020-06-26T19:32:00Z,355.25,355.49,355.1301,355.447
2020-06-26T19:33:00Z,355.44,355.73,355.12,355.4899
2020-06-26T19:34:00Z,355.5,355.57,355.08,355.19
2020-06-26T19:35:00Z,355.21,355.39,354.5,354.512
2020-06-26T19:36:00Z,354.51,354.88,354.33,354.74
2020-06-26T19:37:00Z,354.74,354.935,354.6801,354.92
2020-06-26T19:38:00Z,354.88,355.08,354.74,354.93
2020-06-26T19:39:00Z,354.935,355.245,354.85,355.2281
2020-06-26T19:40:00Z,355.23,355.7,354.95,355.66
2020-06-26T19:41:00Z,355.68,356.25,355.51,356.0477
2020-06-26T19:42:00Z,356.06,356.1399,355.85,356.0866
2020-06-26T19:43:00Z,356.0701,356.66,356.02,356.6363
2020-06-26T19:44:00Z,356.6699,356.8,356.33,356.7923
2020-06-26T19:45:00Z,356.77,357.09,356.58,357.069
2020-06-26T19:46:00Z,357.07,357.08,356.87,357.07
2020-06-26T19:47:00Z,357.03,357.4899,356.96,357.4576
2020-06-26T19:48:00Z,357.44,357.9,357.17,357.2448
2020-06-26T19:49:00Z,357.25,357.3,356.335,356.48
2020-06-26T19:50:00Z,356.52,356.53,355,356.15
2020-06-26T19:51:00Z,356.16,356.42,355.39,355.6
2020-06-26T19:52:00Z,355.58,355.8894,355.52,355.62
2020-06-26T19:53:00Z,355.62,355.69,354.8,355.17
2020-06-26T19:54:00Z,355.18,355.29,353.02,353.23
2020-06-26T19:55:00Z,353.28,355.72,353.12,355.48
2020-06-26T19:56:00Z,355.5115,355.61,354.2606,354.3499
2020-06-26T19:57:00Z,354.35,354.55,353.735,354.45
2020-06-26T19:58:00Z,354.43,354.47,353.74,353.85
2020-06-26T19:59:00Z,353.85,354.31,353.43,353.69
