2016-05-18T13:30:00Z,94.15,94.2,94.06,94.2
2016-05-18T13:31:00Z,94.2,94.22,93.89,94.0456
2016-05-18T13:32:00Z,94.05,94.19,93.97,94.01
2016-05-18T13:33:00Z,94.02,94.15,94.01,94.05
2016-05-18T13:34:00Z,94.035,94.1,93.97,93.97
2016-05-18T13:35:00Z,93.97,94.24,93.91,94.12
2016-05-18T13:36:00Z,94.1171,94.37,94.1,94.29
2016-05-18T13:37:00Z,94.28,94.282,94.13,94.18
2016-05-18T13:38:00Z,94.175,94.2,94.01,94.19
2016-05-18T13:39:00Z,94.2,94.26,94.16,94.235
2016-05-18T13:40:00Z,94.24,94.39,94.24,94.32
2016-05-18T13:41:00Z,94.33,94.45,94.31,94.4401
2016-05-18T13:42:00Z,94.45,94.56,94.43,94.525
2016-05-18T13:43:00Z,94.5262,94.585,94.465,94.55
2016-05-18T13:44:00Z,94.54,94.6,94.5,94.5801
2016-05-18T13:45:00Z,94.58,94.68,94.54,94.5799
2016-05-18T13:46:00Z,94.5676,94.568,94.48,94.49
2016-05-18T13:47:00Z,94.48,94.51,94.39,94.43
2016-05-18T13:48:00Z,94.43,94.466,94.34,94.4599
2016-05-18T13:49:00Z,94.46,94.5,94.3776,94.48
2016-05-18T13:50:00Z,94.4899,94.58,94.47,94.54
2016-05-18T13:51:00Z,94.54,94.54,94.4,94.46
2016-05-18T13:52:00Z,94.46,94.55,94.44,94.53
2016-05-18T13:53:00Z,94.537,94.55,94.44,94.45
2016-05-18T13:54:00Z,94.4532,94.495,94.42,94.47
2016-05-18T13:55:00Z,94.47,94.47,94.22,94.265
2016-05-18T13:56:00Z,94.23,94.4,94.2297,94.37
2016-05-18T13:57:00Z,94.36,94.44,94.3,94.31
2016-05-18T13:58:00Z,94.3,94.35,94.26,94.3299
2016-05-18T13:59:00Z,94.32,94.39,94.3,94.34
2016-05-18T14:00:00Z,94.35,94.38,94.3,94.34
2016-05-18T14:01:00Z,94.34,94.34,94.1942,94.195
2016-05-18T14:02:00Z,94.1938,94.3,94.1938,94.27
2016-05-18T14:03:00Z,94.27,94.3,94.25,94.2965
2016-05-18T14:04:00Z,94.29,94.38,94.28,94.365
2016-05-18T14:05:00Z,94.36,94.5,94.36,94.495
2016-05-18T14:06:00Z,94.4901,94.55,94.48,94.5
2016-05-18T14:07:00Z,94.4906,94.55,94.4853,94.55
2016-05-18T14:08:00Z,94.5465,94.6,94.54,94.57
2016-05-18T14:09:00Z,94.57,94.57,94.45,94.46
2016-05-18T14:10:00Z,94.47,94.55,94.47,94.5
2016-05-18T14:11:00Z,94.5,94.58,94.49,94.58
2016-05-18T14:12:00Z,94.57,94.63,94.54,94.58
2016-05-18T14:13:00Z,94.585,94.69,94.57,94.65
2016-05-18T14:14:00Z,94.64,94.68,94.61,94.6202
2016-05-18T14:15:00Z,94.64,94.7,94.64,94.6937
2016-05-18T14:16:00Z,94.695,94.78,94.69,94.78
2016-05-18T14:17:00Z,94.77,94.8,94.67,94.67
2016-05-18T14:18:00Z,94.67,94.76,94.67,94.7
2016-05-18T14:19:00Z,94.7099,94.71,94.67,94.695
2016-05-18T14:20:00Z,94.69,94.75,94.67,94.7397
2016-05-18T14:21:00Z,94.735,94.82,94.73,94.82
2016-05-18T14:22:00Z,94.8165,94.84,94.7907,94.8301
2016-05-18T14:23:00Z,94.83,94.87,94.78,94.8
2016-05-18T14:24:00Z,94.8,94.82,94.71,94.72
2016-05-18T14:25:00Z,94.72,94.76,94.67,94.74
2016-05-18T14:26:00Z,94.7299,94.79,94.71,94.75
2016-05-18T14:27:00Z,94.74,94.79,94.73,94.7599
2016-05-18T14:28:00Z,94.75,94.82,94.75,94.76
2016-05-18T14:29:00Z,94.76,94.7699,94.72,94.76
2016-05-18T14:30:00Z,94.76,94.77,94.71,94.74
2016-05-18T14:31:00Z,94.73,94.73,94.645,94.66
2016-05-18T14:32:00Z,94.65,94.66,94.61,94.63
2016-05-18T14:33:00Z,94.6332,94.68,94.63,94.649
2016-05-18T14:34:00Z,94.64,94.74,94.6334,94.69
2016-05-18T14:35:00Z,94.697,94.74,94.695,94.735
2016-05-18T14:36:00Z,94.73,94.74,94.72,94.74
2016-05-18T14:37:00Z,94.7399,94.74,94.7,94.74
2016-05-18T14:38:00Z,94.74,94.75,94.67,94.7009
2016-05-18T14:39:00Z,94.7,94.74,94.66,94.7357
2016-05-18T14:40:00Z,94.74,94.762,94.71,94.7601
2016-05-18T14:41:00Z,94.76,94.84,94.76,94.84
2016-05-18T14:42:00Z,94.84,94.855,94.8,94.81
2016-05-18T14:43:00Z,94.8101,94.87,94.8,94.845
2016-05-18T14:44:00Z,94.8438,94.9,94.83,94.87
2016-05-18T14:45:00Z,94.8767,94.91,94.86,94.91
2016-05-18T14:46:00Z,94.91,94.96,94.9,94.95
2016-05-18T14:47:00Z,94.95,94.96,94.925,94.93
2016-05-18T14:48:00Z,94.92,94.98,94.92,94.965
2016-05-18T14:49:00Z,94.96,94.98,94.93,94.965
2016-05-18T14:50:00Z,94.965,95.02,94.96,94.988
2016-05-18T14:51:00Z,94.985,94.985,94.82,94.82
2016-05-18T14:52:00Z,94.83,94.86,94.77,94.77
2016-05-18T14:53:00Z,94.775,94.84,94.77,94.7903
2016-05-18T14:54:00Z,94.7965,94.825,94.73,94.775
2016-05-18T14:55:00Z,94.7865,94.8,94.69,94.71
2016-05-18T14:56:00Z,94.71,94.7593,94.7,94.74
2016-05-18T14:57:00Z,94.75,94.75,94.63,94.64
2016-05-18T14:58:00Z,94.6307,94.65,94.57,94.575
2016-05-18T14:59:00Z,94.57,94.6399,94.55,94.62
2016-05-18T15:00:00Z,94.63,94.7,94.61,94.6661
2016-05-18T15:01:00Z,94.66,94.71,94.64,94.71
2016-05-18T15:02:00Z,94.71,94.76,94.68,94.74
2016-05-18T15:03:00Z,94.74,94.82,94.74,94.805
2016-05-18T15:04:00Z,94.81,94.83,94.759,94.7699
2016-05-18T15:05:00Z,94.77,94.8,94.73,94.7565
2016-05-18T15:06:00Z,94.75,94.77,94.69,94.725
2016-05-18T15:07:00Z,94.7262,94.73,94.68,94.69
2016-05-18T15:08:00Z,94.69,94.75,94.66,94.69
2016-05-18T15:09:00Z,94.69,94.7,94.65,94.695
2016-05-18T15:10:00Z,94.695,94.71,94.6363,94.64
2016-05-18T15:11:00Z,94.64,94.7,94.62,94.675
2016-05-18T15:12:00Z,94.67,94.69,94.6,94.615
2016-05-18T15:13:00Z,94.6135,94.6135,94.52,94.535
2016-05-18T15:14:00Z,94.5399,94.62,94.5399,94.61
2016-05-18T15:15:00Z,94.61,94.69,94.6,94.69
2016-05-18T15:16:00Z,94.69,94.69,94.62,94.66
2016-05-18T15:17:00Z,94.66,94.7,94.595,94.595
2016-05-18T15:18:00Z,94.59,94.6,94.55,94.5599
2016-05-18T15:19:00Z,94.555,94.64,94.53,94.625
2016-05-18T15:20:00Z,94.61,94.7,94.6001,94.695
2016-05-18T15:21:00Z,94.69,94.73,94.68,94.71
2016-05-18T15:22:00Z,94.7199,94.72,94.65,94.6799
2016-05-18T15:23:00Z,94.68,94.686,94.585,94.59
2016-05-18T15:24:00Z,94.59,94.6,94.51,94.53
2016-05-18T15:25:00Z,94.5298,94.62,94.51,94.61
2016-05-18T15:26:00Z,94.61,94.6155,94.56,94.6133
2016-05-18T15:27:00Z,94.62,94.675,94.62,94.66
2016-05-18T15:28:00Z,94.66,94.69,94.6,94.6899
2016-05-18T15:29:00Z,94.69,94.75,94.69,94.725
2016-05-18T15:30:00Z,94.72,94.72,94.64,94.6763
2016-05-18T15:31:00Z,94.675,94.73,94.62,94.65
2016-05-18T15:32:00Z,94.6591,94.71,94.655,94.67
2016-05-18T15:33:00Z,94.68,94.71,94.68,94.6855
2016-05-18T15:34:00Z,94.6853,94.69,94.6435,94.657
2016-05-18T15:35:00Z,94.659,94.74,94.63,94.725
2016-05-18T15:36:00Z,94.7201,94.7495,94.71,94.739
2016-05-18T15:37:00Z,94.7395,94.75,94.7,94.7163
2016-05-18T15:38:00Z,94.71,94.75,94.71,94.7239
2016-05-18T15:39:00Z,94.73,94.75,94.6762,94.68
2016-05-18T15:40:00Z,94.69,94.695,94.645,94.65
2016-05-18T15:41:00Z,94.645,94.71,94.62,94.69
2016-05-18T15:42:00Z,94.6965,94.71,94.67,94.71
2016-05-18T15:43:00Z,94.71,94.72,94.66,94.67
2016-05-18T15:44:00Z,94.655,94.69,94.655,94.69
2016-05-18T15:45:00Z,94.6997,94.795,94.69,94.76
2016-05-18T15:46:00Z,94.76,94.77,94.75,94.767
2016-05-18T15:47:00Z,94.76,94.77,94.73,94.77
2016-05-18T15:48:00Z,94.77,94.85,94.76,94.825
2016-05-18T15:49:00Z,94.825,94.85,94.82,94.832
2016-05-18T15:50:00Z,94.8365,94.91,94.8365,94.88
2016-05-18T15:51:00Z,94.88,94.89,94.84,94.87
2016-05-18T15:52:00Z,94.871,94.871,94.75,94.76
2016-05-18T15:53:00Z,94.759,94.82,94.75,94.82
2016-05-18T15:54:00Z,94.82,94.83,94.76,94.8235
2016-05-18T15:55:00Z,94.8256,94.835,94.78,94.79
2016-05-18T15:56:00Z,94.79,94.83,94.77,94.81
2016-05-18T15:57:00Z,94.805,94.81,94.75,94.7599
2016-05-18T15:58:00Z,94.75,94.77,94.7,94.7
2016-05-18T15:59:00Z,94.7001,94.74,94.65,94.74
2016-05-18T16:00:00Z,94.75,94.79,94.72,94.76
2016-05-18T16:01:00Z,94.76,94.76,94.73,94.7501
2016-05-18T16:02:00Z,94.755,94.78,94.75,94.7701
2016-05-18T16:03:00Z,94.7761,94.785,94.72,94.725
2016-05-18T16:04:00Z,94.725,94.74,94.69,94.69
2016-05-18T16:05:00Z,94.69,94.69,94.63,94.66
2016-05-18T16:06:00Z,94.655,94.66,94.57,94.605
2016-05-18T16:07:00Z,94.61,94.636,94.52,94.5299
2016-05-18T16:08:00Z,94.527,94.58,94.51,94.55
2016-05-18T16:09:00Z,94.5599,94.56,94.53,94.5465
2016-05-18T16:10:00Z,94.548,94.55,94.51,94.52
2016-05-18T16:11:00Z,94.51,94.55,94.51,94.5299
2016-05-18T16:12:00Z,94.52,94.55,94.52,94.55
2016-05-18T16:13:00Z,94.54,94.54,94.47,94.4789
2016-05-18T16:14:00Z,94.4799,94.535,94.46,94.47
2016-05-18T16:15:00Z,94.4761,94.51,94.47,94.485
2016-05-18T16:16:00Z,94.48,94.56,94.47,94.52
2016-05-18T16:17:00Z,94.5299,94.55,94.51,94.538
2016-05-18T16:18:00Z,94.53,94.565,94.52,94.54
2016-05-18T16:19:00Z,94.545,94.55,94.53,94.535
2016-05-18T16:20:00Z,94.53,94.6,94.53,94.585
2016-05-18T16:21:00Z,94.58,94.635,94.58,94.629
2016-05-18T16:22:00Z,94.6299,94.65,94.62,94.6237
2016-05-18T16:23:00Z,94.62,94.63,94.57,94.59
2016-05-18T16:24:00Z,94.585,94.685,94.585,94.67
2016-05-18T16:25:00Z,94.66,94.68,94.64,94.66
2016-05-18T16:26:00Z,94.66,94.67,94.61,94.64
2016-05-18T16:27:00Z,94.64,94.65,94.62,94.6353
2016-05-18T16:28:00Z,94.635,94.6525,94.6,94.61
2016-05-18T16:29:00Z,94.6004,94.63,94.56,94.58
2016-05-18T16:30:00Z,94.58,94.62,94.57,94.6006
2016-05-18T16:31:00Z,94.6,94.71,94.6,94.7099
2016-05-18T16:32:00Z,94.71,94.75,94.71,94.748
2016-05-18T16:33:00Z,94.75,94.86,94.75,94.792
2016-05-18T16:34:00Z,94.7993,94.7993,94.715,94.79
2016-05-18T16:35:00Z,94.78,94.79,94.72,94.7563
2016-05-18T16:36:00Z,94.75,94.77,94.71,94.7612
2016-05-18T16:37:00Z,94.7601,94.78,94.75,94.7665
2016-05-18T16:38:00Z,94.77,94.8,94.76,94.7889
2016-05-18T16:39:00Z,94.78,94.8231,94.78,94.82
2016-05-18T16:40:00Z,94.83,94.83,94.76,94.76
2016-05-18T16:41:00Z,94.7699,94.78,94.75,94.755
2016-05-18T16:42:00Z,94.755,94.79,94.75,94.7661
2016-05-18T16:43:00Z,94.76,94.79,94.75,94.79
2016-05-18T16:44:00Z,94.7801,94.8,94.7662,94.7662
2016-05-18T16:45:00Z,94.77,94.78,94.7637,94.765
2016-05-18T16:46:00Z,94.77,94.7756,94.75,94.7638
2016-05-18T16:47:00Z,94.76,94.77,94.745,94.75
2016-05-18T16:48:00Z,94.75,94.77,94.74,94.7565
2016-05-18T16:49:00Z,94.7502,94.78,94.75,94.7662
2016-05-18T16:50:00Z,94.7601,94.7601,94.72,94.73
2016-05-18T16:51:00Z,94.73,94.73,94.68,94.7199
2016-05-18T16:52:00Z,94.715,94.77,94.71,94.7567
2016-05-18T16:53:00Z,94.76,94.79,94.7575,94.79
2016-05-18T16:54:00Z,94.79,94.83,94.78,94.81
2016-05-18T16:55:00Z,94.815,94.83,94.75,94.76
2016-05-18T16:56:00Z,94.7599,94.8,94.75,94.8
2016-05-18T16:57:00Z,94.8,94.86,94.79,94.8499
2016-05-18T16:58:00Z,94.84,94.85,94.83,94.8399
2016-05-18T16:59:00Z,94.83,94.89,94.8,94.8807
2016-05-18T17:00:00Z,94.89,94.95,94.87,94.95
2016-05-18T17:01:00Z,94.95,94.98,94.93,94.96
2016-05-18T17:02:00Z,94.96,94.9699,94.93,94.9499
2016-05-18T17:03:00Z,94.9433,94.97,94.91,94.97
2016-05-18T17:04:00Z,94.97,94.98,94.95,94.96
2016-05-18T17:05:00Z,94.9511,95,94.9511,94.99
2016-05-18T17:06:00Z,94.99,94.99,94.94,94.97
2016-05-18T17:07:00Z,94.96,94.965,94.91,94.9437
2016-05-18T17:08:00Z,94.945,94.99,94.94,94.945
2016-05-18T17:09:00Z,94.94,94.97,94.93,94.97
2016-05-18T17:10:00Z,94.97,94.9795,94.94,94.97
2016-05-18T17:11:00Z,94.97,94.98,94.95,94.9701
2016-05-18T17:12:00Z,94.97,94.98,94.95,94.965
2016-05-18T17:13:00Z,94.97,95,94.96,94.9893
2016-05-18T17:14:00Z,94.9893,95.03,94.983,94.9938
2016-05-18T17:15:00Z,95,95.045,94.97,94.97
2016-05-18T17:16:00Z,94.97,94.9791,94.88,94.9
2016-05-18T17:17:00Z,94.9,94.9993,94.9,94.9899
2016-05-18T17:18:00Z,94.9839,95.02,94.96,94.96
2016-05-18T17:19:00Z,94.9633,95.01,94.96,94.99
2016-05-18T17:20:00Z,95,95.0267,94.98,95.02
2016-05-18T17:21:00Z,95.02,95.1,95.01,95.0941
2016-05-18T17:22:00Z,95.0962,95.13,95.09,95.12
2016-05-18T17:23:00Z,95.119,95.18,95.11,95.18
2016-05-18T17:24:00Z,95.17,95.2,95.17,95.1857
2016-05-18T17:25:00Z,95.1863,95.21,95.135,95.1556
2016-05-18T17:26:00Z,95.16,95.16,95.1138,95.1138
2016-05-18T17:27:00Z,95.11,95.13,95.1,95.11
2016-05-18T17:28:00Z,95.11,95.13,95.09,95.13
2016-05-18T17:29:00Z,95.1321,95.19,95.13,95.16
2016-05-18T17:30:00Z,95.16,95.18,95.14,95.16
2016-05-18T17:31:00Z,95.17,95.17,95.09,95.1062
2016-05-18T17:32:00Z,95.102,95.17,95.1,95.17
2016-05-18T17:33:00Z,95.1644,95.17,95.0999,95.1
2016-05-18T17:34:00Z,95.1,95.1,95.01,95.0256
2016-05-18T17:35:00Z,95.02,95.08,94.99,95.0699
2016-05-18T17:36:00Z,95.07,95.09,95.04,95.0885
2016-05-18T17:37:00Z,95.09,95.1142,95.07,95.0938
2016-05-18T17:38:00Z,95.0933,95.12,95.07,95.08
2016-05-18T17:39:00Z,95.07,95.08,95.045,95.078
2016-05-18T17:40:00Z,95.075,95.08,95.04,95.0763
2016-05-18T17:41:00Z,95.07,95.09,95.05,95.0599
2016-05-18T17:42:00Z,95.0599,95.08,95.02,95.08
2016-05-18T17:43:00Z,95.0741,95.085,95.05,95.06
2016-05-18T17:44:00Z,95.07,95.09,95.06,95.07
2016-05-18T17:45:00Z,95.0701,95.11,95.07,95.095
2016-05-18T17:46:00Z,95.11,95.13,95.1057,95.11
2016-05-18T17:47:00Z,95.1,95.13,95.08,95.1156
2016-05-18T17:48:00Z,95.1135,95.12,95.0976,95.12
2016-05-18T17:49:00Z,95.12,95.12,95.07,95.08
2016-05-18T17:50:00Z,95.07,95.0893,95.04,95.0893
2016-05-18T17:51:00Z,95.0893,95.09,95.07,95.08
2016-05-18T17:52:00Z,95.071,95.08,95.06,95.079
2016-05-18T17:53:00Z,95.078,95.078,94.96,94.99
2016-05-18T17:54:00Z,94.99,95.04,94.94,95.03
2016-05-18T17:55:00Z,95.03,95.03,94.995,95.02
2016-05-18T17:56:00Z,95.02,95.05,94.99,95
2016-05-18T17:57:00Z,95,95.04,94.96,94.98
2016-05-18T17:58:00Z,94.98,95.06,94.98,95.02
2016-05-18T17:59:00Z,95.02,95.05,94.98,94.9898
2016-05-18T18:00:00Z,94.99,94.9999,94.6,94.71
2016-05-18T18:01:00Z,94.7,94.77,94.61,94.715
2016-05-18T18:02:00Z,94.71,94.81,94.55,94.605
2016-05-18T18:03:00Z,94.61,94.82,94.55,94.7899
2016-05-18T18:04:00Z,94.78,94.7899,94.595,94.61
2016-05-18T18:05:00Z,94.61,94.66,94.42,94.43
2016-05-18T18:06:00Z,94.43,94.44,94.26,94.28
2016-05-18T18:07:00Z,94.27,94.44,94.26,94.44
2016-05-18T18:08:00Z,94.43,94.48,94.35,94.4485
2016-05-18T18:09:00Z,94.44,94.59,94.43,94.54
2016-05-18T18:10:00Z,94.54,94.563,94.48,94.52
2016-05-18T18:11:00Z,94.51,94.75,94.4568,94.53
2016-05-18T18:12:00Z,94.53,94.64,94.45,94.46
2016-05-18T18:13:00Z,94.4544,94.57,94.39,94.53
2016-05-18T18:14:00Z,94.53,94.6,94.48,94.5
2016-05-18T18:15:00Z,94.49,94.5,94.41,94.43
2016-05-18T18:16:00Z,94.425,94.44,94.31,94.37
2016-05-18T18:17:00Z,94.37,94.4762,94.37,94.4435
2016-05-18T18:18:00Z,94.45,94.45,94.3,94.3635
2016-05-18T18:19:00Z,94.36,94.57,94.3435,94.55
2016-05-18T18:20:00Z,94.55,94.6,94.3999,94.3999
2016-05-18T18:21:00Z,94.38,94.499,94.34,94.4499
2016-05-18T18:22:00Z,94.44,94.48,94.36,94.36
2016-05-18T18:23:00Z,94.37,94.3989,94.24,94.36
2016-05-18T18:24:00Z,94.36,94.49,94.33,94.47
2016-05-18T18:25:00Z,94.46,94.47,94.2,94.2102
2016-05-18T18:26:00Z,94.215,94.27,94.18,94.24
2016-05-18T18:27:00Z,94.23,94.3199,94.17,94.2899
2016-05-18T18:28:00Z,94.27,94.27,94.16,94.208
2016-05-18T18:29:00Z,94.205,94.205,94.09,94.12
2016-05-18T18:30:00Z,94.129,94.19,94.07,94.1407
2016-05-18T18:31:00Z,94.14,94.175,94.05,94.16
2016-05-18T18:32:00Z,94.1699,94.19,94.13,94.17
2016-05-18T18:33:00Z,94.17,94.18,94.09,94.12
2016-05-18T18:34:00Z,94.12,94.28,94.11,94.27
2016-05-18T18:35:00Z,94.27,94.32,94.25,94.26
2016-05-18T18:36:00Z,94.26,94.3199,94.1905,94.3
2016-05-18T18:37:00Z,94.3,94.48,94.29,94.41
2016-05-18T18:38:00Z,94.4198,94.4299,94.34,94.36
2016-05-18T18:39:00Z,94.36,94.4,94.26,94.3665
2016-05-18T18:40:00Z,94.3373,94.39,94.25,94.26
2016-05-18T18:41:00Z,94.275,94.3553,94.26,94.35
2016-05-18T18:42:00Z,94.36,94.597,94.36,94.47
2016-05-18T18:43:00Z,94.4799,94.4799,94.34,94.37
2016-05-18T18:44:00Z,94.38,94.4896,94.35,94.38
2016-05-18T18:45:00Z,94.38,94.3901,94.3004,94.35
2016-05-18T18:46:00Z,94.34,94.44,94.33,94.42
2016-05-18T18:47:00Z,94.41,94.4101,94.31,94.326
2016-05-18T18:48:00Z,94.33,94.415,94.33,94.33
2016-05-18T18:49:00Z,94.33,94.55,94.33,94.53
2016-05-18T18:50:00Z,94.53,94.67,94.52,94.62
2016-05-18T18:51:00Z,94.61,94.6512,94.53,94.53
2016-05-18T18:52:00Z,94.53,94.57,94.47,94.52
2016-05-18T18:53:00Z,94.53,94.56,94.45,94.48
2016-05-18T18:54:00Z,94.486,94.49,94.36,94.48
2016-05-18T18:55:00Z,94.4778,94.498,94.4,94.41
2016-05-18T18:56:00Z,94.41,94.455,94.4,94.45
2016-05-18T18:57:00Z,94.45,94.46,94.4,94.45
2016-05-18T18:58:00Z,94.46,94.5,94.42,94.43
2016-05-18T18:59:00Z,94.42,94.485,94.39,94.47
2016-05-18T19:00:00Z,94.47,94.555,94.45,94.5
2016-05-18T19:01:00Z,94.5,94.63,94.49,94.6299
2016-05-18T19:02:00Z,94.63,94.745,94.63,94.6599
2016-05-18T19:03:00Z,94.66,94.685,94.62,94.64
2016-05-18T19:04:00Z,94.636,94.78,94.63,94.73
2016-05-18T19:05:00Z,94.7253,94.73,94.6,94.62
2016-05-18T19:06:00Z,94.6296,94.71,94.625,94.7
2016-05-18T19:07:00Z,94.7,94.76,94.69,94.73
2016-05-18T19:08:00Z,94.73,94.73,94.65,94.69
2016-05-18T19:09:00Z,94.7,94.71,94.6338,94.6338
2016-05-18T19:10:00Z,94.6315,94.65,94.53,94.5396
2016-05-18T19:11:00Z,94.54,94.546,94.45,94.4799
2016-05-18T19:12:00Z,94.4701,94.48,94.31,94.32
2016-05-18T19:13:00Z,94.31,94.43,94.31,94.42
2016-05-18T19:14:00Z,94.41,94.48,94.41,94.459
2016-05-18T19:15:00Z,94.4553,94.479,94.31,94.37
2016-05-18T19:16:00Z,94.3669,94.41,94.29,94.4
2016-05-18T19:17:00Z,94.41,94.42,94.335,94.3799
2016-05-18T19:18:00Z,94.37,94.3975,94.34,94.3401
2016-05-18T19:19:00Z,94.35,94.45,94.35,94.4288
2016-05-18T19:20:00Z,94.43,94.45,94.35,94.39
2016-05-18T19:21:00Z,94.39,94.39,94.3,94.3145
2016-05-18T19:22:00Z,94.315,94.36,94.31,94.3258
2016-05-18T19:23:00Z,94.3299,94.39,94.23,94.24
2016-05-18T19:24:00Z,94.25,94.2802,94.23,94.25
2016-05-18T19:25:00Z,94.25,94.33,94.24,94.3
2016-05-18T19:26:00Z,94.3001,94.36,94.29,94.33
2016-05-18T19:27:00Z,94.33,94.4,94.32,94.37
2016-05-18T19:28:00Z,94.37,94.41,94.325,94.325
2016-05-18T19:29:00Z,94.32,94.33,94.24,94.2475
2016-05-18T19:30:00Z,94.25,94.36,94.25,94.29
2016-05-18T19:31:00Z,94.29,94.32,94.25,94.31
2016-05-18T19:32:00Z,94.32,94.37,94.32,94.37
2016-05-18T19:33:00Z,94.37,94.38,94.31,94.335
2016-05-18T19:34:00Z,94.3353,94.41,94.32,94.4
2016-05-18T19:35:00Z,94.4,94.45,94.39,94.445
2016-05-18T19:36:00Z,94.4402,94.46,94.32,94.32
2016-05-18T19:37:00Z,94.32,94.3299,94.22,94.2702
2016-05-18T19:38:00Z,94.28,94.3333,94.26,94.31
2016-05-18T19:39:00Z,94.31,94.31,94.19,94.201
2016-05-18T19:40:00Z,94.205,94.34,94.2,94.305
2016-05-18T19:41:00Z,94.3,94.32,94.25,94.3053
2016-05-18T19:42:00Z,94.31,94.39,94.3,94.37
2016-05-18T19:43:00Z,94.37,94.375,94.29,94.3322
2016-05-18T19:44:00Z,94.333,94.43,94.333,94.42
2016-05-18T19:45:00Z,94.42,94.49,94.4,94.49
2016-05-18T19:46:00Z,94.495,94.59,94.46,94.553
2016-05-18T19:47:00Z,94.5501,94.5894,94.51,94.5601
2016-05-18T19:48:00Z,94.5699,94.59,94.52,94.58
2016-05-18T19:49:00Z,94.58,94.59,94.52,94.52
2016-05-18T19:50:00Z,94.52,94.55,94.46,94.495
2016-05-18T19:51:00Z,94.51,94.515,94.37,94.38
2016-05-18T19:52:00Z,94.38,94.42,94.36,94.4124
2016-05-18T19:53:00Z,94.419,94.42,94.38,94.41
2016-05-18T19:54:00Z,94.4,94.46,94.4,94.46
2016-05-18T19:55:00Z,94.46,94.4799,94.41,94.47
2016-05-18T19:56:00Z,94.47,94.56,94.46,94.54
2016-05-18T19:57:00Z,94.54,94.55,94.53,94.535
2016-05-18T19:58:00Z,94.545,94.59,94.5,94.57
2016-05-18T19:59:00Z,94.561,94.6,94.47,94.56
