2017-12-07T13:30:00Z,169.71,169.71,169.71,169.71
2017-12-07T13:31:00Z,169.7,169.7,169.7,169.7
2017-12-07T13:32:00Z,169.67,169.67,169.64,169.64
2017-12-07T13:33:00Z,169.64,169.64,169.62,169.62
2017-12-07T13:34:00Z,169.65,169.67,169.52,169.67
2017-12-07T13:35:00Z,169.67,169.67,169.67,169.67
2017-12-07T13:37:00Z,169.57,169.57,169.57,169.57
2017-12-07T13:39:00Z,169.63,169.65,169.63,169.65
2017-12-07T13:40:00Z,169.53,169.56,169.53,169.53
2017-12-07T13:41:00Z,169.53,169.53,169.53,169.53
2017-12-07T13:42:00Z,169.52,169.57,169.51,169.57
2017-12-07T13:43:00Z,169.61,169.61,169.61,169.61
2017-12-07T13:45:00Z,169.62,169.64,169.62,169.64
2017-12-07T13:46:00Z,169.55,169.55,169.55,169.55
2017-12-07T13:47:00Z,169.53,169.53,169.4,169.4
2017-12-07T13:49:00Z,169.45,169.45,169.45,169.45
2017-12-07T13:50:00Z,169.5,169.5,169.48,169.48
2017-12-07T13:52:00Z,169.42,169.42,169.4,169.4
2017-12-07T13:53:00Z,169.4,169.4,169.4,169.4
2017-12-07T13:54:00Z,169.4,169.4,169.37,169.4
2017-12-07T13:55:00Z,169.36,169.36,169.36,169.36
2017-12-07T13:57:00Z,169.49,169.49,169.49,169.49
2017-12-07T14:00:00Z,169.42,169.42,169.42,169.42
2017-12-07T14:01:00Z,169.5,169.5,169.48,169.5
2017-12-07T14:03:00Z,169.36,169.36,169.36,169.36
2017-12-07T14:05:00Z,169.3,169.32,169.25,169.25
2017-12-07T14:06:00Z,169.25,169.3,169.25,169.3
2017-12-07T14:08:00Z,169.3,169.3,169.3,169.3
2017-12-07T14:09:00Z,169.32,169.35,169.32,169.35
2017-12-07T14:11:00Z,169.4,169.4,169.4,169.4
2017-12-07T14:12:00Z,169.4,169.42,169.4,169.42
2017-12-07T14:14:00Z,169.42,169.42,169.4,169.4
2017-12-07T14:17:00Z,169.35,169.37,169.31,169.31
2017-12-07T14:19:00Z,169.3,169.31,169.2,169.27
2017-12-07T14:20:00Z,169.3,169.3,169.3,169.3
2017-12-07T14:21:00Z,169.27,169.27,169.11,169.11
2017-12-07T14:22:00Z,169.12,169.2,169,169.2
2017-12-07T14:23:00Z,169.08,169.1,169.08,169.1
2017-12-07T14:24:00Z,169.16,169.16,169.16,169.16
2017-12-07T14:25:00Z,169.1,169.1,169.1,169.1
2017-12-07T14:26:00Z,169.1,169.25,169.1,169.25
2017-12-07T14:27:00Z,169.25,169.25,169.25,169.25
2017-12-07T14:28:00Z,169.12,169.12,169,169
2017-12-07T14:29:00Z,169.06,169.1,168.98,169.04
2017-12-07T14:30:00Z,169.03,169.71,168.91,169.6627
2017-12-07T14:31:00Z,169.72,169.72,169.07,169.07
2017-12-07T14:32:00Z,169.05,169.55,168.96,169.49
2017-12-07T14:33:00Z,169.45,169.79,169.28,169.67
2017-12-07T14:34:00Z,169.67,169.78,169.59,169.67
2017-12-07T14:35:00Z,169.69,169.98,169.605,169.9225
2017-12-07T14:36:00Z,169.94,170.14,169.89,170.129
2017-12-07T14:37:00Z,170.1299,170.22,170.05,170.22
2017-12-07T14:38:00Z,170.24,170.34,170.21,170.3292
2017-12-07T14:39:00Z,170.32,170.35,170.13,170.15
2017-12-07T14:40:00Z,170.139,170.25,170.1,170.25
2017-12-07T14:41:00Z,170.24,170.24,170.032,170.13
2017-12-07T14:42:00Z,170.12,170.12,169.79,169.83
2017-12-07T14:43:00Z,169.83,170.12,169.824,170.09
2017-12-07T14:44:00Z,170.11,170.12,169.92,170.09
2017-12-07T14:45:00Z,170.09,170.24,170.07,170.22
2017-12-07T14:46:00Z,170.22,170.22,170.08,170.15
2017-12-07T14:47:00Z,170.16,170.17,170.03,170.12
2017-12-07T14:48:00Z,170.14,170.15,169.95,170.11
2017-12-07T14:49:00Z,170.11,170.32,170.11,170.21
2017-12-07T14:50:00Z,170.2,170.36,170.12,170.355
2017-12-07T14:51:00Z,170.3599,170.38,170.15,170.24
2017-12-07T14:52:00Z,170.24,170.3,170.205,170.22
2017-12-07T14:53:00Z,170.23,170.2586,170.102,170.15
2017-12-07T14:54:00Z,170.1401,170.19,170.07,170.1
2017-12-07T14:55:00Z,170.1,170.1064,169.9999,170.05
2017-12-07T14:56:00Z,170.03,170.07,169.861,170.05
2017-12-07T14:57:00Z,170.0526,170.07,169.8,169.8971
2017-12-07T14:58:00Z,169.9147,169.95,169.88,169.91
2017-12-07T14:59:00Z,169.91,170.06,169.88,169.99
2017-12-07T15:00:00Z,169.97,169.97,169.82,169.842
2017-12-07T15:01:00Z,169.8525,169.9099,169.56,169.57
2017-12-07T15:02:00Z,169.57,169.96,169.5,169.96
2017-12-07T15:03:00Z,169.95,170,169.8292,169.9044
2017-12-07T15:04:00Z,169.91,169.946,169.7301,169.74
2017-12-07T15:05:00Z,169.73,169.74,169.625,169.66
2017-12-07T15:06:00Z,169.66,169.66,169.305,169.31
2017-12-07T15:07:00Z,169.31,169.46,169.29,169.3417
2017-12-07T15:08:00Z,169.35,169.35,168.97,169.21
2017-12-07T15:09:00Z,169.23,169.34,169.06,169.07
2017-12-07T15:10:00Z,169.09,169.31,169.08,169.1723
2017-12-07T15:11:00Z,169.18,169.24,169.04,169.131
2017-12-07T15:12:00Z,169.13,169.52,169.13,169.41
2017-12-07T15:13:00Z,169.4108,169.4599,169.3,169.3
2017-12-07T15:14:00Z,169.28,169.29,169.21,169.2514
2017-12-07T15:15:00Z,169.25,169.34,169.14,169.25
2017-12-07T15:16:00Z,169.26,169.36,169.23,169.3
2017-12-07T15:17:00Z,169.31,169.37,169.11,169.16
2017-12-07T15:18:00Z,169.16,169.371,169.16,169.34
2017-12-07T15:19:00Z,169.33,169.37,169.19,169.2882
2017-12-07T15:20:00Z,169.3,169.4,169.27,169.4
2017-12-07T15:21:00Z,169.4,169.63,169.4,169.47
2017-12-07T15:22:00Z,169.4794,169.59,169.45,169.57
2017-12-07T15:23:00Z,169.5735,169.71,169.56,169.67
2017-12-07T15:24:00Z,169.66,169.68,169.58,169.65
2017-12-07T15:25:00Z,169.65,169.77,169.61,169.621
2017-12-07T15:26:00Z,169.63,169.715,169.61,169.67
2017-12-07T15:27:00Z,169.671,169.79,169.66,169.66
2017-12-07T15:28:00Z,169.65,169.72,169.62,169.7098
2017-12-07T15:29:00Z,169.7,169.7,169.57,169.61
2017-12-07T15:30:00Z,169.63,169.71,169.62,169.71
2017-12-07T15:31:00Z,169.72,169.98,169.72,169.9244
2017-12-07T15:32:00Z,169.91,169.99,169.88,169.99
2017-12-07T15:33:00Z,169.99,170.11,169.95,170.1
2017-12-07T15:34:00Z,170.11,170.11,170.01,170.0206
2017-12-07T15:35:00Z,170.03,170.07,169.95,170.02
2017-12-07T15:36:00Z,170.01,170.03,169.91,170
2017-12-07T15:37:00Z,170,170.07,169.93,169.9701
2017-12-07T15:38:00Z,169.98,169.98,169.91,169.94
2017-12-07T15:39:00Z,169.95,170.02,169.9,169.97
2017-12-07T15:40:00Z,169.97,170.0198,169.805,169.87
2017-12-07T15:41:00Z,169.851,169.89,169.815,169.8801
2017-12-07T15:42:00Z,169.885,169.95,169.885,169.93
2017-12-07T15:43:00Z,169.94,169.99,169.88,169.9182
2017-12-07T15:44:00Z,169.93,169.96,169.91,169.9142
2017-12-07T15:45:00Z,169.9282,169.9282,169.864,169.9
2017-12-07T15:46:00Z,169.9,169.97,169.9,169.95
2017-12-07T15:47:00Z,169.94,169.95,169.7295,169.74
2017-12-07T15:48:00Z,169.73,169.83,169.73,169.8149
2017-12-07T15:49:00Z,169.81,169.87,169.755,169.7903
2017-12-07T15:50:00Z,169.7872,169.82,169.65,169.68
2017-12-07T15:51:00Z,169.69,169.71,169.61,169.65
2017-12-07T15:52:00Z,169.6499,169.65,169.61,169.6201
2017-12-07T15:53:00Z,169.6237,169.65,169.56,169.57
2017-12-07T15:54:00Z,169.57,169.59,169.51,169.52
2017-12-07T15:55:00Z,169.52,169.59,169.48,169.59
2017-12-07T15:56:00Z,169.59,169.61,169.51,169.6
2017-12-07T15:57:00Z,169.58,169.63,169.57,169.6
2017-12-07T15:58:00Z,169.6,169.6661,169.59,169.62
2017-12-07T15:59:00Z,169.63,169.74,169.62,169.73
2017-12-07T16:00:00Z,169.74,169.78,169.67,169.72
2017-12-07T16:01:00Z,169.715,169.76,169.64,169.69
2017-12-07T16:02:00Z,169.68,169.68,169.53,169.565
2017-12-07T16:03:00Z,169.57,169.64,169.56,169.57
2017-12-07T16:04:00Z,169.58,169.61,169.54,169.57
2017-12-07T16:05:00Z,169.57,169.615,169.56,169.615
2017-12-07T16:06:00Z,169.61,169.64,169.5584,169.61
2017-12-07T16:07:00Z,169.6061,169.6425,169.56,169.56
2017-12-07T16:08:00Z,169.555,169.555,169.26,169.29
2017-12-07T16:09:00Z,169.279,169.31,169.2199,169.26
2017-12-07T16:10:00Z,169.26,169.34,169.24,169.315
2017-12-07T16:11:00Z,169.32,169.41,169.285,169.3885
2017-12-07T16:12:00Z,169.3784,169.43,169.375,169.425
2017-12-07T16:13:00Z,169.425,169.4698,169.39,169.4698
2017-12-07T16:14:00Z,169.465,169.49,169.41,169.44
2017-12-07T16:15:00Z,169.4295,169.45,169.37,169.37
2017-12-07T16:16:00Z,169.375,169.3798,169.2,169.24
2017-12-07T16:17:00Z,169.231,169.2699,169.225,169.245
2017-12-07T16:18:00Z,169.25,169.25,169.1451,169.1628
2017-12-07T16:19:00Z,169.17,169.25,169.16,169.19
2017-12-07T16:20:00Z,169.18,169.24,169.14,169.21
2017-12-07T16:21:00Z,169.21,169.24,169.15,169.168
2017-12-07T16:22:00Z,169.1595,169.22,169.15,169.22
2017-12-07T16:23:00Z,169.22,169.28,169.22,169.2799
2017-12-07T16:24:00Z,169.28,169.37,169.26,169.27
2017-12-07T16:25:00Z,169.26,169.32,169.26,169.29
2017-12-07T16:26:00Z,169.294,169.36,169.255,169.2865
2017-12-07T16:27:00Z,169.285,169.32,169.24,169.32
2017-12-07T16:28:00Z,169.3199,169.45,169.3199,169.45
2017-12-07T16:29:00Z,169.445,169.46,169.36,169.36
2017-12-07T16:30:00Z,169.36,169.43,169.27,169.34
2017-12-07T16:31:00Z,169.36,169.4,169.275,169.31
2017-12-07T16:32:00Z,169.3,169.43,169.296,169.41
2017-12-07T16:33:00Z,169.41,169.43,169.3467,169.35
2017-12-07T16:34:00Z,169.37,169.39,169.341,169.3683
2017-12-07T16:35:00Z,169.375,169.539,169.375,169.495
2017-12-07T16:36:00Z,169.5,169.57,169.482,169.54
2017-12-07T16:37:00Z,169.54,169.5705,169.461,169.57
2017-12-07T16:38:00Z,169.5658,169.58,169.51,169.525
2017-12-07T16:39:00Z,169.53,169.57,169.52,169.5625
2017-12-07T16:40:00Z,169.56,169.61,169.555,169.6
2017-12-07T16:41:00Z,169.6,169.6,169.51,169.53
2017-12-07T16:42:00Z,169.53,169.6,169.52,169.57
2017-12-07T16:43:00Z,169.5739,169.59,169.47,169.47
2017-12-07T16:44:00Z,169.48,169.491,169.45,169.45
2017-12-07T16:45:00Z,169.45,169.52,169.45,169.47
2017-12-07T16:46:00Z,169.47,169.5,169.44,169.465
2017-12-07T16:47:00Z,169.465,169.47,169.43,169.44
2017-12-07T16:48:00Z,169.45,169.46,169.33,169.39
2017-12-07T16:49:00Z,169.4,169.43,169.36,169.42
2017-12-07T16:50:00Z,169.41,169.45,169.4001,169.434
2017-12-07T16:51:00Z,169.43,169.44,169.41,169.43
2017-12-07T16:52:00Z,169.4366,169.55,169.4366,169.55
2017-12-07T16:53:00Z,169.54,169.62,169.54,169.575
2017-12-07T16:54:00Z,169.57,169.597,169.53,169.597
2017-12-07T16:55:00Z,169.6,169.7,169.6,169.67
2017-12-07T16:56:00Z,169.67,169.71,169.62,169.6932
2017-12-07T16:57:00Z,169.681,169.81,169.67,169.78
2017-12-07T16:58:00Z,169.79,169.86,169.69,169.725
2017-12-07T16:59:00Z,169.73,169.78,169.72,169.76
2017-12-07T17:00:00Z,169.75,169.82,169.61,169.6412
2017-12-07T17:01:00Z,169.6699,169.72,169.62,169.651
2017-12-07T17:02:00Z,169.65,169.6799,169.61,169.65
2017-12-07T17:03:00Z,169.64,169.73,169.617,169.7195
2017-12-07T17:04:00Z,169.71,169.73,169.625,169.641
2017-12-07T17:05:00Z,169.66,169.7,169.62,169.63
2017-12-07T17:06:00Z,169.62,169.65,169.54,169.65
2017-12-07T17:07:00Z,169.66,169.7,169.635,169.69
2017-12-07T17:08:00Z,169.68,169.78,169.65,169.78
2017-12-07T17:09:00Z,169.77,169.804,169.76,169.7969
2017-12-07T17:10:00Z,169.8,169.8,169.63,169.6902
2017-12-07T17:11:00Z,169.68,169.75,169.67,169.745
2017-12-07T17:12:00Z,169.74,169.775,169.69,169.77
2017-12-07T17:13:00Z,169.78,169.89,169.78,169.89
2017-12-07T17:14:00Z,169.885,169.96,169.88,169.96
2017-12-07T17:15:00Z,169.96,169.96,169.82,169.83
2017-12-07T17:16:00Z,169.84,169.9161,169.83,169.915
2017-12-07T17:17:00Z,169.915,169.95,169.86,169.94
2017-12-07T17:18:00Z,169.95,169.98,169.86,169.9
2017-12-07T17:19:00Z,169.9,169.91,169.85,169.89
2017-12-07T17:20:00Z,169.9,169.93,169.89,169.89
2017-12-07T17:21:00Z,169.89,169.95,169.86,169.93
2017-12-07T17:22:00Z,169.9349,169.96,169.92,169.9399
2017-12-07T17:23:00Z,169.94,169.969,169.91,169.9117
2017-12-07T17:24:00Z,169.93,169.95,169.77,169.82
2017-12-07T17:25:00Z,169.825,169.88,169.8,169.8
2017-12-07T17:26:00Z,169.8,169.8,169.71,169.72
2017-12-07T17:27:00Z,169.72,169.74,169.7,169.72
2017-12-07T17:28:00Z,169.73,169.77,169.71,169.76
2017-12-07T17:29:00Z,169.76,169.765,169.68,169.74
2017-12-07T17:30:00Z,169.74,169.74,169.68,169.72
2017-12-07T17:31:00Z,169.72,169.7499,169.7,169.7297
2017-12-07T17:32:00Z,169.75,169.77,169.71,169.77
2017-12-07T17:33:00Z,169.765,169.83,169.75,169.83
2017-12-07T17:34:00Z,169.84,169.8684,169.78,169.78
2017-12-07T17:35:00Z,169.77,169.78,169.75,169.76
2017-12-07T17:36:00Z,169.77,169.7704,169.68,169.69
2017-12-07T17:37:00Z,169.695,169.81,169.695,169.8
2017-12-07T17:38:00Z,169.79,169.82,169.77,169.81
2017-12-07T17:39:00Z,169.81,169.81,169.74,169.7694
2017-12-07T17:40:00Z,169.765,169.82,169.765,169.79
2017-12-07T17:41:00Z,169.8,169.82,169.74,169.75
2017-12-07T17:42:00Z,169.75,169.81,169.75,169.8
2017-12-07T17:43:00Z,169.805,169.805,169.755,169.784
2017-12-07T17:44:00Z,169.7852,169.86,169.7852,169.79
2017-12-07T17:45:00Z,169.7999,169.7999,169.74,169.755
2017-12-07T17:46:00Z,169.75,169.8,169.68,169.69
2017-12-07T17:47:00Z,169.699,169.72,169.68,169.705
2017-12-07T17:48:00Z,169.71,169.85,169.705,169.8385
2017-12-07T17:49:00Z,169.84,169.86,169.8,169.835
2017-12-07T17:50:00Z,169.8358,169.88,169.79,169.88
2017-12-07T17:51:00Z,169.88,169.92,169.86,169.88
2017-12-07T17:52:00Z,169.9,169.91,169.85,169.9
2017-12-07T17:53:00Z,169.89,169.93,169.89,169.9199
2017-12-07T17:54:00Z,169.919,169.919,169.855,169.87
2017-12-07T17:55:00Z,169.87,169.92,169.83,169.92
2017-12-07T17:56:00Z,169.93,169.9348,169.8856,169.9
2017-12-07T17:57:00Z,169.91,169.96,169.9,169.9
2017-12-07T17:58:00Z,169.8901,169.92,169.86,169.9
2017-12-07T17:59:00Z,169.9186,169.95,169.91,169.94
2017-12-07T18:00:00Z,169.94,170.02,169.94,169.95
2017-12-07T18:01:00Z,169.95,169.95,169.77,169.7799
2017-12-07T18:02:00Z,169.78,169.805,169.71,169.79
2017-12-07T18:03:00Z,169.795,169.88,169.76,169.86
2017-12-07T18:04:00Z,169.8699,169.8699,169.735,169.7924
2017-12-07T18:05:00Z,169.792,169.83,169.74,169.77
2017-12-07T18:06:00Z,169.77,169.91,169.77,169.85
2017-12-07T18:07:00Z,169.86,169.93,169.86,169.9
2017-12-07T18:08:00Z,169.91,169.9213,169.87,169.8789
2017-12-07T18:09:00Z,169.89,169.95,169.89,169.942
2017-12-07T18:10:00Z,169.965,170,169.8966,169.93
2017-12-07T18:11:00Z,169.95,170.01,169.95,169.98
2017-12-07T18:12:00Z,169.98,170.06,169.98,170.015
2017-12-07T18:13:00Z,170.01,170.03,170,170.03
2017-12-07T18:14:00Z,170.025,170.07,170,170.03
2017-12-07T18:15:00Z,170.04,170.04,169.9,169.99
2017-12-07T18:16:00Z,169.98,170.05,169.96,170.04
2017-12-07T18:17:00Z,170.04,170.09,170.0362,170.05
2017-12-07T18:18:00Z,170.0447,170.1,170.0447,170.09
2017-12-07T18:19:00Z,170.1,170.1,170.05,170.05
2017-12-07T18:20:00Z,170.05,170.06,170.0298,170.055
2017-12-07T18:21:00Z,170.06,170.12,170.055,170.1077
2017-12-07T18:22:00Z,170.1186,170.13,170.02,170.032
2017-12-07T18:23:00Z,170.04,170.0438,169.97,170.011
2017-12-07T18:24:00Z,170.0067,170.097,170,170.0657
2017-12-07T18:25:00Z,170.06,170.12,170.03,170.1
2017-12-07T18:26:00Z,170.11,170.15,170.1,170.15
2017-12-07T18:27:00Z,170.146,170.18,170.14,170.17
2017-12-07T18:28:00Z,170.17,170.2,170.1575,170.18
2017-12-07T18:29:00Z,170.18,170.1958,170.1695,170.1695
2017-12-07T18:30:00Z,170.18,170.21,170.14,170.2025
2017-12-07T18:31:00Z,170.205,170.25,170.2,170.22
2017-12-07T18:32:00Z,170.22,170.23,170.19,170.2225
2017-12-07T18:33:00Z,170.22,170.25,170.18,170.24
2017-12-07T18:34:00Z,170.235,170.27,170.23,170.265
2017-12-07T18:35:00Z,170.265,170.265,170.205,170.2308
2017-12-07T18:36:00Z,170.24,170.27,170.23,170.27
2017-12-07T18:37:00Z,170.27,170.37,170.27,170.37
2017-12-07T18:38:00Z,170.36,170.38,170.3402,170.375
2017-12-07T18:39:00Z,170.37,170.41,170.3687,170.395
2017-12-07T18:40:00Z,170.4044,170.44,170.2901,170.35
2017-12-07T18:41:00Z,170.3534,170.37,170.2601,170.28
2017-12-07T18:42:00Z,170.28,170.31,170.26,170.3045
2017-12-07T18:43:00Z,170.31,170.34,170.25,170.304
2017-12-07T18:44:00Z,170.31,170.35,170.29,170.3159
2017-12-07T18:45:00Z,170.32,170.32,170.2,170.26
2017-12-07T18:46:00Z,170.2501,170.27,170,170.01
2017-12-07T18:47:00Z,170.01,170.02,169.46,169.67
2017-12-07T18:48:00Z,169.68,169.8,169.61,169.68
2017-12-07T18:49:00Z,169.69,169.79,169.48,169.65
2017-12-07T18:50:00Z,169.67,169.6829,169.3,169.3577
2017-12-07T18:51:00Z,169.3599,169.7,169.35,169.605
2017-12-07T18:52:00Z,169.605,169.75,169.59,169.65
2017-12-07T18:53:00Z,169.6557,169.76,169.6,169.7
2017-12-07T18:54:00Z,169.7,169.75,169.55,169.59
2017-12-07T18:55:00Z,169.6,169.84,169.59,169.76
2017-12-07T18:56:00Z,169.76,169.8,169.69,169.7514
2017-12-07T18:57:00Z,169.77,169.84,169.77,169.82
2017-12-07T18:58:00Z,169.82,169.8299,169.64,169.6889
2017-12-07T18:59:00Z,169.69,169.78,169.69,169.77
2017-12-07T19:00:00Z,169.79,169.84,169.75,169.83
2017-12-07T19:01:00Z,169.835,169.85,169.79,169.8199
2017-12-07T19:02:00Z,169.81,169.81,169.68,169.75
2017-12-07T19:03:00Z,169.77,169.86,169.77,169.86
2017-12-07T19:04:00Z,169.87,169.92,169.83,169.9101
2017-12-07T19:05:00Z,169.9112,170.005,169.9,169.97
2017-12-07T19:06:00Z,169.96,170,169.9,169.95
2017-12-07T19:07:00Z,169.95,169.95,169.86,169.875
2017-12-07T19:08:00Z,169.875,169.95,169.8725,169.92
2017-12-07T19:09:00Z,169.92,169.93,169.75,169.795
2017-12-07T19:10:00Z,169.8,169.8,169.72,169.73
2017-12-07T19:11:00Z,169.74,169.81,169.74,169.785
2017-12-07T19:12:00Z,169.79,169.8023,169.73,169.78
2017-12-07T19:13:00Z,169.78,169.83,169.76,169.83
2017-12-07T19:14:00Z,169.84,169.85,169.82,169.83
2017-12-07T19:15:00Z,169.83,169.84,169.8,169.8
2017-12-07T19:16:00Z,169.79,169.84,169.74,169.84
2017-12-07T19:17:00Z,169.83,169.85,169.82,169.84
2017-12-07T19:18:00Z,169.84,169.9,169.83,169.88
2017-12-07T19:19:00Z,169.88,169.9,169.865,169.89
2017-12-07T19:20:00Z,169.895,169.91,169.84,169.88
2017-12-07T19:21:00Z,169.88,169.88,169.82,169.8258
2017-12-07T19:22:00Z,169.825,169.8677,169.73,169.74
2017-12-07T19:23:00Z,169.74,169.75,169.45,169.5113
2017-12-07T19:24:00Z,169.51,169.66,169.45,169.66
2017-12-07T19:25:00Z,169.68,169.7,169.64,169.68
2017-12-07T19:26:00Z,169.67,169.7,169.53,169.5375
2017-12-07T19:27:00Z,169.54,169.569,169.45,169.5599
2017-12-07T19:28:00Z,169.55,169.55,169.47,169.5
2017-12-07T19:29:00Z,169.5,169.5,169.4,169.46
2017-12-07T19:30:00Z,169.4647,169.5,169.35,169.3658
2017-12-07T19:31:00Z,169.3645,169.4,169.19,169.285
2017-12-07T19:32:00Z,169.29,169.35,169.2,169.33
2017-12-07T19:33:00Z,169.33,169.34,169.28,169.33
2017-12-07T19:34:00Z,169.325,169.3599,169.2,169.21
2017-12-07T19:35:00Z,169.21,169.29,169.2035,169.27
2017-12-07T19:36:00Z,169.28,169.28,169.02,169.04
2017-12-07T19:37:00Z,169.0499,169.19,168.96,169.104
2017-12-07T19:38:00Z,169.11,169.19,169.08,169.1297
2017-12-07T19:39:00Z,169.111,169.23,169.111,169.17
2017-12-07T19:40:00Z,169.1694,169.18,168.99,169.05
2017-12-07T19:41:00Z,169.05,169.19,169.02,169.0799
2017-12-07T19:42:00Z,169.08,169.3499,169.0782,169.315
2017-12-07T19:43:00Z,169.3365,169.38,169.25,169.311
2017-12-07T19:44:00Z,169.32,169.34,169.21,169.259
2017-12-07T19:45:00Z,169.26,169.34,169.1,169.34
2017-12-07T19:46:00Z,169.339,169.46,169.335,169.44
2017-12-07T19:47:00Z,169.44,169.5061,169.43,169.5061
2017-12-07T19:48:00Z,169.51,169.54,169.4304,169.475
2017-12-07T19:49:00Z,169.48,169.55,169.48,169.55
2017-12-07T19:50:00Z,169.555,169.56,169.508,169.53
2017-12-07T19:51:00Z,169.53,169.56,169.46,169.46
2017-12-07T19:52:00Z,169.47,169.56,169.47,169.56
2017-12-07T19:53:00Z,169.57,169.585,169.5499,169.5766
2017-12-07T19:54:00Z,169.575,169.5783,169.5,169.52
2017-12-07T19:55:00Z,169.52,169.54,169.45,169.45
2017-12-07T19:56:00Z,169.45,169.455,169.42,169.4355
2017-12-07T19:57:00Z,169.44,169.49,169.44,169.47
2017-12-07T19:58:00Z,169.49,169.49,169.46,169.47
2017-12-07T19:59:00Z,169.4705,169.49,169.46,169.47
