2017-12-22T13:30:00Z,174.72,174.75,174.72,174.72
2017-12-22T13:31:00Z,174.72,174.72,174.65,174.67
2017-12-22T13:32:00Z,174.7,174.7,174.7,174.7
2017-12-22T13:33:00Z,174.7,174.7,174.7,174.7
2017-12-22T13:35:00Z,174.71,174.71,174.7,174.7
2017-12-22T13:40:00Z,174.72,174.77,174.72,174.77
2017-12-22T13:41:00Z,174.8,174.8,174.74,174.74
2017-12-22T13:44:00Z,174.76,174.76,174.76,174.76
2017-12-22T13:48:00Z,174.76,174.76,174.76,174.76
2017-12-22T13:49:00Z,174.76,174.76,174.76,174.76
2017-12-22T13:50:00Z,174.75,174.75,174.75,174.75
2017-12-22T13:51:00Z,174.71,174.71,174.7,174.7
2017-12-22T13:52:00Z,174.71,174.71,174.7,174.7
2017-12-22T13:53:00Z,174.7,174.7,174.7,174.7
2017-12-22T13:54:00Z,174.7,174.74,174.69,174.7
2017-12-22T13:55:00Z,174.7,174.7,174.58,174.59
2017-12-22T13:56:00Z,174.58,174.58,174.58,174.58
2017-12-22T13:57:00Z,174.63,174.65,174.63,174.65
2017-12-22T13:58:00Z,174.65,174.65,174.65,174.65
2017-12-22T14:01:00Z,174.75,174.75,174.75,174.75
2017-12-22T14:02:00Z,174.74,174.75,174.74,174.75
2017-12-22T14:03:00Z,174.7,174.7,174.65,174.7
2017-12-22T14:05:00Z,174.68,174.68,174.68,174.68
2017-12-22T14:07:00Z,174.8,174.8,174.75,174.8
2017-12-22T14:08:00Z,174.75,174.75,174.75,174.75
2017-12-22T14:09:00Z,174.7,174.7,174.7,174.7
2017-12-22T14:10:00Z,174.7,174.7,174.7,174.7
2017-12-22T14:12:00Z,174.7,174.7,174.7,174.7
2017-12-22T14:13:00Z,174.7,174.7,174.7,174.7
2017-12-22T14:16:00Z,174.75,174.75,174.75,174.75
2017-12-22T14:17:00Z,174.8,174.8,174.8,174.8
2017-12-22T14:19:00Z,174.85,174.85,174.85,174.85
2017-12-22T14:20:00Z,174.76,174.76,174.76,174.76
2017-12-22T14:21:00Z,174.76,174.76,174.76,174.76
2017-12-22T14:23:00Z,174.87,174.89,174.87,174.87
2017-12-22T14:24:00Z,174.86,174.86,174.85,174.85
2017-12-22T14:26:00Z,174.9,174.9,174.9,174.9
2017-12-22T14:27:00Z,174.8,174.8,174.8,174.8
2017-12-22T14:28:00Z,174.7,174.71,174.6,174.71
2017-12-22T14:29:00Z,174.65,174.71,174.61,174.71
2017-12-22T14:30:00Z,174.71,175.23,174.5,175.22
2017-12-22T14:31:00Z,175.2114,175.424,175.05,175.1701
2017-12-22T14:32:00Z,175.17,175.3,175.01,175.2
2017-12-22T14:33:00Z,175.21,175.4,175.18,175.33
2017-12-22T14:34:00Z,175.325,175.34,175.23,175.24
2017-12-22T14:35:00Z,175.24,175.37,175.11,175.215
2017-12-22T14:36:00Z,175.21,175.24,175.1301,175.16
2017-12-22T14:37:00Z,175.15,175.28,175.11,175.13
2017-12-22T14:38:00Z,175.14,175.14,174.87,174.95
2017-12-22T14:39:00Z,174.93,175.05,174.8999,174.9501
2017-12-22T14:40:00Z,174.95,175.15,174.9299,175.1
2017-12-22T14:41:00Z,175.11,175.12,174.99,175.0001
2017-12-22T14:42:00Z,175,175.1,174.98,175.06
2017-12-22T14:43:00Z,175.0669,175.19,175.05,175.18
2017-12-22T14:44:00Z,175.16,175.18,175,175.05
2017-12-22T14:45:00Z,175.07,175.19,175.01,175.17
2017-12-22T14:46:00Z,175.16,175.26,175.04,175.2
2017-12-22T14:47:00Z,175.21,175.25,175.15,175.18
2017-12-22T14:48:00Z,175.18,175.205,175.11,175.11
2017-12-22T14:49:00Z,175.115,175.1499,175.01,175.125
2017-12-22T14:50:00Z,175.11,175.165,175.0701,175.128
2017-12-22T14:51:00Z,175.14,175.14,175,175.09
2017-12-22T14:52:00Z,175.1,175.15,175.06,175.15
2017-12-22T14:53:00Z,175.1399,175.25,175.09,175.14
2017-12-22T14:54:00Z,175.14,175.21,175.09,175.18
2017-12-22T14:55:00Z,175.1859,175.1859,175.09,175.13
2017-12-22T14:56:00Z,175.13,175.15,175.06,175.11
2017-12-22T14:57:00Z,175.102,175.18,175.09,175.1281
2017-12-22T14:58:00Z,175.14,175.1564,175.07,175.1564
2017-12-22T14:59:00Z,175.17,175.2849,175.15,175.2
2017-12-22T15:00:00Z,175.195,175.195,175.08,175.09
2017-12-22T15:01:00Z,175.1,175.2,175.08,175.16
2017-12-22T15:02:00Z,175.15,175.18,174.99,175.06
2017-12-22T15:03:00Z,175.06,175.116,174.94,175.07
2017-12-22T15:04:00Z,175.065,175.09,175,175.0385
2017-12-22T15:05:00Z,175.05,175.05,174.98,174.9967
2017-12-22T15:06:00Z,175,175.0479,174.93,174.99
2017-12-22T15:07:00Z,174.972,174.98,174.89,174.98
2017-12-22T15:08:00Z,174.9838,175.1314,174.98,175.1
2017-12-22T15:09:00Z,175.09,175.12,175.003,175.05
2017-12-22T15:10:00Z,175.03,175.08,174.97,175.05
2017-12-22T15:11:00Z,175.0445,175.07,174.96,174.99
2017-12-22T15:12:00Z,174.98,175,174.87,174.88
2017-12-22T15:13:00Z,174.88,175.03,174.86,175.02
2017-12-22T15:14:00Z,175.02,175.03,174.965,174.965
2017-12-22T15:15:00Z,174.96,175.11,174.96,175.07
2017-12-22T15:16:00Z,175.08,175.13,175.0682,175.095
2017-12-22T15:17:00Z,175.09,175.13,175.07,175.07
2017-12-22T15:18:00Z,175.07,175.12,175.06,175.12
2017-12-22T15:19:00Z,175.13,175.19,175.1073,175.11
2017-12-22T15:20:00Z,175.11,175.12,174.99,175
2017-12-22T15:21:00Z,174.9994,175.09,174.97,174.97
2017-12-22T15:22:00Z,174.98,174.99,174.85,174.94
2017-12-22T15:23:00Z,174.94,174.9999,174.9,174.995
2017-12-22T15:24:00Z,174.994,175.13,174.994,175.12
2017-12-22T15:25:00Z,175.11,175.15,175.08,175.11
2017-12-22T15:26:00Z,175.12,175.14,175.1012,175.1012
2017-12-22T15:27:00Z,175.0944,175.0944,175.04,175.04
2017-12-22T15:28:00Z,175.04,175.0599,174.98,175.0347
2017-12-22T15:29:00Z,175.035,175.0899,175.01,175.015
2017-12-22T15:30:00Z,175.01,175.09,175.01,175.08
2017-12-22T15:31:00Z,175.07,175.09,175,175.085
2017-12-22T15:32:00Z,175.08,175.1,175,175.0383
2017-12-22T15:33:00Z,175.027,175.0308,174.95,175.01
2017-12-22T15:34:00Z,175.015,175.059,174.96,175.01
2017-12-22T15:35:00Z,175,175,174.915,174.96
2017-12-22T15:36:00Z,174.97,174.99,174.88,174.965
2017-12-22T15:37:00Z,174.95,174.9854,174.94,174.975
2017-12-22T15:38:00Z,174.9701,174.995,174.96,174.97
2017-12-22T15:39:00Z,174.965,174.97,174.93,174.9364
2017-12-22T15:40:00Z,174.93,175.005,174.93,174.9834
2017-12-22T15:41:00Z,174.99,175.05,174.97,175.043
2017-12-22T15:42:00Z,175.06,175.09,175.05,175.075
2017-12-22T15:43:00Z,175.07,175.1,175.014,175.09
2017-12-22T15:44:00Z,175.09,175.12,175.01,175.05
2017-12-22T15:45:00Z,175.05,175.08,175.01,175.03
2017-12-22T15:46:00Z,175.04,175.07,175.03,175.04
2017-12-22T15:47:00Z,175.03,175.09,175.03,175.035
2017-12-22T15:48:00Z,175.03,175.12,175.02,175.08
2017-12-22T15:49:00Z,175.08,175.1,175.04,175.0832
2017-12-22T15:50:00Z,175.0794,175.08,175.04,175.06
2017-12-22T15:51:00Z,175.07,175.0767,175.03,175.04
2017-12-22T15:52:00Z,175.0376,175.075,174.98,175.05
2017-12-22T15:53:00Z,175.0538,175.09,175.03,175.075
2017-12-22T15:54:00Z,175.075,175.17,175.06,175.15
2017-12-22T15:55:00Z,175.15,175.16,175.1,175.14
2017-12-22T15:56:00Z,175.14,175.19,175.14,175.18
2017-12-22T15:57:00Z,175.18,175.32,175.18,175.2643
2017-12-22T15:58:00Z,175.26,175.2799,175.2,175.26
2017-12-22T15:59:00Z,175.255,175.31,175.255,175.27
2017-12-22T16:00:00Z,175.27,175.335,175.26,175.3
2017-12-22T16:01:00Z,175.3,175.315,175.1801,175.19
2017-12-22T16:02:00Z,175.2,175.25,175.18,175.24
2017-12-22T16:03:00Z,175.24,175.25,175.17,175.2208
2017-12-22T16:04:00Z,175.2168,175.222,175.18,175.215
2017-12-22T16:05:00Z,175.21,175.24,175.172,175.218
2017-12-22T16:06:00Z,175.21,175.225,175.18,175.205
2017-12-22T16:07:00Z,175.191,175.191,175.04,175.12
2017-12-22T16:08:00Z,175.1101,175.12,175.0577,175.07
2017-12-22T16:09:00Z,175.07,175.12,175.05,175.101
2017-12-22T16:10:00Z,175.1,175.13,175.08,175.0832
2017-12-22T16:11:00Z,175.084,175.19,175.08,175.15
2017-12-22T16:12:00Z,175.15,175.19,175.12,175.12
2017-12-22T16:13:00Z,175.12,175.1656,175.11,175.12
2017-12-22T16:14:00Z,175.12,175.14,175.09,175.14
2017-12-22T16:15:00Z,175.15,175.15,175.09,175.1171
2017-12-22T16:16:00Z,175.1207,175.145,175.07,175.08
2017-12-22T16:17:00Z,175.07,175.11,175.02,175.09
2017-12-22T16:18:00Z,175.08,175.1,175.04,175.092
2017-12-22T16:19:00Z,175.08,175.0934,175.01,175.08
2017-12-22T16:20:00Z,175.1,175.14,175.08,175.1
2017-12-22T16:21:00Z,175.1,175.22,175.08,175.22
2017-12-22T16:22:00Z,175.21,175.301,175.1914,175.2499
2017-12-22T16:23:00Z,175.24,175.3056,175.21,175.292
2017-12-22T16:24:00Z,175.298,175.34,175.2594,175.27
2017-12-22T16:25:00Z,175.28,175.3,175.28,175.28
2017-12-22T16:26:00Z,175.28,175.287,175.25,175.265
2017-12-22T16:27:00Z,175.261,175.27,175.2401,175.2453
2017-12-22T16:28:00Z,175.2488,175.2488,175.21,175.2153
2017-12-22T16:29:00Z,175.21,175.235,175.14,175.16
2017-12-22T16:30:00Z,175.1599,175.17,175.11,175.145
2017-12-22T16:31:00Z,175.1433,175.15,175.1,175.11
2017-12-22T16:32:00Z,175.1149,175.15,175.11,175.15
2017-12-22T16:33:00Z,175.1485,175.15,174.9,175
2017-12-22T16:34:00Z,175,175.13,174.9999,175.1
2017-12-22T16:35:00Z,175.12,175.24,175.11,175.2
2017-12-22T16:36:00Z,175.19,175.2006,175.1025,175.1025
2017-12-22T16:37:00Z,175.1106,175.17,175.09,175.15
2017-12-22T16:38:00Z,175.16,175.1695,175.14,175.1479
2017-12-22T16:39:00Z,175.14,175.2,175.135,175.18
2017-12-22T16:40:00Z,175.171,175.235,175.17,175.235
2017-12-22T16:41:00Z,175.23,175.24,175.17,175.19
2017-12-22T16:42:00Z,175.195,175.21,175.16,175.17
2017-12-22T16:43:00Z,175.175,175.23,175.17,175.17
2017-12-22T16:44:00Z,175.1802,175.22,175.1802,175.2199
2017-12-22T16:45:00Z,175.23,175.25,175.22,175.23
2017-12-22T16:46:00Z,175.22,175.2491,175.2196,175.22
2017-12-22T16:47:00Z,175.215,175.32,175.215,175.291
2017-12-22T16:48:00Z,175.29,175.29,175.18,175.21
2017-12-22T16:49:00Z,175.21,175.21,175.15,175.16
2017-12-22T16:50:00Z,175.1699,175.23,175.16,175.2
2017-12-22T16:51:00Z,175.21,175.24,175.2009,175.2201
2017-12-22T16:52:00Z,175.23,175.235,175.2019,175.215
2017-12-22T16:53:00Z,175.21,175.22,175.1247,175.1247
2017-12-22T16:54:00Z,175.12,175.17,175.095,175.16
2017-12-22T16:55:00Z,175.1648,175.19,175.12,175.14
2017-12-22T16:56:00Z,175.13,175.15,175.1,175.1199
2017-12-22T16:57:00Z,175.12,175.15,175.12,175.12
2017-12-22T16:58:00Z,175.1267,175.13,175.11,175.13
2017-12-22T16:59:00Z,175.13,175.15,175.07,175.09
2017-12-22T17:00:00Z,175.09,175.09,175.06,175.06
2017-12-22T17:01:00Z,175.06,175.1,175.06,175.07
2017-12-22T17:02:00Z,175.0943,175.095,175.01,175.023
2017-12-22T17:03:00Z,175.025,175.04,175.0099,175.035
2017-12-22T17:04:00Z,175.0347,175.0634,175.01,175.03
2017-12-22T17:05:00Z,175.04,175.085,175.04,175.05
2017-12-22T17:06:00Z,175.05,175.1,175.04,175.06
2017-12-22T17:07:00Z,175.06,175.08,175.05,175.05
2017-12-22T17:08:00Z,175.055,175.09,175.05,175.06
2017-12-22T17:09:00Z,175.06,175.07,175.01,175.03
2017-12-22T17:10:00Z,175.02,175.079,174.99,175.06
2017-12-22T17:11:00Z,175.05,175.06,175.01,175.02
2017-12-22T17:12:00Z,175.03,175.1,175.02,175.0401
2017-12-22T17:13:00Z,175.07,175.09,175.03,175.06
2017-12-22T17:14:00Z,175.06,175.07,175.03,175.05
2017-12-22T17:15:00Z,175.04,175.0679,175.03,175.04
2017-12-22T17:16:00Z,175.04,175.051,175.03,175.04
2017-12-22T17:17:00Z,175.04,175.04,175.01,175.0115
2017-12-22T17:18:00Z,175.02,175.04,175,175.03
2017-12-22T17:19:00Z,175.03,175.0401,175.01,175.0197
2017-12-22T17:20:00Z,175.01,175.03,175,175.02
2017-12-22T17:21:00Z,175.02,175.05,175.01,175.015
2017-12-22T17:22:00Z,175.0101,175.03,174.95,174.97
2017-12-22T17:23:00Z,174.97,174.99,174.93,174.98
2017-12-22T17:24:00Z,174.97,174.99,174.96,174.9601
2017-12-22T17:25:00Z,174.97,174.985,174.91,174.94
2017-12-22T17:26:00Z,174.95,174.96,174.9,174.93
2017-12-22T17:27:00Z,174.9247,174.925,174.9,174.9167
2017-12-22T17:28:00Z,174.91,174.93,174.9,174.92
2017-12-22T17:29:00Z,174.93,174.94,174.9,174.9199
2017-12-22T17:30:00Z,174.91,174.92,174.89,174.91
2017-12-22T17:31:00Z,174.91,174.9253,174.88,174.88
2017-12-22T17:32:00Z,174.88,174.9,174.86,174.86
2017-12-22T17:33:00Z,174.86,174.88,174.84,174.84
2017-12-22T17:34:00Z,174.84,174.9,174.84,174.9
2017-12-22T17:35:00Z,174.91,174.93,174.87,174.9
2017-12-22T17:36:00Z,174.9,174.92,174.89,174.91
2017-12-22T17:37:00Z,174.92,174.92,174.88,174.89
2017-12-22T17:38:00Z,174.88,174.92,174.88,174.89
2017-12-22T17:39:00Z,174.885,174.99,174.885,174.99
2017-12-22T17:40:00Z,174.99,175.01,174.97,175
2017-12-22T17:41:00Z,175,175.01,174.93,174.94
2017-12-22T17:42:00Z,174.94,174.95,174.914,174.93
2017-12-22T17:43:00Z,174.93,174.96,174.93,174.945
2017-12-22T17:44:00Z,174.94,175,174.94,174.99
2017-12-22T17:45:00Z,175,175.01,174.995,174.9987
2017-12-22T17:46:00Z,175.009,175.02,174.98,174.98
2017-12-22T17:47:00Z,174.98,174.9899,174.9501,174.9501
2017-12-22T17:48:00Z,174.95,174.96,174.91,174.9347
2017-12-22T17:49:00Z,174.9301,174.95,174.93,174.935
2017-12-22T17:50:00Z,174.93,174.95,174.9,174.95
2017-12-22T17:51:00Z,174.95,174.95,174.9,174.9048
2017-12-22T17:52:00Z,174.9093,174.91,174.84,174.841
2017-12-22T17:53:00Z,174.86,174.9,174.85,174.895
2017-12-22T17:54:00Z,174.895,174.94,174.895,174.92
2017-12-22T17:55:00Z,174.92,174.95,174.92,174.94
2017-12-22T17:56:00Z,174.9499,174.98,174.92,174.93
2017-12-22T17:57:00Z,174.93,174.94,174.91,174.92
2017-12-22T17:58:00Z,174.915,174.9641,174.91,174.94
2017-12-22T17:59:00Z,174.9397,174.98,174.93,174.97
2017-12-22T18:00:00Z,174.97,174.99,174.96,174.97
2017-12-22T18:01:00Z,174.973,174.995,174.95,174.97
2017-12-22T18:02:00Z,174.97,175.045,174.96,175.01
2017-12-22T18:03:00Z,175,175.04,174.98,175.01
2017-12-22T18:04:00Z,175.01,175.045,174.99,175.04
2017-12-22T18:05:00Z,175.038,175.05,174.99,175.05
2017-12-22T18:06:00Z,175.05,175.07,175.02,175.03
2017-12-22T18:07:00Z,175.02,175.025,174.96,175
2017-12-22T18:08:00Z,174.9934,175.0052,174.96,174.985
2017-12-22T18:09:00Z,174.99,174.9932,174.96,174.975
2017-12-22T18:10:00Z,174.98,174.98,174.9534,174.9714
2017-12-22T18:11:00Z,174.98,174.985,174.92,174.92
2017-12-22T18:12:00Z,174.93,174.95,174.92,174.94
2017-12-22T18:13:00Z,174.94,174.99,174.93,174.9705
2017-12-22T18:14:00Z,174.98,175.04,174.9782,175.04
2017-12-22T18:15:00Z,175.04,175.06,175.03,175.0544
2017-12-22T18:16:00Z,175.055,175.09,175.0363,175.07
2017-12-22T18:17:00Z,175.0757,175.1084,175.05,175.0978
2017-12-22T18:18:00Z,175.09,175.125,175.05,175.12
2017-12-22T18:19:00Z,175.12,175.13,175.09,175.1
2017-12-22T18:20:00Z,175.11,175.13,175.1,175.1199
2017-12-22T18:21:00Z,175.12,175.13,175.06,175.0786
2017-12-22T18:22:00Z,175.08,175.085,175.04,175.05
2017-12-22T18:23:00Z,175.05,175.07,175.035,175.035
2017-12-22T18:24:00Z,175.04,175.06,175.01,175.0101
2017-12-22T18:25:00Z,175.017,175.06,175.01,175.029
2017-12-22T18:26:00Z,175.024,175.05,175.0186,175.03
2017-12-22T18:27:00Z,175.0245,175.04,175.02,175.03
2017-12-22T18:28:00Z,175.03,175.04,175.02,175.02
2017-12-22T18:29:00Z,175.01,175.02,174.96,174.9891
2017-12-22T18:30:00Z,174.99,175.02,174.98,175
2017-12-22T18:31:00Z,175,175.03,174.9801,175.01
2017-12-22T18:32:00Z,175.025,175.054,175.025,175.04
2017-12-22T18:33:00Z,175.04,175.07,174.99,175.0543
2017-12-22T18:34:00Z,175.055,175.07,175.05,175.05
2017-12-22T18:35:00Z,175.06,175.08,175.05,175.07
2017-12-22T18:36:00Z,175.06,175.06,175.01,175.0338
2017-12-22T18:37:00Z,175.04,175.04,175.03,175.03
2017-12-22T18:38:00Z,175.03,175.0438,175.01,175.0332
2017-12-22T18:39:00Z,175.04,175.05,175.03,175.03
2017-12-22T18:40:00Z,175.03,175.05,175.01,175.02
2017-12-22T18:41:00Z,175.01,175.08,175.01,175.0438
2017-12-22T18:42:00Z,175.05,175.07,175.04,175.055
2017-12-22T18:43:00Z,175.06,175.07,175.04,175.05
2017-12-22T18:44:00Z,175.05,175.0662,175.02,175.0662
2017-12-22T18:45:00Z,175.06,175.14,175.054,175.12
2017-12-22T18:46:00Z,175.125,175.16,175.11,175.14
2017-12-22T18:47:00Z,175.14,175.1548,175.13,175.14
2017-12-22T18:48:00Z,175.14,175.14,175.07,175.09
2017-12-22T18:49:00Z,175.085,175.09,175.04,175.05
2017-12-22T18:50:00Z,175.04,175.05,175,175.04
2017-12-22T18:51:00Z,175.035,175.04,175.02,175.0338
2017-12-22T18:52:00Z,175.04,175.06,175.02,175.025
2017-12-22T18:53:00Z,175.025,175.05,175.02,175.0428
2017-12-22T18:54:00Z,175.045,175.05,175.04,175.045
2017-12-22T18:55:00Z,175.045,175.05,175.03,175.045
2017-12-22T18:56:00Z,175.05,175.05,175.014,175.015
2017-12-22T18:57:00Z,175.015,175.0954,175.013,175.09
2017-12-22T18:58:00Z,175.0847,175.1,175.05,175.05
2017-12-22T18:59:00Z,175.05,175.05,175.0277,175.04
2017-12-22T19:00:00Z,175.03,175.095,175.03,175.09
2017-12-22T19:01:00Z,175.08,175.1,175.06,175.06
2017-12-22T19:02:00Z,175.06,175.07,174.995,175.01
2017-12-22T19:03:00Z,175.01,175.01,174.96,174.97
2017-12-22T19:04:00Z,174.96,175.01,174.95,175
2017-12-22T19:05:00Z,175,175.01,174.965,174.97
2017-12-22T19:06:00Z,174.97,174.978,174.955,174.96
2017-12-22T19:07:00Z,174.9699,174.98,174.945,174.9734
2017-12-22T19:08:00Z,174.97,174.98,174.95,174.95
2017-12-22T19:09:00Z,174.95,174.965,174.94,174.95
2017-12-22T19:10:00Z,174.95,174.98,174.94,174.945
2017-12-22T19:11:00Z,174.9434,174.98,174.9434,174.9534
2017-12-22T19:12:00Z,174.95,175.01,174.94,174.97
2017-12-22T19:13:00Z,174.9601,175.0441,174.95,175.0412
2017-12-22T19:14:00Z,175.04,175.11,175.03,175.09
2017-12-22T19:15:00Z,175.1,175.13,175.08,175.11
2017-12-22T19:16:00Z,175.1152,175.13,175.0899,175.12
2017-12-22T19:17:00Z,175.125,175.13,175.09,175.09
2017-12-22T19:18:00Z,175.09,175.11,175.07,175.08
2017-12-22T19:19:00Z,175.07,175.12,175.06,175.11
2017-12-22T19:20:00Z,175.12,175.18,175.12,175.18
2017-12-22T19:21:00Z,175.1703,175.1703,175.1501,175.17
2017-12-22T19:22:00Z,175.1701,175.18,175.145,175.18
2017-12-22T19:23:00Z,175.17,175.17,175.1468,175.17
2017-12-22T19:24:00Z,175.17,175.205,175.1601,175.195
2017-12-22T19:25:00Z,175.195,175.2,175.1401,175.1468
2017-12-22T19:26:00Z,175.14,175.14,175.0844,175.11
2017-12-22T19:27:00Z,175.11,175.12,175.09,175.11
2017-12-22T19:28:00Z,175.09,175.165,175.09,175.1565
2017-12-22T19:29:00Z,175.1544,175.155,175.11,175.13
2017-12-22T19:30:00Z,175.13,175.16,175.115,175.1282
2017-12-22T19:31:00Z,175.1201,175.16,175.08,175.1
2017-12-22T19:32:00Z,175.105,175.115,175.07,175.07
2017-12-22T19:33:00Z,175.0679,175.09,175.06,175.06
2017-12-22T19:34:00Z,175.05,175.07,175.04,175.04
2017-12-22T19:35:00Z,175.0395,175.05,175.01,175.0271
2017-12-22T19:36:00Z,175.0212,175.05,175,175.05
2017-12-22T19:37:00Z,175.04,175.12,175.03,175.12
2017-12-22T19:38:00Z,175.12,175.14,175.11,175.13
2017-12-22T19:39:00Z,175.13,175.13,175.06,175.07
2017-12-22T19:40:00Z,175.07,175.11,175.06,175.1
2017-12-22T19:41:00Z,175.1,175.1,175.065,175.07
2017-12-22T19:42:00Z,175.08,175.08,175.03,175.045
2017-12-22T19:43:00Z,175.04,175.075,175.01,175.07
2017-12-22T19:44:00Z,175.06,175.07,175.02,175.03
2017-12-22T19:45:00Z,175.0315,175.05,175.0101,175.025
2017-12-22T19:46:00Z,175.0261,175.07,175.015,175.06
2017-12-22T19:47:00Z,175.06,175.125,175.04,175.105
2017-12-22T19:48:00Z,175.11,175.1461,175.08,175.14
2017-12-22T19:49:00Z,175.13,175.135,175.08,175.09
2017-12-22T19:50:00Z,175.0986,175.13,175.0938,175.1
2017-12-22T19:51:00Z,175.1,175.12,175.09,175.1
2017-12-22T19:52:00Z,175.1,175.13,175.1,175.12
2017-12-22T19:53:00Z,175.11,175.14,175.09,175.1339
2017-12-22T19:54:00Z,175.14,175.16,175.1,175.1
2017-12-22T19:55:00Z,175.1,175.13,175.1,175.119
2017-12-22T19:56:00Z,175.12,175.12,175.09,175.105
2017-12-22T19:57:00Z,175.1001,175.14,175.09,175.14
2017-12-22T19:58:00Z,175.13,175.175,175.125,175.16
2017-12-22T19:59:00Z,175.15,175.185,175.122,175.16
