2016-02-26T13:30:00Z,97.14,97.19,97.06,97.06
2016-02-26T13:31:00Z,97.07,97.18,97.07,97.14
2016-02-26T13:32:00Z,97.15,97.15,97.15,97.15
2016-02-26T13:33:00Z,97.18,97.18,97.18,97.18
2016-02-26T13:34:00Z,97.17,97.17,97.17,97.17
2016-02-26T13:37:00Z,97.15,97.15,97.15,97.15
2016-02-26T13:38:00Z,97.16,97.19,97.15,97.19
2016-02-26T13:39:00Z,97.19,97.22,97.19,97.22
2016-02-26T13:41:00Z,97.21,97.21,97.2,97.2
2016-02-26T13:42:00Z,97.21,97.21,97.21,97.21
2016-02-26T13:43:00Z,97.22,97.22,97.22,97.22
2016-02-26T13:44:00Z,97.23,97.3,97.22,97.3
2016-02-26T13:45:00Z,97.3,97.34,97.2999,97.34
2016-02-26T13:46:00Z,97.3,97.3,97.3,97.3
2016-02-26T13:47:00Z,97.23,97.25,97.23,97.25
2016-02-26T13:48:00Z,97.24,97.24,97.24,97.24
2016-02-26T13:49:00Z,97.25,97.25,97.25,97.25
2016-02-26T13:51:00Z,97.25,97.25,97.25,97.25
2016-02-26T13:52:00Z,97.25,97.27,97.25,97.25
2016-02-26T13:53:00Z,97.27,97.27,97.1,97.1
2016-02-26T13:54:00Z,97.15,97.15,97.15,97.15
2016-02-26T13:56:00Z,97.17,97.22,97.17,97.22
2016-02-26T13:57:00Z,97.15,97.15,97.15,97.15
2016-02-26T13:58:00Z,97.15,97.15,97.14,97.14
2016-02-26T13:59:00Z,97.17,97.17,97.1,97.16
2016-02-26T14:00:00Z,97.17,97.2,97.17,97.2
2016-02-26T14:01:00Z,97.19,97.19,97.14,97.15
2016-02-26T14:02:00Z,97.19,97.19,97.18,97.18
2016-02-26T14:03:00Z,97.2,97.2,97.2,97.2
2016-02-26T14:04:00Z,97.23,97.23,97.23,97.23
2016-02-26T14:05:00Z,97.2,97.2,97.2,97.2
2016-02-26T14:06:00Z,97.2,97.22,97.18,97.2
2016-02-26T14:07:00Z,97.2,97.2,97.2,97.2
2016-02-26T14:08:00Z,97.2,97.23,97.2,97.2
2016-02-26T14:10:00Z,97.2,97.22,97.2,97.21
2016-02-26T14:11:00Z,97.21,97.24,97.21,97.24
2016-02-26T14:12:00Z,97.24,97.28,97.21,97.26
2016-02-26T14:13:00Z,97.22,97.22,97.22,97.22
2016-02-26T14:14:00Z,97.22,97.27,97.22,97.26
2016-02-26T14:15:00Z,97.3,97.3,97.3,97.3
2016-02-26T14:16:00Z,97.3,97.3,97.3,97.3
2016-02-26T14:17:00Z,97.29,97.3,97.29,97.3
2016-02-26T14:18:00Z,97.3,97.3,97.3,97.3
2016-02-26T14:19:00Z,97.3,97.3,97.3,97.3
2016-02-26T14:20:00Z,97.27,97.27,97.27,97.27
2016-02-26T14:21:00Z,97.29,97.29,97.26,97.27
2016-02-26T14:22:00Z,97.27,97.27,97.27,97.27
2016-02-26T14:23:00Z,97.27,97.27,97.27,97.27
2016-02-26T14:24:00Z,97.24,97.27,97.24,97.27
2016-02-26T14:25:00Z,97.3,97.3,97.25,97.25
2016-02-26T14:26:00Z,97.26,97.26,97.26,97.26
2016-02-26T14:27:00Z,97.25,97.27,97.25,97.27
2016-02-26T14:28:00Z,97.27,97.27,97.25,97.26
2016-02-26T14:29:00Z,97.2,97.3,97.13,97.23
2016-02-26T14:30:00Z,97.2,97.44,97.15,97.435
2016-02-26T14:31:00Z,97.44,97.63,97.34,97.41
2016-02-26T14:32:00Z,97.4,97.52,97.3095,97.325
2016-02-26T14:33:00Z,97.32,97.32,97.21,97.26
2016-02-26T14:34:00Z,97.26,97.32,97.16,97.3199
2016-02-26T14:35:00Z,97.31,97.54,97.3,97.45
2016-02-26T14:36:00Z,97.45,97.48,97.39,97.47
2016-02-26T14:37:00Z,97.4699,97.55,97.33,97.37
2016-02-26T14:38:00Z,97.37,97.61,97.3257,97.58
2016-02-26T14:39:00Z,97.58,97.61,97.43,97.53
2016-02-26T14:40:00Z,97.52,97.67,97.5,97.566
2016-02-26T14:41:00Z,97.565,97.57,97.34,97.421
2016-02-26T14:42:00Z,97.41,97.41,97.25,97.28
2016-02-26T14:43:00Z,97.28,97.3,97.24,97.2785
2016-02-26T14:44:00Z,97.2772,97.31,97.24,97.3
2016-02-26T14:45:00Z,97.3,97.45,97.295,97.38
2016-02-26T14:46:00Z,97.38,97.38,97.2401,97.26
2016-02-26T14:47:00Z,97.27,97.44,97.25,97.4
2016-02-26T14:48:00Z,97.3922,97.41,97.3305,97.39
2016-02-26T14:49:00Z,97.39,97.45,97.312,97.38
2016-02-26T14:50:00Z,97.3727,97.46,97.311,97.455
2016-02-26T14:51:00Z,97.45,97.47,97.42,97.45
2016-02-26T14:52:00Z,97.4563,97.5,97.43,97.5
2016-02-26T14:53:00Z,97.5,97.55,97.49,97.51
2016-02-26T14:54:00Z,97.52,97.525,97.38,97.42
2016-02-26T14:55:00Z,97.42,97.46,97.361,97.425
2016-02-26T14:56:00Z,97.43,97.46,97.4001,97.4141
2016-02-26T14:57:00Z,97.41,97.449,97.385,97.44
2016-02-26T14:58:00Z,97.445,97.5,97.43,97.45
2016-02-26T14:59:00Z,97.455,97.5493,97.44,97.5
2016-02-26T15:00:00Z,97.5,97.505,97.34,97.42
2016-02-26T15:01:00Z,97.41,97.42,97.33,97.36
2016-02-26T15:02:00Z,97.36,97.45,97.35,97.395
2016-02-26T15:03:00Z,97.4,97.4149,97.3,97.3408
2016-02-26T15:04:00Z,97.34,97.39,97.3322,97.3537
2016-02-26T15:05:00Z,97.35,97.36,97.31,97.33
2016-02-26T15:06:00Z,97.33,97.37,97.31,97.364
2016-02-26T15:07:00Z,97.36,97.36,97.24,97.29
2016-02-26T15:08:00Z,97.29,97.31,97.24,97.3
2016-02-26T15:09:00Z,97.29,97.3,97.24,97.25
2016-02-26T15:10:00Z,97.25,97.29,97.25,97.269
2016-02-26T15:11:00Z,97.27,97.35,97.27,97.34
2016-02-26T15:12:00Z,97.34,97.41,97.33,97.385
2016-02-26T15:13:00Z,97.39,97.43,97.38,97.41
2016-02-26T15:14:00Z,97.4,97.455,97.39,97.42
2016-02-26T15:15:00Z,97.42,97.5,97.4,97.5
2016-02-26T15:16:00Z,97.49,97.5,97.45,97.45
2016-02-26T15:17:00Z,97.46,97.465,97.4,97.4
2016-02-26T15:18:00Z,97.4,97.4,97.32,97.36
2016-02-26T15:19:00Z,97.36,97.38,97.28,97.29
2016-02-26T15:20:00Z,97.29,97.3401,97.28,97.334
2016-02-26T15:21:00Z,97.34,97.34,97.24,97.24
2016-02-26T15:22:00Z,97.25,97.37,97.25,97.35
2016-02-26T15:23:00Z,97.35,97.365,97.29,97.29
2016-02-26T15:24:00Z,97.29,97.3,97.24,97.25
2016-02-26T15:25:00Z,97.2559,97.29,97.13,97.19
2016-02-26T15:26:00Z,97.19,97.28,97.17,97.17
2016-02-26T15:27:00Z,97.16,97.21,97.13,97.17
2016-02-26T15:28:00Z,97.1665,97.17,97.08,97.12
2016-02-26T15:29:00Z,97.12,97.21,97.1105,97.2099
2016-02-26T15:30:00Z,97.2001,97.23,97.19,97.23
2016-02-26T15:31:00Z,97.2262,97.34,97.22,97.3319
2016-02-26T15:32:00Z,97.33,97.4,97.3165,97.38
2016-02-26T15:33:00Z,97.3892,97.46,97.37,97.43
2016-02-26T15:34:00Z,97.43,97.46,97.39,97.421
2016-02-26T15:35:00Z,97.421,97.44,97.401,97.43
2016-02-26T15:36:00Z,97.43,97.49,97.3941,97.46
2016-02-26T15:37:00Z,97.4601,97.53,97.4601,97.53
2016-02-26T15:38:00Z,97.5395,97.6,97.52,97.52
2016-02-26T15:39:00Z,97.51,97.54,97.5037,97.5389
2016-02-26T15:40:00Z,97.54,97.6,97.5389,97.59
2016-02-26T15:41:00Z,97.59,97.64,97.57,97.63
2016-02-26T15:42:00Z,97.6398,97.73,97.62,97.67
2016-02-26T15:43:00Z,97.67,97.6795,97.63,97.66
2016-02-26T15:44:00Z,97.658,97.695,97.64,97.66
2016-02-26T15:45:00Z,97.66,97.66,97.59,97.61
2016-02-26T15:46:00Z,97.5978,97.66,97.59,97.66
2016-02-26T15:47:00Z,97.655,97.7,97.64,97.6759
2016-02-26T15:48:00Z,97.671,97.7,97.66,97.686
2016-02-26T15:49:00Z,97.68,97.71,97.67,97.6984
2016-02-26T15:50:00Z,97.69,97.7,97.64,97.6599
2016-02-26T15:51:00Z,97.65,97.6525,97.57,97.62
2016-02-26T15:52:00Z,97.619,97.655,97.58,97.63
2016-02-26T15:53:00Z,97.63,97.68,97.62,97.66
2016-02-26T15:54:00Z,97.66,97.69,97.63,97.662
2016-02-26T15:55:00Z,97.6665,97.71,97.66,97.68
2016-02-26T15:56:00Z,97.67,97.685,97.6401,97.67
2016-02-26T15:57:00Z,97.67,97.69,97.63,97.69
2016-02-26T15:58:00Z,97.68,97.68,97.61,97.62
2016-02-26T15:59:00Z,97.61,97.69,97.59,97.67
2016-02-26T16:00:00Z,97.6741,97.7,97.62,97.7
2016-02-26T16:01:00Z,97.6901,97.76,97.6901,97.74
2016-02-26T16:02:00Z,97.74,97.8,97.736,97.7801
2016-02-26T16:03:00Z,97.7801,97.81,97.78,97.795
2016-02-26T16:04:00Z,97.79,97.84,97.765,97.8335
2016-02-26T16:05:00Z,97.84,97.95,97.8322,97.95
2016-02-26T16:06:00Z,97.95,97.96,97.91,97.9281
2016-02-26T16:07:00Z,97.92,98.0237,97.86,98.0005
2016-02-26T16:08:00Z,98,98.01,97.905,97.99
2016-02-26T16:09:00Z,97.99,98,97.94,97.96
2016-02-26T16:10:00Z,97.95,97.98,97.87,97.884
2016-02-26T16:11:00Z,97.88,97.9,97.83,97.8381
2016-02-26T16:12:00Z,97.839,97.88,97.83,97.8701
2016-02-26T16:13:00Z,97.87,97.88,97.75,97.76
2016-02-26T16:14:00Z,97.76,97.842,97.76,97.8
2016-02-26T16:15:00Z,97.79,97.7901,97.74,97.79
2016-02-26T16:16:00Z,97.79,97.87,97.775,97.83
2016-02-26T16:17:00Z,97.82,97.82,97.72,97.7435
2016-02-26T16:18:00Z,97.75,97.77,97.74,97.77
2016-02-26T16:19:00Z,97.766,97.78,97.75,97.7501
2016-02-26T16:20:00Z,97.75,97.76,97.63,97.65
2016-02-26T16:21:00Z,97.65,97.65,97.57,97.6
2016-02-26T16:22:00Z,97.6,97.7065,97.6,97.66
2016-02-26T16:23:00Z,97.67,97.7,97.64,97.6638
2016-02-26T16:24:00Z,97.67,97.68,97.6,97.6
2016-02-26T16:25:00Z,97.61,97.61,97.53,97.54
2016-02-26T16:26:00Z,97.54,97.58,97.54,97.552
2016-02-26T16:27:00Z,97.56,97.59,97.53,97.56
2016-02-26T16:28:00Z,97.56,97.64,97.56,97.59
2016-02-26T16:29:00Z,97.599,97.6,97.5,97.5
2016-02-26T16:30:00Z,97.5,97.5,97.37,97.3864
2016-02-26T16:31:00Z,97.39,97.47,97.35,97.47
2016-02-26T16:32:00Z,97.4619,97.48,97.44,97.47
2016-02-26T16:33:00Z,97.47,97.47,97.34,97.37
2016-02-26T16:34:00Z,97.37,97.4524,97.34,97.395
2016-02-26T16:35:00Z,97.4,97.4,97.345,97.35
2016-02-26T16:36:00Z,97.35,97.42,97.35,97.415
2016-02-26T16:37:00Z,97.41,97.5,97.3869,97.4855
2016-02-26T16:38:00Z,97.48,97.53,97.415,97.42
2016-02-26T16:39:00Z,97.415,97.4198,97.345,97.35
2016-02-26T16:40:00Z,97.356,97.41,97.32,97.36
2016-02-26T16:41:00Z,97.3675,97.39,97.335,97.36
2016-02-26T16:42:00Z,97.3662,97.39,97.345,97.375
2016-02-26T16:43:00Z,97.38,97.43,97.375,97.43
2016-02-26T16:44:00Z,97.42,97.45,97.35,97.365
2016-02-26T16:45:00Z,97.36,97.49,97.33,97.45
2016-02-26T16:46:00Z,97.44,97.48,97.42,97.44
2016-02-26T16:47:00Z,97.4466,97.48,97.415,97.43
2016-02-26T16:48:00Z,97.43,97.5,97.425,97.485
2016-02-26T16:49:00Z,97.48,97.49,97.43,97.44
2016-02-26T16:50:00Z,97.43,97.43,97.36,97.41
2016-02-26T16:51:00Z,97.4,97.4,97.35,97.3601
2016-02-26T16:52:00Z,97.3658,97.4001,97.35,97.39
2016-02-26T16:53:00Z,97.38,97.41,97.38,97.405
2016-02-26T16:54:00Z,97.4,97.4599,97.375,97.455
2016-02-26T16:55:00Z,97.45,97.45,97.36,97.37
2016-02-26T16:56:00Z,97.37,97.44,97.365,97.365
2016-02-26T16:57:00Z,97.3699,97.3894,97.345,97.37
2016-02-26T16:58:00Z,97.37,97.42,97.345,97.41
2016-02-26T16:59:00Z,97.405,97.41,97.35,97.39
2016-02-26T17:00:00Z,97.38,97.3866,97.14,97.18
2016-02-26T17:01:00Z,97.175,97.27,97.15,97.27
2016-02-26T17:02:00Z,97.28,97.29,97.121,97.185
2016-02-26T17:03:00Z,97.185,97.19,97.13,97.14
2016-02-26T17:04:00Z,97.1496,97.16,97.04,97.06
2016-02-26T17:05:00Z,97.0699,97.07,96.95,96.98
2016-02-26T17:06:00Z,96.98,97.0795,96.96,97.06
2016-02-26T17:07:00Z,97.05,97.1423,97.04,97.13
2016-02-26T17:08:00Z,97.13,97.14,97.13,97.14
2016-02-26T17:09:00Z,97.14,97.23,97.1341,97.19
2016-02-26T17:10:00Z,97.18,97.2501,97.18,97.2501
2016-02-26T17:11:00Z,97.245,97.25,97.18,97.18
2016-02-26T17:12:00Z,97.18,97.18,97.11,97.14
2016-02-26T17:13:00Z,97.15,97.17,97.09,97.135
2016-02-26T17:14:00Z,97.13,97.18,97.12,97.14
2016-02-26T17:15:00Z,97.14,97.17,97.0963,97.17
2016-02-26T17:16:00Z,97.1819,97.26,97.17,97.26
2016-02-26T17:17:00Z,97.26,97.39,97.26,97.38
2016-02-26T17:18:00Z,97.38,97.39,97.2712,97.2963
2016-02-26T17:19:00Z,97.282,97.29,97.235,97.235
2016-02-26T17:20:00Z,97.2301,97.2801,97.22,97.2601
2016-02-26T17:21:00Z,97.2564,97.29,97.21,97.28
2016-02-26T17:22:00Z,97.285,97.29,97.23,97.23
2016-02-26T17:23:00Z,97.23,97.255,97.21,97.215
2016-02-26T17:24:00Z,97.22,97.22,97.16,97.18
2016-02-26T17:25:00Z,97.18,97.29,97.15,97.28
2016-02-26T17:26:00Z,97.27,97.35,97.27,97.32
2016-02-26T17:27:00Z,97.33,97.33,97.28,97.281
2016-02-26T17:28:00Z,97.28,97.29,97.1839,97.1884
2016-02-26T17:29:00Z,97.18,97.19,97.1337,97.19
2016-02-26T17:30:00Z,97.2,97.22,97.15,97.21
2016-02-26T17:31:00Z,97.22,97.3099,97.2001,97.27
2016-02-26T17:32:00Z,97.27,97.28,97.2401,97.2451
2016-02-26T17:33:00Z,97.24,97.25,97.21,97.23
2016-02-26T17:34:00Z,97.2319,97.24,97.18,97.19
2016-02-26T17:35:00Z,97.18,97.19,97.155,97.1799
2016-02-26T17:36:00Z,97.18,97.19,97.16,97.18
2016-02-26T17:37:00Z,97.175,97.22,97.16,97.184
2016-02-26T17:38:00Z,97.2,97.21,97.12,97.1344
2016-02-26T17:39:00Z,97.1344,97.16,97.1199,97.154
2016-02-26T17:40:00Z,97.15,97.154,97.11,97.11
2016-02-26T17:41:00Z,97.1165,97.13,97.05,97.07
2016-02-26T17:42:00Z,97.0765,97.08,97.0363,97.05
2016-02-26T17:43:00Z,97.05,97.09,97.02,97.09
2016-02-26T17:44:00Z,97.09,97.18,97.0799,97.15
2016-02-26T17:45:00Z,97.154,97.25,97.115,97.2499
2016-02-26T17:46:00Z,97.24,97.245,97.2078,97.23
2016-02-26T17:47:00Z,97.23,97.25,97.22,97.2263
2016-02-26T17:48:00Z,97.22,97.23,97.11,97.11
2016-02-26T17:49:00Z,97.11,97.11,97.05,97.07
2016-02-26T17:50:00Z,97.065,97.065,96.95,96.99
2016-02-26T17:51:00Z,96.98,97.03,96.95,97.01
2016-02-26T17:52:00Z,97.02,97.13,97.02,97.1
2016-02-26T17:53:00Z,97.1,97.11,97.0495,97.11
2016-02-26T17:54:00Z,97.11,97.18,97.1001,97.1639
2016-02-26T17:55:00Z,97.16,97.22,97.13,97.17
2016-02-26T17:56:00Z,97.169,97.2,97.16,97.185
2016-02-26T17:57:00Z,97.19,97.19,97.11,97.14
2016-02-26T17:58:00Z,97.1477,97.15,97.09,97.11
2016-02-26T17:59:00Z,97.101,97.11,97.07,97.1
2016-02-26T18:00:00Z,97.1,97.15,97.075,97.11
2016-02-26T18:01:00Z,97.11,97.19,97.11,97.16
2016-02-26T18:02:00Z,97.15,97.25,97.14,97.25
2016-02-26T18:03:00Z,97.25,97.32,97.23,97.2375
2016-02-26T18:04:00Z,97.235,97.28,97.2253,97.23
2016-02-26T18:05:00Z,97.235,97.24,97.1516,97.1516
2016-02-26T18:06:00Z,97.16,97.23,97.16,97.225
2016-02-26T18:07:00Z,97.225,97.26,97.22,97.25
2016-02-26T18:08:00Z,97.25,97.28,97.25,97.28
2016-02-26T18:09:00Z,97.28,97.29,97.2,97.205
2016-02-26T18:10:00Z,97.1798,97.18,97.15,97.16
2016-02-26T18:11:00Z,97.1801,97.22,97.165,97.19
2016-02-26T18:12:00Z,97.193,97.21,97.17,97.2
2016-02-26T18:13:00Z,97.1899,97.22,97.14,97.15
2016-02-26T18:14:00Z,97.15,97.16,97.08,97.08
2016-02-26T18:15:00Z,97.08,97.1,97,97.05
2016-02-26T18:16:00Z,97.0568,97.0822,97.03,97.0822
2016-02-26T18:17:00Z,97.09,97.14,97.08,97.11
2016-02-26T18:18:00Z,97.11,97.13,97.065,97.0851
2016-02-26T18:19:00Z,97.08,97.1,97.035,97.09
2016-02-26T18:20:00Z,97.0966,97.1,97.06,97.0782
2016-02-26T18:21:00Z,97.075,97.08,97.03,97.07
2016-02-26T18:22:00Z,97.06,97.1,97.01,97.1
2016-02-26T18:23:00Z,97.105,97.12,97.04,97.06
2016-02-26T18:24:00Z,97.0637,97.09,97.03,97.0335
2016-02-26T18:25:00Z,97.035,97.1198,97.03,97.08
2016-02-26T18:26:00Z,97.085,97.09,97.02,97.05
2016-02-26T18:27:00Z,97.05,97.06,96.98,96.99
2016-02-26T18:28:00Z,96.9829,96.99,96.956,96.956
2016-02-26T18:29:00Z,96.95,96.96,96.88,96.8802
2016-02-26T18:30:00Z,96.8801,96.95,96.8699,96.95
2016-02-26T18:31:00Z,96.96,97.035,96.941,97.025
2016-02-26T18:32:00Z,97.02,97.05,97.01,97.01
2016-02-26T18:33:00Z,97,97.01,96.93,96.93
2016-02-26T18:34:00Z,96.94,96.97,96.93,96.95
2016-02-26T18:35:00Z,96.95,97,96.92,96.962
2016-02-26T18:36:00Z,96.97,97.02,96.9601,97.0035
2016-02-26T18:37:00Z,97.008,97.08,97,97.0079
2016-02-26T18:38:00Z,97.0037,97.01,96.96,96.9662
2016-02-26T18:39:00Z,96.96,96.97,96.88,96.9
2016-02-26T18:40:00Z,96.9,96.91,96.77,96.79
2016-02-26T18:41:00Z,96.79,96.88,96.78,96.851
2016-02-26T18:42:00Z,96.85,96.88,96.708,96.71
2016-02-26T18:43:00Z,96.719,96.74,96.61,96.6599
2016-02-26T18:44:00Z,96.66,96.78,96.66,96.78
2016-02-26T18:45:00Z,96.77,96.78,96.7,96.7
2016-02-26T18:46:00Z,96.71,96.79,96.68,96.7656
2016-02-26T18:47:00Z,96.761,96.85,96.73,96.8307
2016-02-26T18:48:00Z,96.831,96.84,96.7708,96.81
2016-02-26T18:49:00Z,96.81,96.81,96.78,96.81
2016-02-26T18:50:00Z,96.8,96.81,96.76,96.78
2016-02-26T18:51:00Z,96.79,96.81,96.735,96.741
2016-02-26T18:52:00Z,96.7497,96.8,96.745,96.784
2016-02-26T18:53:00Z,96.79,96.81,96.73,96.74
2016-02-26T18:54:00Z,96.75,96.85,96.745,96.845
2016-02-26T18:55:00Z,96.8463,96.85,96.81,96.845
2016-02-26T18:56:00Z,96.84,96.84,96.74,96.84
2016-02-26T18:57:00Z,96.84,96.93,96.84,96.86
2016-02-26T18:58:00Z,96.87,96.91,96.8639,96.87
2016-02-26T18:59:00Z,96.87,96.9,96.85,96.8836
2016-02-26T19:00:00Z,96.89,96.98,96.88,96.97
2016-02-26T19:01:00Z,96.96,96.99,96.95,96.97
2016-02-26T19:02:00Z,96.9799,96.98,96.9356,96.96
2016-02-26T19:03:00Z,96.97,97,96.96,96.98
2016-02-26T19:04:00Z,96.98,97,96.925,97
2016-02-26T19:05:00Z,97,97.03,96.984,96.99
2016-02-26T19:06:00Z,96.995,97.02,96.97,96.98
2016-02-26T19:07:00Z,96.97,96.99,96.95,96.98
2016-02-26T19:08:00Z,96.97,97.03,96.97,96.998
2016-02-26T19:09:00Z,97,97.0099,96.93,96.965
2016-02-26T19:10:00Z,96.9689,96.98,96.9,96.93
2016-02-26T19:11:00Z,96.92,96.94,96.85,96.86
2016-02-26T19:12:00Z,96.85,96.89,96.837,96.88
2016-02-26T19:13:00Z,96.8661,96.9736,96.8661,96.9705
2016-02-26T19:14:00Z,96.97,97,96.96,96.98
2016-02-26T19:15:00Z,96.96,96.98,96.93,96.96
2016-02-26T19:16:00Z,96.96,96.97,96.9,96.94
2016-02-26T19:17:00Z,96.94,96.96,96.9162,96.9499
2016-02-26T19:18:00Z,96.945,96.99,96.93,96.95
2016-02-26T19:19:00Z,96.95,96.98,96.93,96.93
2016-02-26T19:20:00Z,96.92,96.94,96.89,96.93
2016-02-26T19:21:00Z,96.93,97,96.91,96.993
2016-02-26T19:22:00Z,97,97,96.955,96.99
2016-02-26T19:23:00Z,96.99,97.02,96.95,96.96
2016-02-26T19:24:00Z,96.96,96.99,96.92,96.9585
2016-02-26T19:25:00Z,96.95,96.96,96.9,96.93
2016-02-26T19:26:00Z,96.95,97.01,96.95,97
2016-02-26T19:27:00Z,97,97.01,96.94,96.96
2016-02-26T19:28:00Z,96.9691,97.02,96.94,96.99
2016-02-26T19:29:00Z,96.99,97.01,96.97,97
2016-02-26T19:30:00Z,96.99,97,96.926,96.93
2016-02-26T19:31:00Z,96.92,97.01,96.92,96.9651
2016-02-26T19:32:00Z,96.96,97,96.95,96.98
2016-02-26T19:33:00Z,96.97,96.99,96.9,96.91
2016-02-26T19:34:00Z,96.92,96.94,96.85,96.865
2016-02-26T19:35:00Z,96.86,96.92,96.84,96.88
2016-02-26T19:36:00Z,96.87,96.88,96.8163,96.84
2016-02-26T19:37:00Z,96.83,96.84,96.76,96.77
2016-02-26T19:38:00Z,96.77,96.79,96.69,96.691
2016-02-26T19:39:00Z,96.7,96.7001,96.66,96.66
2016-02-26T19:40:00Z,96.66,96.66,96.58,96.62
2016-02-26T19:41:00Z,96.6239,96.68,96.61,96.66
2016-02-26T19:42:00Z,96.6761,96.71,96.675,96.7062
2016-02-26T19:43:00Z,96.7,96.72,96.682,96.701
2016-02-26T19:44:00Z,96.705,96.76,96.7,96.74
2016-02-26T19:45:00Z,96.7361,96.8,96.73,96.79
2016-02-26T19:46:00Z,96.7864,96.81,96.74,96.7899
2016-02-26T19:47:00Z,96.78,96.83,96.77,96.801
2016-02-26T19:48:00Z,96.81,96.86,96.81,96.82
2016-02-26T19:49:00Z,96.82,96.9,96.815,96.8499
2016-02-26T19:50:00Z,96.84,96.85,96.73,96.74
2016-02-26T19:51:00Z,96.7451,96.76,96.7,96.73
2016-02-26T19:52:00Z,96.73,96.74,96.67,96.675
2016-02-26T19:53:00Z,96.68,96.8,96.68,96.8
2016-02-26T19:54:00Z,96.8,96.85,96.78,96.8
2016-02-26T19:55:00Z,96.81,96.81,96.74,96.77
2016-02-26T19:56:00Z,96.77,96.82,96.75,96.8101
2016-02-26T19:57:00Z,96.8175,96.84,96.79,96.79
2016-02-26T19:58:00Z,96.79,96.81,96.74,96.75
2016-02-26T19:59:00Z,96.75,96.77,96.71,96.72
