2019-09-19T13:30:00Z,222.12,222.49,222,222.4
2019-09-19T13:31:00Z,222.38,222.67,222.38,222.5
2019-09-19T13:32:00Z,222.49,223.03,222.49,222.65
2019-09-19T13:33:00Z,222.64,222.81,222.27,222.43
2019-09-19T13:34:00Z,222.42,222.48,222.18,222.28
2019-09-19T13:35:00Z,222.29,222.43,222.1,222.43
2019-09-19T13:36:00Z,222.44,223.02,222.44,222.8085
2019-09-19T13:37:00Z,222.82,222.89,222.71,222.87
2019-09-19T13:38:00Z,222.87,222.94,222.75,222.86
2019-09-19T13:39:00Z,222.88,222.95,222.72,222.725
2019-09-19T13:40:00Z,222.725,222.74,222.46,222.51
2019-09-19T13:41:00Z,222.5002,222.53,222.33,222.38
2019-09-19T13:42:00Z,222.39,222.44,222.33,222.37
2019-09-19T13:43:00Z,222.37,222.6139,222.33,222.6104
2019-09-19T13:44:00Z,222.61,222.96,222.61,222.82
2019-09-19T13:45:00Z,222.84,222.8695,222.617,222.645
2019-09-19T13:46:00Z,222.67,222.68,222.4395,222.52
2019-09-19T13:47:00Z,222.53,222.59,222.38,222.42
2019-09-19T13:48:00Z,222.41,222.68,222.4,222.67
2019-09-19T13:49:00Z,222.675,222.8,222.64,222.8
2019-09-19T13:50:00Z,222.8,222.9101,222.5949,222.76
2019-09-19T13:51:00Z,222.77,222.8,222.69,222.71
2019-09-19T13:52:00Z,222.7,222.72,222.49,222.5452
2019-09-19T13:53:00Z,222.54,222.56,222.4608,222.53
2019-09-19T13:54:00Z,222.54,222.74,222.52,222.65
2019-09-19T13:55:00Z,222.66,222.8,222.66,222.72
2019-09-19T13:56:00Z,222.7291,222.9384,222.7291,222.89
2019-09-19T13:57:00Z,222.88,222.92,222.8,222.895
2019-09-19T13:58:00Z,222.9,223.07,222.9,223.05
2019-09-19T13:59:00Z,223.05,223.24,222.88,222.91
2019-09-19T14:00:00Z,222.91,223.018,222.84,222.955
2019-09-19T14:01:00Z,222.97,223.0773,222.79,222.825
2019-09-19T14:02:00Z,222.83,222.97,222.73,222.94
2019-09-19T14:03:00Z,222.95,222.96,222.57,222.65
2019-09-19T14:04:00Z,222.66,222.79,222.65,222.76
2019-09-19T14:05:00Z,222.76,222.93,222.76,222.9235
2019-09-19T14:06:00Z,222.93,222.975,222.92,222.948
2019-09-19T14:07:00Z,222.95,222.98,222.82,222.975
2019-09-19T14:08:00Z,222.99,223.04,222.89,222.92
2019-09-19T14:09:00Z,222.94,222.999,222.9,222.95
2019-09-19T14:10:00Z,222.96,223.025,222.84,222.85
2019-09-19T14:11:00Z,222.86,222.945,222.8595,222.92
2019-09-19T14:12:00Z,222.92,222.96,222.855,222.87
2019-09-19T14:13:00Z,222.8641,222.9495,222.86,222.87
2019-09-19T14:14:00Z,222.88,222.95,222.83,222.94
2019-09-19T14:15:00Z,222.94,223.1,222.9144,223.04
2019-09-19T14:16:00Z,223.0423,223.09,222.895,222.995
2019-09-19T14:17:00Z,222.99,223.1,222.87,222.94
2019-09-19T14:18:00Z,222.94,223.14,222.91,222.98
2019-09-19T14:19:00Z,222.9861,222.9861,222.79,222.87
2019-09-19T14:20:00Z,222.875,223,222.875,222.97
2019-09-19T14:21:00Z,222.97,223.01,222.89,223.01
2019-09-19T14:22:00Z,223.01,223.1,223,223
2019-09-19T14:23:00Z,223.01,223.07,222.99,223.07
2019-09-19T14:24:00Z,223.07,223.16,223.04,223.0617
2019-09-19T14:25:00Z,223.06,223.12,223.01,223.06
2019-09-19T14:26:00Z,223.07,223.1,222.98,223.04
2019-09-19T14:27:00Z,223.05,223.16,223.05,223.06
2019-09-19T14:28:00Z,223.08,223.09,223.01,223.06
2019-09-19T14:29:00Z,223.07,223.1,222.98,222.9884
2019-09-19T14:30:00Z,222.99,223.15,222.99,223.14
2019-09-19T14:31:00Z,223.13,223.16,223.07,223.11
2019-09-19T14:32:00Z,223.12,223.3,223.12,223.192
2019-09-19T14:33:00Z,223.19,223.196,223.04,223.06
2019-09-19T14:34:00Z,223.07,223.2,223.07,223.178
2019-09-19T14:35:00Z,223.1799,223.19,223.09,223.1034
2019-09-19T14:36:00Z,223.12,223.34,223.12,223.32
2019-09-19T14:37:00Z,223.33,223.34,223.22,223.3
2019-09-19T14:38:00Z,223.2996,223.36,223.24,223.3
2019-09-19T14:39:00Z,223.3,223.33,223.28,223.3143
2019-09-19T14:40:00Z,223.32,223.45,223.315,223.42
2019-09-19T14:41:00Z,223.44,223.45,223.35,223.365
2019-09-19T14:42:00Z,223.36,223.42,223.26,223.42
2019-09-19T14:43:00Z,223.42,223.43,223.41,223.4132
2019-09-19T14:44:00Z,223.415,223.43,223.34,223.42
2019-09-19T14:45:00Z,223.41,223.43,223.33,223.39
2019-09-19T14:46:00Z,223.3952,223.43,223.335,223.42
2019-09-19T14:47:00Z,223.425,223.68,223.425,223.6636
2019-09-19T14:48:00Z,223.6701,223.6701,223.59,223.6
2019-09-19T14:49:00Z,223.6,223.623,223.56,223.565
2019-09-19T14:50:00Z,223.566,223.615,223.54,223.55
2019-09-19T14:51:00Z,223.56,223.67,223.54,223.6528
2019-09-19T14:52:00Z,223.655,223.6577,223.61,223.645
2019-09-19T14:53:00Z,223.6406,223.67,223.61,223.65
2019-09-19T14:54:00Z,223.66,223.68,223.59,223.675
2019-09-19T14:55:00Z,223.6763,223.69,223.65,223.66
2019-09-19T14:56:00Z,223.65,223.76,223.6081,223.63
2019-09-19T14:57:00Z,223.64,223.6499,223.45,223.47
2019-09-19T14:58:00Z,223.45,223.46,223.29,223.31
2019-09-19T14:59:00Z,223.32,223.35,223.23,223.26
2019-09-19T15:00:00Z,223.25,223.3306,223.22,223.2777
2019-09-19T15:01:00Z,223.27,223.39,223.26,223.29
2019-09-19T15:02:00Z,223.31,223.34,223.25,223.26
2019-09-19T15:03:00Z,223.27,223.29,223.14,223.1501
2019-09-19T15:04:00Z,223.1682,223.21,223.07,223.08
2019-09-19T15:05:00Z,223.085,223.16,223.03,223.0535
2019-09-19T15:06:00Z,223.07,223.11,222.96,222.985
2019-09-19T15:07:00Z,222.983,223.05,222.93,222.96
2019-09-19T15:08:00Z,222.97,222.97,222.86,222.9048
2019-09-19T15:09:00Z,222.9011,222.93,222.88,222.916
2019-09-19T15:10:00Z,222.92,223.03,222.92,223.0199
2019-09-19T15:11:00Z,223.014,223.014,222.95,222.99
2019-09-19T15:12:00Z,222.98,222.99,222.855,222.87
2019-09-19T15:13:00Z,222.86,222.86,222.64,222.665
2019-09-19T15:14:00Z,222.66,222.73,222.6489,222.68
2019-09-19T15:15:00Z,222.6676,222.7,222.49,222.55
2019-09-19T15:16:00Z,222.545,222.64,222.48,222.6
2019-09-19T15:17:00Z,222.6,222.7,222.545,222.68
2019-09-19T15:18:00Z,222.69,222.71,222.54,222.5748
2019-09-19T15:19:00Z,222.58,222.82,222.58,222.78
2019-09-19T15:20:00Z,222.79,222.85,222.78,222.81
2019-09-19T15:21:00Z,222.8027,222.81,222.72,222.73
2019-09-19T15:22:00Z,222.73,222.73,222.6,222.605
2019-09-19T15:23:00Z,222.6,222.7035,222.53,222.56
2019-09-19T15:24:00Z,222.5548,222.6202,222.55,222.56
2019-09-19T15:25:00Z,222.56,222.63,222.54,222.59
2019-09-19T15:26:00Z,222.58,222.67,222.5,222.6
2019-09-19T15:27:00Z,222.615,222.62,222.58,222.61
2019-09-19T15:28:00Z,222.6199,222.65,222.54,222.54
2019-09-19T15:29:00Z,222.54,222.545,222.502,222.54
2019-09-19T15:30:00Z,222.545,222.6556,222.53,222.64
2019-09-19T15:31:00Z,222.65,222.76,222.645,222.72
2019-09-19T15:32:00Z,222.72,222.751,222.63,222.7
2019-09-19T15:33:00Z,222.71,222.71,222.64,222.665
2019-09-19T15:34:00Z,222.67,222.87,222.67,222.82
2019-09-19T15:35:00Z,222.82,222.85,222.81,222.84
2019-09-19T15:36:00Z,222.8379,222.9,222.81,222.8794
2019-09-19T15:37:00Z,222.88,222.95,222.88,222.935
2019-09-19T15:38:00Z,222.94,223.01,222.91,222.99
2019-09-19T15:39:00Z,222.997,223.02,222.85,222.91
2019-09-19T15:40:00Z,222.8917,222.92,222.84,222.84
2019-09-19T15:41:00Z,222.83,222.85,222.7747,222.8
2019-09-19T15:42:00Z,222.795,222.795,222.61,222.6299
2019-09-19T15:43:00Z,222.6,222.61,222.4335,222.44
2019-09-19T15:44:00Z,222.43,222.43,222.23,222.32
2019-09-19T15:45:00Z,222.31,222.33,222.16,222.24
2019-09-19T15:46:00Z,222.26,222.3,222.23,222.25
2019-09-19T15:47:00Z,222.25,222.25,222.03,222.09
2019-09-19T15:48:00Z,222.0813,222.18,222.04,222.04
2019-09-19T15:49:00Z,222.05,222.18,222.045,222.14
2019-09-19T15:50:00Z,222.13,222.13,222.02,222.05
2019-09-19T15:51:00Z,222.056,222.06,221.96,221.99
2019-09-19T15:52:00Z,221.9901,222.11,221.9845,222.09
2019-09-19T15:53:00Z,222.0876,222.155,222.08,222.125
2019-09-19T15:54:00Z,222.1251,222.16,222.1,222.1
2019-09-19T15:55:00Z,222.11,222.15,222.07,222.08
2019-09-19T15:56:00Z,222.08,222.19,222.0513,222.1806
2019-09-19T15:57:00Z,222.18,222.2598,222.17,222.233
2019-09-19T15:58:00Z,222.225,222.24,222.14,222.14
2019-09-19T15:59:00Z,222.14,222.18,222.12,222.16
2019-09-19T16:00:00Z,222.17,222.2,222.14,222.19
2019-09-19T16:01:00Z,222.2,222.3,222.19,222.2
2019-09-19T16:02:00Z,222.21,222.23,222.1,222.1
2019-09-19T16:03:00Z,222.105,222.1838,222.09,222.11
2019-09-19T16:04:00Z,222.1,222.1102,222.08,222.1
2019-09-19T16:05:00Z,222.1,222.1347,222.07,222.07
2019-09-19T16:06:00Z,222.062,222.07,222,222.0454
2019-09-19T16:07:00Z,222.045,222.05,221.99,221.99
2019-09-19T16:08:00Z,221.995,222.05,221.975,222
2019-09-19T16:09:00Z,222,222.038,221.99,222.0002
2019-09-19T16:10:00Z,222,222.01,221.735,221.78
2019-09-19T16:11:00Z,221.76,221.84,221.71,221.84
2019-09-19T16:12:00Z,221.86,221.9294,221.85,221.875
2019-09-19T16:13:00Z,221.89,221.91,221.82,221.91
2019-09-19T16:14:00Z,221.915,221.955,221.88,221.9299
2019-09-19T16:15:00Z,221.92,221.95,221.87,221.875
2019-09-19T16:16:00Z,221.87,221.92,221.8294,221.8294
2019-09-19T16:17:00Z,221.82,221.86,221.76,221.7944
2019-09-19T16:18:00Z,221.79,221.83,221.71,221.73
2019-09-19T16:19:00Z,221.7277,221.74,221.61,221.64
2019-09-19T16:20:00Z,221.64,221.7,221.585,221.67
2019-09-19T16:21:00Z,221.67,221.76,221.65,221.725
2019-09-19T16:22:00Z,221.72,221.8142,221.67,221.79
2019-09-19T16:23:00Z,221.79,221.795,221.76,221.78
2019-09-19T16:24:00Z,221.77,221.79,221.71,221.72
2019-09-19T16:25:00Z,221.7309,221.79,221.71,221.74
2019-09-19T16:26:00Z,221.72,221.75,221.57,221.59
2019-09-19T16:27:00Z,221.62,221.64,221.36,221.36
2019-09-19T16:28:00Z,221.36,221.4795,221.2,221.21
2019-09-19T16:29:00Z,221.215,221.22,220.96,221
2019-09-19T16:30:00Z,221,221.07,220.77,221.0535
2019-09-19T16:31:00Z,221.055,221.12,220.98,221.095
2019-09-19T16:32:00Z,221.1,221.13,221.04,221.07
2019-09-19T16:33:00Z,221.07,221.19,221.04,221.16
2019-09-19T16:34:00Z,221.165,221.165,221.053,221.06
2019-09-19T16:35:00Z,221.06,221.07,220.98,221.02
2019-09-19T16:36:00Z,221.03,221.03,220.94,220.985
2019-09-19T16:37:00Z,220.985,221.2,220.94,221.18
2019-09-19T16:38:00Z,221.1985,221.29,221.19,221.2362
2019-09-19T16:39:00Z,221.2395,221.3595,221.17,221.29
2019-09-19T16:40:00Z,221.305,221.3786,221.2998,221.35
2019-09-19T16:41:00Z,221.33,221.3468,221.31,221.3468
2019-09-19T16:42:00Z,221.35,221.39,221.32,221.33
2019-09-19T16:43:00Z,221.34,221.41,221.3,221.325
2019-09-19T16:44:00Z,221.34,221.36,221.29,221.29
2019-09-19T16:45:00Z,221.2802,221.29,221.24,221.2774
2019-09-19T16:46:00Z,221.275,221.29,221.2081,221.225
2019-09-19T16:47:00Z,221.22,221.4,221.21,221.38
2019-09-19T16:48:00Z,221.4,221.44,221.39,221.43
2019-09-19T16:49:00Z,221.43,221.44,221.38,221.38
2019-09-19T16:50:00Z,221.385,221.385,221.29,221.3
2019-09-19T16:51:00Z,221.305,221.32,221.2401,221.29
2019-09-19T16:52:00Z,221.29,221.35,221.25,221.25
2019-09-19T16:53:00Z,221.2377,221.25,221.17,221.18
2019-09-19T16:54:00Z,221.18,221.33,221.18,221.3
2019-09-19T16:55:00Z,221.28,221.36,221.2242,221.3316
2019-09-19T16:56:00Z,221.3368,221.45,221.33,221.3541
2019-09-19T16:57:00Z,221.38,221.4198,221.35,221.3944
2019-09-19T16:58:00Z,221.4,221.4298,221.3767,221.41
2019-09-19T16:59:00Z,221.41,221.42,221.375,221.375
2019-09-19T17:00:00Z,221.37,221.53,221.36,221.4961
2019-09-19T17:01:00Z,221.49,221.53,221.34,221.38
2019-09-19T17:02:00Z,221.38,221.5,221.38,221.492
2019-09-19T17:03:00Z,221.49,221.53,221.45,221.51
2019-09-19T17:04:00Z,221.52,221.64,221.49,221.61
2019-09-19T17:05:00Z,221.6,221.7,221.59,221.6398
2019-09-19T17:06:00Z,221.6343,221.64,221.4,221.44
2019-09-19T17:07:00Z,221.43,221.44,221.32,221.34
2019-09-19T17:08:00Z,221.31,221.39,221.29,221.31
2019-09-19T17:09:00Z,221.3133,221.3265,221.18,221.19
2019-09-19T17:10:00Z,221.1953,221.22,221.13,221.155
2019-09-19T17:11:00Z,221.15,221.23,221.13,221.18
2019-09-19T17:12:00Z,221.18,221.2038,221.125,221.135
2019-09-19T17:13:00Z,221.14,221.16,221.09,221.1528
2019-09-19T17:14:00Z,221.16,221.21,221.1,221.16
2019-09-19T17:15:00Z,221.19,221.3288,221.18,221.26
2019-09-19T17:16:00Z,221.255,221.32,221.255,221.32
2019-09-19T17:17:00Z,221.2901,221.35,221.2901,221.3
2019-09-19T17:18:00Z,221.29,221.3,221.25,221.29
2019-09-19T17:19:00Z,221.3,221.37,221.28,221.36
2019-09-19T17:20:00Z,221.35,221.35,221.27,221.3
2019-09-19T17:21:00Z,221.3,221.3138,221.23,221.29
2019-09-19T17:22:00Z,221.2984,221.36,221.28,221.34
2019-09-19T17:23:00Z,221.33,221.42,221.33,221.39
2019-09-19T17:24:00Z,221.4071,221.495,221.38,221.44
2019-09-19T17:25:00Z,221.45,221.47,221.39,221.39
2019-09-19T17:26:00Z,221.37,221.3985,221.32,221.3985
2019-09-19T17:27:00Z,221.41,221.4799,221.4,221.4273
2019-09-19T17:28:00Z,221.43,221.43,221.355,221.355
2019-09-19T17:29:00Z,221.36,221.37,221.2,221.2
2019-09-19T17:30:00Z,221.2,221.28,220.37,220.43
2019-09-19T17:31:00Z,220.43,220.7531,220.43,220.74
2019-09-19T17:32:00Z,220.737,220.8898,220.67,220.8815
2019-09-19T17:33:00Z,220.87,220.99,220.81,220.9153
2019-09-19T17:34:00Z,220.92,221.05,220.87,221.01
2019-09-19T17:35:00Z,221.0118,221.02,220.91,220.99
2019-09-19T17:36:00Z,221.0167,221.125,220.96,221.04
2019-09-19T17:37:00Z,221.02,221.1,220.95,221.0779
2019-09-19T17:38:00Z,221.06,221.1,220.95,220.96
2019-09-19T17:39:00Z,220.94,221.06,220.86,221.0112
2019-09-19T17:40:00Z,221.05,221.09,220.85,220.86
2019-09-19T17:41:00Z,220.86,220.89,220.78,220.8496
2019-09-19T17:42:00Z,220.8477,220.9499,220.7,220.7
2019-09-19T17:43:00Z,220.68,220.8565,220.62,220.83
2019-09-19T17:44:00Z,220.84,220.92,220.81,220.86
2019-09-19T17:45:00Z,220.87,221.04,220.81,220.97
2019-09-19T17:46:00Z,220.97,221.02,220.94,220.96
2019-09-19T17:47:00Z,220.955,220.96,220.883,220.912
2019-09-19T17:48:00Z,220.9,220.96,220.86,220.93
2019-09-19T17:49:00Z,220.925,221.08,220.88,221.055
2019-09-19T17:50:00Z,221.055,221.105,221.03,221.1
2019-09-19T17:51:00Z,221.09,221.22,221.07,221.1962
2019-09-19T17:52:00Z,221.215,221.215,221.14,221.17
2019-09-19T17:53:00Z,221.17,221.29,221.08,221.29
2019-09-19T17:54:00Z,221.2761,221.43,221.25,221.36
2019-09-19T17:55:00Z,221.36,221.375,221.305,221.32
2019-09-19T17:56:00Z,221.325,221.36,221.3,221.3
2019-09-19T17:57:00Z,221.307,221.44,221.3,221.405
2019-09-19T17:58:00Z,221.41,221.63,221.4099,221.5477
2019-09-19T17:59:00Z,221.54,221.61,221.5108,221.585
2019-09-19T18:00:00Z,221.58,221.5895,221.5,221.545
2019-09-19T18:01:00Z,221.54,221.7,221.53,221.68
2019-09-19T18:02:00Z,221.69,221.7,221.58,221.6
2019-09-19T18:03:00Z,221.6063,221.71,221.6063,221.67
2019-09-19T18:04:00Z,221.68,221.6852,221.57,221.63
2019-09-19T18:05:00Z,221.645,221.645,221.53,221.53
2019-09-19T18:06:00Z,221.535,221.5917,221.53,221.55
2019-09-19T18:07:00Z,221.55,221.66,221.53,221.65
2019-09-19T18:08:00Z,221.635,221.7,221.635,221.69
2019-09-19T18:09:00Z,221.69,221.72,221.65,221.675
2019-09-19T18:10:00Z,221.69,221.69,221.6204,221.6544
2019-09-19T18:11:00Z,221.66,221.72,221.63,221.69
2019-09-19T18:12:00Z,221.68,221.68,221.6,221.6
2019-09-19T18:13:00Z,221.6,221.6095,221.47,221.51
2019-09-19T18:14:00Z,221.52,221.5263,221.37,221.43
2019-09-19T18:15:00Z,221.43,221.49,221.4,221.43
2019-09-19T18:16:00Z,221.41,221.4154,221.32,221.3566
2019-09-19T18:17:00Z,221.36,221.4243,221.355,221.38
2019-09-19T18:18:00Z,221.385,221.4914,221.385,221.459
2019-09-19T18:19:00Z,221.46,221.475,221.45,221.46
2019-09-19T18:20:00Z,221.46,221.55,221.46,221.536
2019-09-19T18:21:00Z,221.5355,221.54,221.501,221.505
2019-09-19T18:22:00Z,221.5,221.5,221.28,221.31
2019-09-19T18:23:00Z,221.315,221.36,221.195,221.2121
2019-09-19T18:24:00Z,221.215,221.3334,221.2,221.3334
2019-09-19T18:25:00Z,221.33,221.36,221.3,221.315
2019-09-19T18:26:00Z,221.32,221.37,221.255,221.35
2019-09-19T18:27:00Z,221.37,221.4,221.3112,221.3112
2019-09-19T18:28:00Z,221.315,221.3299,221.23,221.32
2019-09-19T18:29:00Z,221.32,221.35,221.307,221.3452
2019-09-19T18:30:00Z,221.34,221.34,221.26,221.29
2019-09-19T18:31:00Z,221.29,221.305,221.18,221.23
2019-09-19T18:32:00Z,221.235,221.24,221.14,221.18
2019-09-19T18:33:00Z,221.175,221.19,221.08,221.11
2019-09-19T18:34:00Z,221.13,221.2823,221.13,221.23
2019-09-19T18:35:00Z,221.24,221.3249,221.13,221.14
2019-09-19T18:36:00Z,221.15,221.18,221.0302,221.09
2019-09-19T18:37:00Z,221.09,221.17,221.09,221.1625
2019-09-19T18:38:00Z,221.16,221.19,221.035,221.08
2019-09-19T18:39:00Z,221.09,221.1,220.98,220.9999
2019-09-19T18:40:00Z,220.9893,221.0499,220.8987,221.0375
2019-09-19T18:41:00Z,221.03,221.06,220.96,221.05
2019-09-19T18:42:00Z,221.06,221.06,220.9485,221.01
2019-09-19T18:43:00Z,221.01,221.095,220.99,221.0762
2019-09-19T18:44:00Z,221.07,221.09,220.99,221.05
2019-09-19T18:45:00Z,221.06,221.06,220.88,220.93
2019-09-19T18:46:00Z,220.92,221.01,220.9,220.952
2019-09-19T18:47:00Z,220.96,220.96,220.79,220.82
2019-09-19T18:48:00Z,220.83,220.86,220.77,220.78
2019-09-19T18:49:00Z,220.79,220.85,220.75,220.85
2019-09-19T18:50:00Z,220.85,220.95,220.84,220.9
2019-09-19T18:51:00Z,220.915,221.02,220.88,220.97
2019-09-19T18:52:00Z,220.98,221.02,220.9521,220.96
2019-09-19T18:53:00Z,220.9799,221.0701,220.97,221.0489
2019-09-19T18:54:00Z,221.055,221.085,220.98,221.005
2019-09-19T18:55:00Z,221.01,221.0699,220.97,221.04
2019-09-19T18:56:00Z,221.08,221.1431,221.0102,221.125
2019-09-19T18:57:00Z,221.11,221.12,221.03,221.05
2019-09-19T18:58:00Z,221.04,221.0742,221.02,221.05
2019-09-19T18:59:00Z,221.05,221.09,221.05,221.0792
2019-09-19T19:00:00Z,221.075,221.09,221.04,221.07
2019-09-19T19:01:00Z,221.0601,221.07,220.95,220.98
2019-09-19T19:02:00Z,220.99,221.13,220.98,221.105
2019-09-19T19:03:00Z,221.1,221.1,221.03,221.04
2019-09-19T19:04:00Z,221.04,221.08,220.89,221.0032
2019-09-19T19:05:00Z,221,221.03,220.9,221.03
2019-09-19T19:06:00Z,221.0568,221.09,220.98,221.02
2019-09-19T19:07:00Z,221.02,221.1423,221.0163,221.13
2019-09-19T19:08:00Z,221.14,221.1869,221.11,221.15
2019-09-19T19:09:00Z,221.16,221.285,221.16,221.28
2019-09-19T19:10:00Z,221.28,221.43,221.28,221.43
2019-09-19T19:11:00Z,221.44,221.485,221.33,221.37
2019-09-19T19:12:00Z,221.37,221.37,221.18,221.22
2019-09-19T19:13:00Z,221.227,221.32,221.18,221.29
2019-09-19T19:14:00Z,221.31,221.34,221.27,221.29
2019-09-19T19:15:00Z,221.3,221.37,221.23,221.34
2019-09-19T19:16:00Z,221.332,221.39,221.32,221.37
2019-09-19T19:17:00Z,221.3772,221.45,221.37,221.42
2019-09-19T19:18:00Z,221.42,221.4248,221.29,221.31
2019-09-19T19:19:00Z,221.32,221.38,221.32,221.36
2019-09-19T19:20:00Z,221.36,221.5,221.355,221.44
2019-09-19T19:21:00Z,221.458,221.5,221.4,221.41
2019-09-19T19:22:00Z,221.42,221.44,221.36,221.42
2019-09-19T19:23:00Z,221.415,221.43,221.33,221.38
2019-09-19T19:24:00Z,221.3809,221.405,221.34,221.3851
2019-09-19T19:25:00Z,221.39,221.3999,221.32,221.34
2019-09-19T19:26:00Z,221.34,221.375,221.29,221.31
2019-09-19T19:27:00Z,221.305,221.38,221.24,221.35
2019-09-19T19:28:00Z,221.36,221.405,221.34,221.39
2019-09-19T19:29:00Z,221.39,221.4201,221.28,221.39
2019-09-19T19:30:00Z,221.39,221.41,221.24,221.36
2019-09-19T19:31:00Z,221.34,221.35,221.185,221.25
2019-09-19T19:32:00Z,221.23,221.23,220.85,220.98
2019-09-19T19:33:00Z,220.98,221.05,220.9,220.95
2019-09-19T19:34:00Z,220.945,221.03,220.9,220.945
2019-09-19T19:35:00Z,220.94,221.005,220.76,220.81
2019-09-19T19:36:00Z,220.82,220.96,220.81,220.895
2019-09-19T19:37:00Z,220.89,220.96,220.865,220.92
2019-09-19T19:38:00Z,220.93,221.08,220.92,221.0761
2019-09-19T19:39:00Z,221.07,221.15,221.03,221.11
2019-09-19T19:40:00Z,221.12,221.18,221.12,221.14
2019-09-19T19:41:00Z,221.145,221.18,221.13,221.14
2019-09-19T19:42:00Z,221.14,221.1448,221.07,221.075
2019-09-19T19:43:00Z,221.0701,221.13,221.01,221.04
2019-09-19T19:44:00Z,221.04,221.1468,221.005,221.135
2019-09-19T19:45:00Z,221.13,221.16,220.96,221.1
2019-09-19T19:46:00Z,221.1,221.165,221.06,221.08
2019-09-19T19:47:00Z,221.075,221.11,221.03,221.11
2019-09-19T19:48:00Z,221.11,221.2,221.1,221.12
2019-09-19T19:49:00Z,221.1,221.13,221,221.11
2019-09-19T19:50:00Z,221.11,221.12,220.96,221.02
2019-09-19T19:51:00Z,221.01,221.01,220.87,220.994
2019-09-19T19:52:00Z,221,221.04,220.96,221.02
2019-09-19T19:53:00Z,221.02,221.047,220.94,221.04
2019-09-19T19:54:00Z,221.04,221.04,220.85,220.99
2019-09-19T19:55:00Z,220.99,221.11,220.95,221.05
2019-09-19T19:56:00Z,221.05,221.1,221.02,221.1
2019-09-19T19:57:00Z,221.1,221.1,220.97,221
2019-09-19T19:58:00Z,220.99,221.02,220.95,220.975
2019-09-19T19:59:00Z,220.98,221.09,220.75,220.95
