2017-03-07T13:30:00Z,139.1,139.1,139.1,139.1
2017-03-07T13:31:00Z,139.1,139.1,139.1,139.1
2017-03-07T13:33:00Z,139.1,139.1,139.1,139.1
2017-03-07T13:37:00Z,139.1,139.1,139.1,139.1
2017-03-07T13:38:00Z,139.1,139.1,139.1,139.1
2017-03-07T13:39:00Z,139.1,139.1,139.1,139.1
2017-03-07T13:40:00Z,139.1,139.1,139.08,139.08
2017-03-07T13:45:00Z,139.06,139.06,139.06,139.06
2017-03-07T13:49:00Z,139.08,139.08,139.08,139.08
2017-03-07T13:50:00Z,139.09,139.09,139.09,139.09
2017-03-07T13:51:00Z,139.1,139.1,139.1,139.1
2017-03-07T13:54:00Z,139.1,139.1,139.1,139.1
2017-03-07T13:56:00Z,139.11,139.11,139.11,139.11
2017-03-07T13:57:00Z,139.14,139.14,139.14,139.14
2017-03-07T13:58:00Z,139.12,139.12,139.12,139.12
2017-03-07T13:59:00Z,139.12,139.12,139.12,139.12
2017-03-07T14:02:00Z,139.12,139.12,139.12,139.12
2017-03-07T14:03:00Z,139.12,139.12,139.12,139.12
2017-03-07T14:08:00Z,139.18,139.18,139.18,139.18
2017-03-07T14:09:00Z,139.13,139.13,139.06,139.1
2017-03-07T14:10:00Z,139.1,139.1,139.1,139.1
2017-03-07T14:11:00Z,139.1,139.1,139.1,139.1
2017-03-07T14:13:00Z,139.19,139.19,139.17,139.18
2017-03-07T14:14:00Z,139.18,139.18,139.18,139.18
2017-03-07T14:15:00Z,139.15,139.15,139.15,139.15
2017-03-07T14:16:00Z,139.15,139.15,139.15,139.15
2017-03-07T14:18:00Z,139.15,139.15,139.15,139.15
2017-03-07T14:19:00Z,139.11,139.11,139.11,139.11
2017-03-07T14:20:00Z,139.11,139.11,139.11,139.11
2017-03-07T14:21:00Z,139.16,139.16,139.16,139.16
2017-03-07T14:24:00Z,139.13,139.13,139.13,139.13
2017-03-07T14:27:00Z,139.16,139.16,139.16,139.16
2017-03-07T14:28:00Z,139.16,139.16,139.04,139.04
2017-03-07T14:29:00Z,139.01,139.14,139.01,139.04
2017-03-07T14:30:00Z,139.11,139.3,139.03,139.1045
2017-03-07T14:31:00Z,139.0725,139.46,139.03,139.4105
2017-03-07T14:32:00Z,139.43,139.51,139.34,139.41
2017-03-07T14:33:00Z,139.43,139.45,139.35,139.41
2017-03-07T14:34:00Z,139.41,139.4799,139.36,139.4392
2017-03-07T14:35:00Z,139.43,139.44,139.26,139.33
2017-03-07T14:36:00Z,139.33,139.34,139.15,139.21
2017-03-07T14:37:00Z,139.21,139.21,139.07,139.0743
2017-03-07T14:38:00Z,139.07,139.07,138.85,138.99
2017-03-07T14:39:00Z,138.99,139.04,138.9,138.97
2017-03-07T14:40:00Z,138.97,138.97,138.82,138.93
2017-03-07T14:41:00Z,138.935,138.99,138.91,138.97
2017-03-07T14:42:00Z,138.9701,139,138.94,138.96
2017-03-07T14:43:00Z,138.9662,138.97,138.83,138.97
2017-03-07T14:44:00Z,138.97,138.97,138.79,138.8144
2017-03-07T14:45:00Z,138.82,138.98,138.82,138.9469
2017-03-07T14:46:00Z,138.95,139.06,138.94,139.0201
2017-03-07T14:47:00Z,139.0254,139.11,139.01,139.11
2017-03-07T14:48:00Z,139.1,139.16,138.98,139.07
2017-03-07T14:49:00Z,139.07,139.09,138.99,139.07
2017-03-07T14:50:00Z,139.07,139.075,138.95,138.97
2017-03-07T14:51:00Z,138.98,139.05,138.97,139.03
2017-03-07T14:52:00Z,139.0363,139.06,139,139.05
2017-03-07T14:53:00Z,139.0492,139.05,138.951,139.005
2017-03-07T14:54:00Z,139.009,139.06,138.99,139.03
2017-03-07T14:55:00Z,139.04,139.08,139.04,139.07
2017-03-07T14:56:00Z,139.075,139.12,139.03,139.0347
2017-03-07T14:57:00Z,139.04,139.1,139.03,139.05
2017-03-07T14:58:00Z,139.06,139.1,139.02,139.09
2017-03-07T14:59:00Z,139.09,139.12,139.08,139.09
2017-03-07T15:00:00Z,139.0839,139.11,139.04,139.09
2017-03-07T15:01:00Z,139.08,139.14,139.08,139.14
2017-03-07T15:02:00Z,139.135,139.17,139.12,139.15
2017-03-07T15:03:00Z,139.155,139.25,139.13,139.22
2017-03-07T15:04:00Z,139.215,139.245,139.19,139.195
2017-03-07T15:05:00Z,139.19,139.255,139.17,139.255
2017-03-07T15:06:00Z,139.26,139.29,139.26,139.2805
2017-03-07T15:07:00Z,139.29,139.316,139.27,139.3159
2017-03-07T15:08:00Z,139.31,139.38,139.28,139.38
2017-03-07T15:09:00Z,139.38,139.39,139.3131,139.338
2017-03-07T15:10:00Z,139.3375,139.37,139.3,139.3501
2017-03-07T15:11:00Z,139.35,139.355,139.24,139.26
2017-03-07T15:12:00Z,139.26,139.33,139.26,139.325
2017-03-07T15:13:00Z,139.32,139.37,139.3148,139.37
2017-03-07T15:14:00Z,139.365,139.39,139.3125,139.33
2017-03-07T15:15:00Z,139.33,139.38,139.33,139.36
2017-03-07T15:16:00Z,139.36,139.375,139.3383,139.374
2017-03-07T15:17:00Z,139.3701,139.46,139.3701,139.452
2017-03-07T15:18:00Z,139.4501,139.47,139.41,139.439
2017-03-07T15:19:00Z,139.44,139.53,139.43,139.49
2017-03-07T15:20:00Z,139.5,139.55,139.47,139.52
2017-03-07T15:21:00Z,139.519,139.57,139.5044,139.56
2017-03-07T15:22:00Z,139.5601,139.75,139.56,139.75
2017-03-07T15:23:00Z,139.75,139.86,139.71,139.86
2017-03-07T15:24:00Z,139.856,139.89,139.8,139.86
2017-03-07T15:25:00Z,139.8657,139.915,139.825,139.89
2017-03-07T15:26:00Z,139.8893,139.91,139.82,139.86
2017-03-07T15:27:00Z,139.8693,139.89,139.79,139.8101
2017-03-07T15:28:00Z,139.815,139.88,139.81,139.8752
2017-03-07T15:29:00Z,139.875,139.88,139.805,139.82
2017-03-07T15:30:00Z,139.83,139.94,139.811,139.87
2017-03-07T15:31:00Z,139.88,139.98,139.88,139.946
2017-03-07T15:32:00Z,139.94,139.97,139.85,139.96
2017-03-07T15:33:00Z,139.97,139.97,139.83,139.88
2017-03-07T15:34:00Z,139.88,139.904,139.8499,139.89
2017-03-07T15:35:00Z,139.8801,139.9057,139.855,139.855
2017-03-07T15:36:00Z,139.86,139.91,139.85,139.901
2017-03-07T15:37:00Z,139.91,139.95,139.16,139.9267
2017-03-07T15:38:00Z,139.925,139.95,139.16,139.8901
2017-03-07T15:39:00Z,139.89,139.9099,139.87,139.8801
2017-03-07T15:40:00Z,139.885,139.9,139.84,139.9
2017-03-07T15:41:00Z,139.9025,139.94,139.89,139.915
2017-03-07T15:42:00Z,139.92,139.94,139.92,139.93
2017-03-07T15:43:00Z,139.92,139.925,139.84,139.84
2017-03-07T15:44:00Z,139.8427,139.86,139.835,139.85
2017-03-07T15:45:00Z,139.85,139.8567,139.8199,139.82
2017-03-07T15:46:00Z,139.82,139.85,139.72,139.76
2017-03-07T15:47:00Z,139.76,139.82,139.76,139.815
2017-03-07T15:48:00Z,139.815,139.85,139.815,139.84
2017-03-07T15:49:00Z,139.84,139.87,139.82,139.86
2017-03-07T15:50:00Z,139.85,139.89,139.84,139.85
2017-03-07T15:51:00Z,139.86,139.87,139.82,139.8301
2017-03-07T15:52:00Z,139.8399,139.8399,139.77,139.79
2017-03-07T15:53:00Z,139.785,139.79,139.7499,139.75
2017-03-07T15:54:00Z,139.76,139.79,139.76,139.77
2017-03-07T15:55:00Z,139.765,139.7764,139.71,139.75
2017-03-07T15:56:00Z,139.76,139.809,139.75,139.79
2017-03-07T15:57:00Z,139.7852,139.7852,139.73,139.745
2017-03-07T15:58:00Z,139.75,139.78,139.74,139.77
2017-03-07T15:59:00Z,139.77,139.78,139.74,139.74
2017-03-07T16:00:00Z,139.74,139.75,139.67,139.68
2017-03-07T16:01:00Z,139.69,139.71,139.62,139.64
2017-03-07T16:02:00Z,139.6457,139.67,139.56,139.57
2017-03-07T16:03:00Z,139.58,139.62,139.575,139.615
2017-03-07T16:04:00Z,139.615,139.64,139.61,139.64
2017-03-07T16:05:00Z,139.635,139.64,139.57,139.57
2017-03-07T16:06:00Z,139.57,139.5735,139.51,139.555
2017-03-07T16:07:00Z,139.554,139.63,139.554,139.6234
2017-03-07T16:08:00Z,139.6275,139.63,139.55,139.55
2017-03-07T16:09:00Z,139.56,139.62,139.54,139.6162
2017-03-07T16:10:00Z,139.6299,139.65,139.61,139.64
2017-03-07T16:11:00Z,139.63,139.64,139.62,139.6301
2017-03-07T16:12:00Z,139.64,139.65,139.59,139.61
2017-03-07T16:13:00Z,139.61,139.65,139.6012,139.6481
2017-03-07T16:14:00Z,139.65,139.7,139.65,139.6732
2017-03-07T16:15:00Z,139.674,139.76,139.65,139.7348
2017-03-07T16:16:00Z,139.73,139.73,139.695,139.695
2017-03-07T16:17:00Z,139.7,139.7,139.66,139.6935
2017-03-07T16:18:00Z,139.69,139.7,139.67,139.689
2017-03-07T16:19:00Z,139.69,139.73,139.69,139.7281
2017-03-07T16:20:00Z,139.72,139.72,139.66,139.66
2017-03-07T16:21:00Z,139.66,139.68,139.64,139.64
2017-03-07T16:22:00Z,139.63,139.63,139.59,139.6116
2017-03-07T16:23:00Z,139.6168,139.6246,139.5975,139.6
2017-03-07T16:24:00Z,139.61,139.6362,139.605,139.63
2017-03-07T16:25:00Z,139.6315,139.64,139.62,139.64
2017-03-07T16:26:00Z,139.64,139.6517,139.61,139.64
2017-03-07T16:27:00Z,139.63,139.66,139.63,139.6535
2017-03-07T16:28:00Z,139.66,139.66,139.64,139.65
2017-03-07T16:29:00Z,139.66,139.6656,139.64,139.64
2017-03-07T16:30:00Z,139.635,139.635,139.53,139.6
2017-03-07T16:31:00Z,139.6,139.66,139.6,139.6501
2017-03-07T16:32:00Z,139.65,139.66,139.6,139.625
2017-03-07T16:33:00Z,139.62,139.635,139.5744,139.5901
2017-03-07T16:34:00Z,139.595,139.595,139.521,139.54
2017-03-07T16:35:00Z,139.54,139.58,139.53,139.58
2017-03-07T16:36:00Z,139.5747,139.61,139.57,139.595
2017-03-07T16:37:00Z,139.6,139.64,139.59,139.64
2017-03-07T16:38:00Z,139.63,139.66,139.62,139.62
2017-03-07T16:39:00Z,139.63,139.65,139.6,139.65
2017-03-07T16:40:00Z,139.65,139.69,139.65,139.68
2017-03-07T16:41:00Z,139.69,139.7,139.68,139.7
2017-03-07T16:42:00Z,139.69,139.73,139.69,139.73
2017-03-07T16:43:00Z,139.73,139.749,139.72,139.749
2017-03-07T16:44:00Z,139.75,139.75,139.72,139.73
2017-03-07T16:45:00Z,139.735,139.735,139.67,139.6786
2017-03-07T16:46:00Z,139.6764,139.7007,139.67,139.6953
2017-03-07T16:47:00Z,139.69,139.76,139.68,139.75
2017-03-07T16:48:00Z,139.75,139.78,139.75,139.765
2017-03-07T16:49:00Z,139.7647,139.78,139.75,139.7773
2017-03-07T16:50:00Z,139.775,139.82,139.764,139.81
2017-03-07T16:51:00Z,139.81,139.82,139.7501,139.7553
2017-03-07T16:52:00Z,139.755,139.7752,139.74,139.76
2017-03-07T16:53:00Z,139.765,139.8,139.7637,139.8
2017-03-07T16:54:00Z,139.81,139.8299,139.7829,139.79
2017-03-07T16:55:00Z,139.79,139.8,139.78,139.795
2017-03-07T16:56:00Z,139.795,139.795,139.735,139.74
2017-03-07T16:57:00Z,139.74,139.76,139.74,139.7465
2017-03-07T16:58:00Z,139.75,139.75,139.7201,139.7201
2017-03-07T16:59:00Z,139.72,139.7341,139.69,139.69
2017-03-07T17:00:00Z,139.6854,139.71,139.66,139.66
2017-03-07T17:01:00Z,139.66,139.67,139.62,139.62
2017-03-07T17:02:00Z,139.62,139.63,139.58,139.6047
2017-03-07T17:03:00Z,139.6099,139.61,139.42,139.44
2017-03-07T17:04:00Z,139.44,139.54,139.43,139.53
2017-03-07T17:05:00Z,139.53,139.54,139.49,139.5399
2017-03-07T17:06:00Z,139.53,139.5698,139.52,139.5537
2017-03-07T17:07:00Z,139.55,139.58,139.52,139.56
2017-03-07T17:08:00Z,139.56,139.56,139.49,139.51
2017-03-07T17:09:00Z,139.52,139.5401,139.5147,139.54
2017-03-07T17:10:00Z,139.5392,139.55,139.5101,139.5335
2017-03-07T17:11:00Z,139.54,139.5438,139.51,139.52
2017-03-07T17:12:00Z,139.51,139.5262,139.48,139.52
2017-03-07T17:13:00Z,139.5102,139.52,139.49,139.51
2017-03-07T17:14:00Z,139.515,139.52,139.5,139.51
2017-03-07T17:15:00Z,139.5053,139.52,139.4799,139.49
2017-03-07T17:16:00Z,139.495,139.5,139.45,139.45
2017-03-07T17:17:00Z,139.45,139.47,139.45,139.45
2017-03-07T17:18:00Z,139.46,139.51,139.46,139.51
2017-03-07T17:19:00Z,139.5099,139.54,139.5,139.54
2017-03-07T17:20:00Z,139.535,139.56,139.525,139.54
2017-03-07T17:21:00Z,139.54,139.58,139.53,139.58
2017-03-07T17:22:00Z,139.58,139.58,139.5,139.5
2017-03-07T17:23:00Z,139.5001,139.51,139.5,139.5
2017-03-07T17:24:00Z,139.5,139.5,139.46,139.46
2017-03-07T17:25:00Z,139.465,139.47,139.45,139.46
2017-03-07T17:26:00Z,139.47,139.47,139.455,139.4653
2017-03-07T17:27:00Z,139.4638,139.49,139.46,139.49
2017-03-07T17:28:00Z,139.48,139.5,139.48,139.499
2017-03-07T17:29:00Z,139.5,139.5,139.46,139.4689
2017-03-07T17:30:00Z,139.46,139.465,139.4201,139.4201
2017-03-07T17:31:00Z,139.42,139.42,139.38,139.4
2017-03-07T17:32:00Z,139.3919,139.43,139.39,139.41
2017-03-07T17:33:00Z,139.41,139.43,139.392,139.43
2017-03-07T17:34:00Z,139.43,139.46,139.4201,139.45
2017-03-07T17:35:00Z,139.454,139.5,139.43,139.5
2017-03-07T17:36:00Z,139.4999,139.52,139.48,139.52
2017-03-07T17:37:00Z,139.52,139.5235,139.49,139.52
2017-03-07T17:38:00Z,139.52,139.52,139.49,139.51
2017-03-07T17:39:00Z,139.5,139.5,139.46,139.49
2017-03-07T17:40:00Z,139.49,139.52,139.49,139.5
2017-03-07T17:41:00Z,139.5,139.55,139.5,139.54
2017-03-07T17:42:00Z,139.54,139.57,139.54,139.56
2017-03-07T17:43:00Z,139.5635,139.5635,139.54,139.55
2017-03-07T17:44:00Z,139.54,139.575,139.54,139.55
2017-03-07T17:45:00Z,139.56,139.57,139.54,139.55
2017-03-07T17:46:00Z,139.55,139.56,139.55,139.5599
2017-03-07T17:47:00Z,139.555,139.56,139.52,139.53
2017-03-07T17:48:00Z,139.5256,139.53,139.5,139.52
2017-03-07T17:49:00Z,139.51,139.51,139.44,139.46
2017-03-07T17:50:00Z,139.4647,139.49,139.44,139.4673
2017-03-07T17:51:00Z,139.4699,139.48,139.43,139.48
2017-03-07T17:52:00Z,139.49,139.515,139.475,139.475
2017-03-07T17:53:00Z,139.4744,139.48,139.45,139.48
2017-03-07T17:54:00Z,139.49,139.496,139.47,139.4901
2017-03-07T17:55:00Z,139.4938,139.53,139.49,139.5147
2017-03-07T17:56:00Z,139.52,139.56,139.52,139.5593
2017-03-07T17:57:00Z,139.5534,139.57,139.54,139.56
2017-03-07T17:58:00Z,139.55,139.55,139.51,139.52
2017-03-07T17:59:00Z,139.52,139.58,139.52,139.58
2017-03-07T18:00:00Z,139.58,139.63,139.575,139.62
2017-03-07T18:01:00Z,139.62,139.625,139.6,139.6
2017-03-07T18:02:00Z,139.61,139.62,139.6,139.6134
2017-03-07T18:03:00Z,139.61,139.61,139.575,139.5899
2017-03-07T18:04:00Z,139.59,139.6,139.57,139.59
2017-03-07T18:05:00Z,139.595,139.64,139.595,139.64
2017-03-07T18:06:00Z,139.63,139.6757,139.62,139.673
2017-03-07T18:07:00Z,139.67,139.68,139.63,139.65
2017-03-07T18:08:00Z,139.64,139.68,139.61,139.68
2017-03-07T18:09:00Z,139.69,139.75,139.69,139.73
2017-03-07T18:10:00Z,139.7316,139.7451,139.707,139.73
2017-03-07T18:11:00Z,139.7359,139.7359,139.68,139.68
2017-03-07T18:12:00Z,139.68,139.69,139.67,139.69
2017-03-07T18:13:00Z,139.69,139.69,139.645,139.66
2017-03-07T18:14:00Z,139.644,139.69,139.644,139.6775
2017-03-07T18:15:00Z,139.68,139.7,139.66,139.67
2017-03-07T18:16:00Z,139.67,139.71,139.67,139.67
2017-03-07T18:17:00Z,139.67,139.7,139.65,139.695
2017-03-07T18:18:00Z,139.7,139.7,139.67,139.685
2017-03-07T18:19:00Z,139.6853,139.7155,139.6853,139.695
2017-03-07T18:20:00Z,139.7,139.72,139.7,139.7193
2017-03-07T18:21:00Z,139.71,139.7153,139.7,139.7
2017-03-07T18:22:00Z,139.7,139.73,139.69,139.71
2017-03-07T18:23:00Z,139.71,139.731,139.71,139.73
2017-03-07T18:24:00Z,139.74,139.76,139.72,139.73
2017-03-07T18:25:00Z,139.7344,139.75,139.7,139.71
2017-03-07T18:26:00Z,139.72,139.74,139.71,139.735
2017-03-07T18:27:00Z,139.7398,139.74,139.7,139.7
2017-03-07T18:28:00Z,139.702,139.72,139.7,139.7
2017-03-07T18:29:00Z,139.7069,139.735,139.7,139.7258
2017-03-07T18:30:00Z,139.73,139.7406,139.72,139.74
2017-03-07T18:31:00Z,139.7358,139.74,139.72,139.7206
2017-03-07T18:32:00Z,139.72,139.725,139.68,139.68
2017-03-07T18:33:00Z,139.68,139.6827,139.67,139.6748
2017-03-07T18:34:00Z,139.67,139.67,139.65,139.66
2017-03-07T18:35:00Z,139.66,139.67,139.64,139.65
2017-03-07T18:36:00Z,139.66,139.66,139.6,139.61
2017-03-07T18:37:00Z,139.6147,139.62,139.54,139.56
2017-03-07T18:38:00Z,139.56,139.59,139.535,139.57
2017-03-07T18:39:00Z,139.58,139.6,139.57,139.57
2017-03-07T18:40:00Z,139.56,139.56,139.54,139.56
2017-03-07T18:41:00Z,139.555,139.62,139.55,139.6052
2017-03-07T18:42:00Z,139.61,139.625,139.57,139.61
2017-03-07T18:43:00Z,139.61,139.625,139.61,139.6157
2017-03-07T18:44:00Z,139.62,139.6299,139.58,139.58
2017-03-07T18:45:00Z,139.57,139.62,139.56,139.61
2017-03-07T18:46:00Z,139.62,139.65,139.61,139.6447
2017-03-07T18:47:00Z,139.65,139.69,139.64,139.68
2017-03-07T18:48:00Z,139.6758,139.68,139.65,139.6635
2017-03-07T18:49:00Z,139.66,139.67,139.64,139.64
2017-03-07T18:50:00Z,139.64,139.645,139.59,139.61
2017-03-07T18:51:00Z,139.61,139.62,139.6,139.61
2017-03-07T18:52:00Z,139.6,139.61,139.59,139.601
2017-03-07T18:53:00Z,139.61,139.62,139.6,139.61
2017-03-07T18:54:00Z,139.615,139.615,139.53,139.5561
2017-03-07T18:55:00Z,139.5534,139.58,139.54,139.545
2017-03-07T18:56:00Z,139.54,139.5742,139.53,139.5407
2017-03-07T18:57:00Z,139.55,139.55,139.53,139.53
2017-03-07T18:58:00Z,139.52,139.52,139.465,139.4707
2017-03-07T18:59:00Z,139.47,139.5158,139.47,139.51
2017-03-07T19:00:00Z,139.515,139.515,139.44,139.47
2017-03-07T19:01:00Z,139.4739,139.5,139.45,139.47
2017-03-07T19:02:00Z,139.4792,139.51,139.4792,139.5
2017-03-07T19:03:00Z,139.5,139.51,139.48,139.5092
2017-03-07T19:04:00Z,139.5043,139.52,139.498,139.52
2017-03-07T19:05:00Z,139.52,139.54,139.475,139.49
2017-03-07T19:06:00Z,139.49,139.52,139.47,139.48
2017-03-07T19:07:00Z,139.48,139.52,139.48,139.4967
2017-03-07T19:08:00Z,139.49,139.49,139.45,139.46
2017-03-07T19:09:00Z,139.46,139.46,139.44,139.46
2017-03-07T19:10:00Z,139.46,139.47,139.43,139.44
2017-03-07T19:11:00Z,139.43,139.5,139.39,139.5
2017-03-07T19:12:00Z,139.5,139.53,139.4953,139.52
2017-03-07T19:13:00Z,139.52,139.54,139.4984,139.53
2017-03-07T19:14:00Z,139.53,139.5473,139.51,139.5253
2017-03-07T19:15:00Z,139.52,139.58,139.5,139.55
2017-03-07T19:16:00Z,139.56,139.5799,139.54,139.57
2017-03-07T19:17:00Z,139.57,139.59,139.54,139.59
2017-03-07T19:18:00Z,139.59,139.61,139.56,139.6
2017-03-07T19:19:00Z,139.6022,139.63,139.6022,139.63
2017-03-07T19:20:00Z,139.63,139.64,139.61,139.63
2017-03-07T19:21:00Z,139.63,139.6447,139.6101,139.6135
2017-03-07T19:22:00Z,139.62,139.63,139.61,139.63
2017-03-07T19:23:00Z,139.63,139.65,139.6,139.6499
2017-03-07T19:24:00Z,139.65,139.67,139.61,139.625
2017-03-07T19:25:00Z,139.62,139.64,139.61,139.64
2017-03-07T19:26:00Z,139.63,139.63,139.595,139.6
2017-03-07T19:27:00Z,139.6,139.62,139.5801,139.5901
2017-03-07T19:28:00Z,139.6,139.63,139.6,139.61
2017-03-07T19:29:00Z,139.6,139.63,139.6,139.6157
2017-03-07T19:30:00Z,139.6185,139.62,139.61,139.62
2017-03-07T19:31:00Z,139.61,139.6118,139.58,139.6
2017-03-07T19:32:00Z,139.6,139.635,139.58,139.59
2017-03-07T19:33:00Z,139.591,139.591,139.5,139.545
2017-03-07T19:34:00Z,139.54,139.57,139.54,139.57
2017-03-07T19:35:00Z,139.57,139.575,139.51,139.531
2017-03-07T19:36:00Z,139.54,139.5665,139.54,139.5537
2017-03-07T19:37:00Z,139.5525,139.58,139.5525,139.57
2017-03-07T19:38:00Z,139.5699,139.59,139.56,139.5851
2017-03-07T19:39:00Z,139.5841,139.59,139.56,139.58
2017-03-07T19:40:00Z,139.575,139.585,139.55,139.56
2017-03-07T19:41:00Z,139.56,139.6,139.55,139.57
2017-03-07T19:42:00Z,139.58,139.62,139.58,139.6018
2017-03-07T19:43:00Z,139.6001,139.63,139.58,139.6246
2017-03-07T19:44:00Z,139.63,139.63,139.61,139.61
2017-03-07T19:45:00Z,139.61,139.64,139.605,139.63
2017-03-07T19:46:00Z,139.625,139.63,139.59,139.59
2017-03-07T19:47:00Z,139.58,139.59,139.58,139.5837
2017-03-07T19:48:00Z,139.59,139.605,139.5839,139.6
2017-03-07T19:49:00Z,139.6,139.66,139.591,139.6358
2017-03-07T19:50:00Z,139.6372,139.65,139.62,139.63
2017-03-07T19:51:00Z,139.6271,139.63,139.58,139.61
2017-03-07T19:52:00Z,139.6147,139.635,139.6,139.63
2017-03-07T19:53:00Z,139.635,139.64,139.61,139.62
2017-03-07T19:54:00Z,139.62,139.6499,139.6,139.645
2017-03-07T19:55:00Z,139.6401,139.66,139.62,139.66
2017-03-07T19:56:00Z,139.66,139.7,139.66,139.66
2017-03-07T19:57:00Z,139.6553,139.69,139.6553,139.6765
2017-03-07T19:58:00Z,139.68,139.69,139.65,139.6553
2017-03-07T19:59:00Z,139.655,139.69,139.65,139.685
