2019-04-25T13:30:00Z,206.84,207.6999,206.65,207.353
2019-04-25T13:31:00Z,207.38,207.52,207,207.015
2019-04-25T13:32:00Z,207.01,207.21,206.91,207.17
2019-04-25T13:33:00Z,207.18,207.56,207.015,207.54
2019-04-25T13:34:00Z,207.54,207.76,207.32,207.38
2019-04-25T13:35:00Z,207.36,207.56,207.2096,207.43
2019-04-25T13:36:00Z,207.41,207.41,207.15,207.37
2019-04-25T13:37:00Z,207.37,207.38,207.19,207.37
2019-04-25T13:38:00Z,207.37,207.39,207.05,207.0747
2019-04-25T13:39:00Z,207.07,207.11,206.82,206.91
2019-04-25T13:40:00Z,206.91,207.08,206.87,207.04
2019-04-25T13:41:00Z,207.06,207.085,206.84,206.9646
2019-04-25T13:42:00Z,206.95,206.97,206.8,206.905
2019-04-25T13:43:00Z,206.97,206.98,206.74,206.81
2019-04-25T13:44:00Z,206.81,206.91,206.73,206.89
2019-04-25T13:45:00Z,206.88,207,206.79,206.985
2019-04-25T13:46:00Z,206.98,207.12,206.9499,207.035
2019-04-25T13:47:00Z,207.035,207.14,206.98,207.0345
2019-04-25T13:48:00Z,207.05,207.18,207.05,207.13
2019-04-25T13:49:00Z,207.1203,207.32,207.09,207.2
2019-04-25T13:50:00Z,207.195,207.258,207.1,207.13
2019-04-25T13:51:00Z,207.13,207.14,206.95,207.005
2019-04-25T13:52:00Z,207.005,207.03,206.9105,206.94
2019-04-25T13:53:00Z,206.95,206.96,206.865,206.91
2019-04-25T13:54:00Z,206.91,206.97,206.89,206.92
2019-04-25T13:55:00Z,206.9296,206.98,206.8732,206.89
2019-04-25T13:56:00Z,206.9,206.96,206.87,206.91
2019-04-25T13:57:00Z,206.91,207.03,206.83,206.8697
2019-04-25T13:58:00Z,206.87,206.9102,206.8,206.88
2019-04-25T13:59:00Z,206.89,206.9195,206.73,206.77
2019-04-25T14:00:00Z,206.77,206.88,206.74,206.755
2019-04-25T14:01:00Z,206.75,206.9892,206.75,206.93
2019-04-25T14:02:00Z,206.95,206.9597,206.84,206.87
2019-04-25T14:03:00Z,206.87,207.0268,206.84,206.97
2019-04-25T14:04:00Z,206.97,207.14,206.91,207.03
2019-04-25T14:05:00Z,207.03,207.23,206.995,207.19
2019-04-25T14:06:00Z,207.19,207.19,206.81,206.87
2019-04-25T14:07:00Z,206.876,207.15,206.876,207.08
2019-04-25T14:08:00Z,207.07,207.11,206.88,207.01
2019-04-25T14:09:00Z,207.02,207.03,206.93,206.96
2019-04-25T14:10:00Z,206.96,206.96,206.85,206.91
2019-04-25T14:11:00Z,206.92,206.92,206.72,206.72
2019-04-25T14:12:00Z,206.72,206.78,206.45,206.55
2019-04-25T14:13:00Z,206.55,206.58,206.11,206.1411
2019-04-25T14:14:00Z,206.13,206.16,205.64,205.7497
2019-04-25T14:15:00Z,205.75,205.96,205.55,205.89
2019-04-25T14:16:00Z,205.88,205.97,205.74,205.92
2019-04-25T14:17:00Z,205.93,205.987,205.73,205.81
2019-04-25T14:18:00Z,205.82,205.82,205.53,205.6312
2019-04-25T14:19:00Z,205.641,205.7,205.54,205.66
2019-04-25T14:20:00Z,205.66,205.77,205.57,205.63
2019-04-25T14:21:00Z,205.63,205.6693,205.2746,205.36
2019-04-25T14:22:00Z,205.36,205.48,205.12,205.14
2019-04-25T14:23:00Z,205.1659,205.3,205.15,205.23
2019-04-25T14:24:00Z,205.24,205.42,205.19,205.27
2019-04-25T14:25:00Z,205.257,205.27,205.1202,205.25
2019-04-25T14:26:00Z,205.23,205.32,205.21,205.3073
2019-04-25T14:27:00Z,205.33,205.44,205.3,205.33
2019-04-25T14:28:00Z,205.4,205.47,205.34,205.4693
2019-04-25T14:29:00Z,205.48,205.68,205.47,205.68
2019-04-25T14:30:00Z,205.67,205.67,205.5,205.54
2019-04-25T14:31:00Z,205.54,205.58,205.32,205.45
2019-04-25T14:32:00Z,205.48,205.58,205.38,205.425
2019-04-25T14:33:00Z,205.44,205.48,205.3513,205.41
2019-04-25T14:34:00Z,205.41,205.52,205.33,205.52
2019-04-25T14:35:00Z,205.51,205.72,205.47,205.6601
2019-04-25T14:36:00Z,205.6741,205.72,205.62,205.67
2019-04-25T14:37:00Z,205.67,205.8559,205.63,205.8494
2019-04-25T14:38:00Z,205.86,205.87,205.78,205.826
2019-04-25T14:39:00Z,205.84,205.98,205.84,205.97
2019-04-25T14:40:00Z,205.97,206,205.79,205.86
2019-04-25T14:41:00Z,205.88,205.92,205.76,205.8879
2019-04-25T14:42:00Z,205.88,205.96,205.82,205.8857
2019-04-25T14:43:00Z,205.88,205.94,205.78,205.88
2019-04-25T14:44:00Z,205.88,205.97,205.83,205.96
2019-04-25T14:45:00Z,205.97,206.11,205.92,206.07
2019-04-25T14:46:00Z,206.0664,206.11,205.95,205.95
2019-04-25T14:47:00Z,205.97,206.1069,205.97,206.035
2019-04-25T14:48:00Z,206.0371,206.07,205.94,206.06
2019-04-25T14:49:00Z,206.06,206.17,206.019,206.11
2019-04-25T14:50:00Z,206.12,206.18,206.05,206.14
2019-04-25T14:51:00Z,206.14,206.14,206.06,206.1
2019-04-25T14:52:00Z,206.1,206.155,206.06,206.11
2019-04-25T14:53:00Z,206.115,206.23,206.1,206.23
2019-04-25T14:54:00Z,206.22,206.2299,206.0819,206.0819
2019-04-25T14:55:00Z,206.1,206.1,205.9522,206
2019-04-25T14:56:00Z,206,206.2,205.98,206.1705
2019-04-25T14:57:00Z,206.17,206.17,206.09,206.1
2019-04-25T14:58:00Z,206.1,206.16,206.08,206.1
2019-04-25T14:59:00Z,206.11,206.12,206.04,206.085
2019-04-25T15:00:00Z,206.08,206.23,206.05,206.12
2019-04-25T15:01:00Z,206.11,206.169,206.0889,206.13
2019-04-25T15:02:00Z,206.14,206.3,206.14,206.27
2019-04-25T15:03:00Z,206.27,206.3,206.18,206.23
2019-04-25T15:04:00Z,206.23,206.32,206.23,206.2481
2019-04-25T15:05:00Z,206.26,206.275,206.18,206.22
2019-04-25T15:06:00Z,206.21,206.21,206.13,206.14
2019-04-25T15:07:00Z,206.15,206.19,206.05,206.05
2019-04-25T15:08:00Z,206.06,206.06,205.98,206
2019-04-25T15:09:00Z,205.99,206.15,205.989,205.989
2019-04-25T15:10:00Z,205.99,206.02,205.8711,205.92
2019-04-25T15:11:00Z,205.92,205.95,205.84,205.89
2019-04-25T15:12:00Z,205.88,206.06,205.88,205.92
2019-04-25T15:13:00Z,205.92,206.0297,205.9,205.95
2019-04-25T15:14:00Z,205.97,206.0252,205.94,205.98
2019-04-25T15:15:00Z,205.99,205.99,205.8,205.869
2019-04-25T15:16:00Z,205.88,205.9,205.75,205.77
2019-04-25T15:17:00Z,205.769,205.82,205.68,205.805
2019-04-25T15:18:00Z,205.809,205.81,205.71,205.72
2019-04-25T15:19:00Z,205.72,205.81,205.69,205.81
2019-04-25T15:20:00Z,205.7938,205.9669,205.79,205.92
2019-04-25T15:21:00Z,205.93,205.97,205.9,205.97
2019-04-25T15:22:00Z,205.9756,206.09,205.96,206.09
2019-04-25T15:23:00Z,206.0854,206.23,206.08,206.23
2019-04-25T15:24:00Z,206.2385,206.25,206.1,206.16
2019-04-25T15:25:00Z,206.17,206.47,206.17,206.3546
2019-04-25T15:26:00Z,206.37,206.48,206.37,206.48
2019-04-25T15:27:00Z,206.49,206.5693,206.442,206.55
2019-04-25T15:28:00Z,206.55,206.6,206.47,206.525
2019-04-25T15:29:00Z,206.52,206.55,206.32,206.34
2019-04-25T15:30:00Z,206.37,206.54,206.37,206.5169
2019-04-25T15:31:00Z,206.52,206.55,206.4256,206.46
2019-04-25T15:32:00Z,206.4783,206.52,206.43,206.46
2019-04-25T15:33:00Z,206.48,206.5,206.39,206.42
2019-04-25T15:34:00Z,206.42,206.44,206.39,206.41
2019-04-25T15:35:00Z,206.42,206.46,206.37,206.45
2019-04-25T15:36:00Z,206.46,206.58,206.46,206.55
2019-04-25T15:37:00Z,206.5607,206.65,206.52,206.55
2019-04-25T15:38:00Z,206.55,206.6101,206.54,206.61
2019-04-25T15:39:00Z,206.61,206.69,206.61,206.64
2019-04-25T15:40:00Z,206.641,206.73,206.641,206.73
2019-04-25T15:41:00Z,206.7395,206.77,206.66,206.69
2019-04-25T15:42:00Z,206.7076,206.72,206.62,206.68
2019-04-25T15:43:00Z,206.67,206.72,206.57,206.62
2019-04-25T15:44:00Z,206.62,206.69,206.61,206.64
2019-04-25T15:45:00Z,206.66,206.7151,206.63,206.68
2019-04-25T15:46:00Z,206.69,206.69,206.5801,206.6
2019-04-25T15:47:00Z,206.6,206.62,206.51,206.51
2019-04-25T15:48:00Z,206.512,206.53,206.44,206.47
2019-04-25T15:49:00Z,206.471,206.52,206.4,206.51
2019-04-25T15:50:00Z,206.52,206.6,206.49,206.59
2019-04-25T15:51:00Z,206.59,206.6,206.5,206.51
2019-04-25T15:52:00Z,206.51,206.64,206.51,206.64
2019-04-25T15:53:00Z,206.64,206.645,206.5,206.53
2019-04-25T15:54:00Z,206.53,206.58,206.49,206.56
2019-04-25T15:55:00Z,206.5616,206.58,206.51,206.5299
2019-04-25T15:56:00Z,206.5262,206.54,206.45,206.465
2019-04-25T15:57:00Z,206.4601,206.52,206.45,206.45
2019-04-25T15:58:00Z,206.49,206.5003,206.38,206.38
2019-04-25T15:59:00Z,206.38,206.3999,206.25,206.25
2019-04-25T16:00:00Z,206.27,206.35,206.22,206.33
2019-04-25T16:01:00Z,206.35,206.35,206.2,206.25
2019-04-25T16:02:00Z,206.25,206.29,206.15,206.16
2019-04-25T16:03:00Z,206.15,206.18,206.06,206.07
2019-04-25T16:04:00Z,206.08,206.0899,206.01,206.04
2019-04-25T16:05:00Z,206.04,206.06,205.83,205.86
2019-04-25T16:06:00Z,205.86,205.92,205.75,205.905
2019-04-25T16:07:00Z,205.91,205.91,205.71,205.72
2019-04-25T16:08:00Z,205.72,206,205.71,206
2019-04-25T16:09:00Z,206,206.0149,205.9205,205.99
2019-04-25T16:10:00Z,206,206.005,205.91,205.96
2019-04-25T16:11:00Z,205.97,206.0798,205.97,206.02
2019-04-25T16:12:00Z,206.03,206.0902,206.01,206.05
2019-04-25T16:13:00Z,206.0599,206.1099,206.0269,206.03
2019-04-25T16:14:00Z,206.02,206.0369,205.92,206.03
2019-04-25T16:15:00Z,206.0271,206.1028,205.99,206.08
2019-04-25T16:16:00Z,206.09,206.1549,206.09,206.13
2019-04-25T16:17:00Z,206.124,206.1727,206.02,206.14
2019-04-25T16:18:00Z,206.13,206.27,206.13,206.2
2019-04-25T16:19:00Z,206.19,206.335,206.19,206.25
2019-04-25T16:20:00Z,206.23,206.3028,206.19,206.3
2019-04-25T16:21:00Z,206.31,206.38,206.31,206.3574
2019-04-25T16:22:00Z,206.367,206.42,206.3,206.3355
2019-04-25T16:23:00Z,206.335,206.42,206.3275,206.42
2019-04-25T16:24:00Z,206.42,206.44,206.39,206.4
2019-04-25T16:25:00Z,206.4,206.405,206.32,206.36
2019-04-25T16:26:00Z,206.36,206.425,206.36,206.4
2019-04-25T16:27:00Z,206.4,206.43,206.38,206.41
2019-04-25T16:28:00Z,206.41,206.435,206.36,206.37
2019-04-25T16:29:00Z,206.37,206.37,206.21,206.22
2019-04-25T16:30:00Z,206.22,206.28,206.15,206.28
2019-04-25T16:31:00Z,206.27,206.34,206.26,206.34
2019-04-25T16:32:00Z,206.335,206.365,206.28,206.28
2019-04-25T16:33:00Z,206.28,206.3238,206.2316,206.31
2019-04-25T16:34:00Z,206.32,206.33,206.285,206.32
2019-04-25T16:35:00Z,206.3,206.3499,206.2483,206.32
2019-04-25T16:36:00Z,206.32,206.35,206.29,206.31
2019-04-25T16:37:00Z,206.31,206.3116,206.2341,206.28
2019-04-25T16:38:00Z,206.2768,206.32,206.27,206.2834
2019-04-25T16:39:00Z,206.29,206.3,206.23,206.24
2019-04-25T16:40:00Z,206.24,206.29,206.22,206.27
2019-04-25T16:41:00Z,206.26,206.32,206.26,206.31
2019-04-25T16:42:00Z,206.32,206.3283,206.2755,206.29
2019-04-25T16:43:00Z,206.3,206.32,206.23,206.24
2019-04-25T16:44:00Z,206.25,206.25,206.19,206.2426
2019-04-25T16:45:00Z,206.24,206.24,206.1799,206.2053
2019-04-25T16:46:00Z,206.23,206.29,206.22,206.265
2019-04-25T16:47:00Z,206.26,206.32,206.26,206.29
2019-04-25T16:48:00Z,206.28,206.36,206.28,206.36
2019-04-25T16:49:00Z,206.37,206.4097,206.31,206.325
2019-04-25T16:50:00Z,206.3289,206.33,206.27,206.27
2019-04-25T16:51:00Z,206.28,206.28,206.2,206.24
2019-04-25T16:52:00Z,206.2499,206.27,206.2,206.235
2019-04-25T16:53:00Z,206.23,206.253,206.21,206.253
2019-04-25T16:54:00Z,206.2544,206.26,206.13,206.16
2019-04-25T16:55:00Z,206.16,206.2,206.14,206.14
2019-04-25T16:56:00Z,206.14,206.15,206.07,206.0708
2019-04-25T16:57:00Z,206.07,206.07,205.98,206.05
2019-04-25T16:58:00Z,206.05,206.08,206.05,206.07
2019-04-25T16:59:00Z,206.0768,206.11,206.06,206.09
2019-04-25T17:00:00Z,206.1,206.21,206.1,206.2
2019-04-25T17:01:00Z,206.2,206.25,206.163,206.19
2019-04-25T17:02:00Z,206.2,206.24,206.17,206.215
2019-04-25T17:03:00Z,206.21,206.26,206.21,206.245
2019-04-25T17:04:00Z,206.25,206.32,206.17,206.17
2019-04-25T17:05:00Z,206.16,206.18,206.11,206.11
2019-04-25T17:06:00Z,206.11,206.19,206.11,206.1464
2019-04-25T17:07:00Z,206.15,206.19,206.14,206.15
2019-04-25T17:08:00Z,206.15,206.19,206.15,206.18
2019-04-25T17:09:00Z,206.18,206.1817,206.16,206.17
2019-04-25T17:10:00Z,206.17,206.17,206.08,206.09
2019-04-25T17:11:00Z,206.11,206.19,206.11,206.1601
2019-04-25T17:12:00Z,206.16,206.19,206.15,206.1715
2019-04-25T17:13:00Z,206.18,206.2,206.16,206.1929
2019-04-25T17:14:00Z,206.2,206.2,205.96,205.9701
2019-04-25T17:15:00Z,205.97,205.97,205.7,205.8
2019-04-25T17:16:00Z,205.82,205.95,205.8,205.9319
2019-04-25T17:17:00Z,205.935,205.98,205.8599,205.89
2019-04-25T17:18:00Z,205.9058,205.95,205.88,205.88
2019-04-25T17:19:00Z,205.8896,205.92,205.87,205.87
2019-04-25T17:20:00Z,205.87,205.87,205.81,205.81
2019-04-25T17:21:00Z,205.82,205.89,205.81,205.86
2019-04-25T17:22:00Z,205.865,205.87,205.83,205.85
2019-04-25T17:23:00Z,205.85,205.9099,205.85,205.88
2019-04-25T17:24:00Z,205.88,205.9,205.78,205.79
2019-04-25T17:25:00Z,205.79,205.8295,205.5,205.63
2019-04-25T17:26:00Z,205.62,205.75,205.62,205.7322
2019-04-25T17:27:00Z,205.75,205.85,205.73,205.84
2019-04-25T17:28:00Z,205.8427,205.92,205.81,205.9
2019-04-25T17:29:00Z,205.9,205.9469,205.8558,205.94
2019-04-25T17:30:00Z,205.9407,205.95,205.905,205.95
2019-04-25T17:31:00Z,205.95,205.98,205.93,205.965
2019-04-25T17:32:00Z,205.9654,206.05,205.9654,205.9812
2019-04-25T17:33:00Z,205.985,206.02,205.9243,205.985
2019-04-25T17:34:00Z,205.9963,206.04,205.9825,206
2019-04-25T17:35:00Z,206,206,205.955,205.99
2019-04-25T17:36:00Z,205.99,205.99,205.95,205.96
2019-04-25T17:37:00Z,205.96,206.05,205.96,205.9823
2019-04-25T17:38:00Z,205.9845,206.07,205.9602,206.07
2019-04-25T17:39:00Z,206.08,206.15,206.08,206.09
2019-04-25T17:40:00Z,206.11,206.14,206.04,206.05
2019-04-25T17:41:00Z,206.05,206.07,206.0257,206.07
2019-04-25T17:42:00Z,206.07,206.07,206,206.025
2019-04-25T17:43:00Z,206.03,206.07,206.02,206.04
2019-04-25T17:44:00Z,206.05,206.0656,206.02,206.0276
2019-04-25T17:45:00Z,206.035,206.05,206.006,206.025
2019-04-25T17:46:00Z,206.025,206.07,206.02,206.027
2019-04-25T17:47:00Z,206.022,206.037,205.97,205.99
2019-04-25T17:48:00Z,205.99,206,205.94,205.97
2019-04-25T17:49:00Z,205.965,205.965,205.91,205.92
2019-04-25T17:50:00Z,205.91,205.95,205.88,205.88
2019-04-25T17:51:00Z,205.88,205.92,205.87,205.9
2019-04-25T17:52:00Z,205.9099,205.92,205.845,205.92
2019-04-25T17:53:00Z,205.92,205.954,205.86,205.87
2019-04-25T17:54:00Z,205.88,205.88,205.86,205.88
2019-04-25T17:55:00Z,205.88,205.96,205.87,205.95
2019-04-25T17:56:00Z,205.95,206.0243,205.95,206.0243
2019-04-25T17:57:00Z,206.03,206.145,206.02,206.1069
2019-04-25T17:58:00Z,206.11,206.15,206.08,206.1
2019-04-25T17:59:00Z,206.1,206.14,206.08,206.11
2019-04-25T18:00:00Z,206.11,206.2428,206.11,206.19
2019-04-25T18:01:00Z,206.19,206.2269,206.19,206.22
2019-04-25T18:02:00Z,206.2188,206.2465,206.18,206.2465
2019-04-25T18:03:00Z,206.25,206.26,206.12,206.15
2019-04-25T18:04:00Z,206.15,206.19,206.14,206.17
2019-04-25T18:05:00Z,206.17,206.22,206.17,206.17
2019-04-25T18:06:00Z,206.18,206.1825,206.12,206.16
2019-04-25T18:07:00Z,206.17,206.19,206.13,206.1499
2019-04-25T18:08:00Z,206.145,206.25,206.145,206.2332
2019-04-25T18:09:00Z,206.23,206.25,206.21,206.215
2019-04-25T18:10:00Z,206.23,206.285,206.2149,206.285
2019-04-25T18:11:00Z,206.286,206.34,206.2701,206.295
2019-04-25T18:12:00Z,206.31,206.34,206.23,206.26
2019-04-25T18:13:00Z,206.27,206.33,206.2562,206.32
2019-04-25T18:14:00Z,206.325,206.42,206.325,206.4
2019-04-25T18:15:00Z,206.4,206.44,206.3668,206.42
2019-04-25T18:16:00Z,206.42,206.44,206.34,206.37
2019-04-25T18:17:00Z,206.375,206.42,206.365,206.385
2019-04-25T18:18:00Z,206.3898,206.42,206.34,206.4
2019-04-25T18:19:00Z,206.4,206.41,206.375,206.395
2019-04-25T18:20:00Z,206.39,206.4,206.31,206.33
2019-04-25T18:21:00Z,206.33,206.3799,206.3,206.315
2019-04-25T18:22:00Z,206.3131,206.3398,206.22,206.23
2019-04-25T18:23:00Z,206.22,206.27,206.18,206.19
2019-04-25T18:24:00Z,206.19,206.2599,206.1602,206.18
2019-04-25T18:25:00Z,206.19,206.19,206.14,206.156
2019-04-25T18:26:00Z,206.15,206.19,206.15,206.19
2019-04-25T18:27:00Z,206.179,206.19,206.1463,206.18
2019-04-25T18:28:00Z,206.18,206.2,206.11,206.11
2019-04-25T18:29:00Z,206.12,206.16,206.1,206.16
2019-04-25T18:30:00Z,206.16,206.1915,206.1569,206.19
2019-04-25T18:31:00Z,206.19,206.225,206.18,206.18
2019-04-25T18:32:00Z,206.175,206.1756,206.06,206.07
2019-04-25T18:33:00Z,206.0767,206.1,206.01,206.01
2019-04-25T18:34:00Z,206.02,206.02,205.9,205.94
2019-04-25T18:35:00Z,205.94,206.01,205.93,205.95
2019-04-25T18:36:00Z,205.945,205.99,205.9119,205.96
2019-04-25T18:37:00Z,205.98,206.01,205.92,206
2019-04-25T18:38:00Z,206,206.04,205.96,206.03
2019-04-25T18:39:00Z,206.03,206.06,205.99,206.045
2019-04-25T18:40:00Z,206.0444,206.09,206.02,206.04
2019-04-25T18:41:00Z,206.0418,206.11,206.03,206.11
2019-04-25T18:42:00Z,206.11,206.14,206.0599,206.06
2019-04-25T18:43:00Z,206.055,206.07,206.02,206.02
2019-04-25T18:44:00Z,206.02,206.04,205.96,205.96
2019-04-25T18:45:00Z,205.97,206.01,205.92,206
2019-04-25T18:46:00Z,206.01,206.03,205.97,205.97
2019-04-25T18:47:00Z,205.9862,206,205.93,205.956
2019-04-25T18:48:00Z,205.9627,205.98,205.92,205.93
2019-04-25T18:49:00Z,205.921,205.95,205.8601,205.89
2019-04-25T18:50:00Z,205.89,205.92,205.88,205.9
2019-04-25T18:51:00Z,205.895,205.93,205.87,205.93
2019-04-25T18:52:00Z,205.93,205.94,205.9,205.92
2019-04-25T18:53:00Z,205.93,206,205.93,206
2019-04-25T18:54:00Z,206,206,205.9418,205.955
2019-04-25T18:55:00Z,205.96,206.015,205.96,206.01
2019-04-25T18:56:00Z,206.01,206.0521,206,206
2019-04-25T18:57:00Z,206.01,206.08,206.01,206.07
2019-04-25T18:58:00Z,206.07,206.12,206.05,206.0837
2019-04-25T18:59:00Z,206.09,206.15,206.08,206.14
2019-04-25T19:00:00Z,206.14,206.22,206.09,206.2
2019-04-25T19:01:00Z,206.19,206.23,206.16,206.23
2019-04-25T19:02:00Z,206.22,206.26,206.1401,206.16
2019-04-25T19:03:00Z,206.18,206.18,206.06,206.07
2019-04-25T19:04:00Z,206.08,206.09,205.97,205.99
2019-04-25T19:05:00Z,205.9811,205.9811,205.86,205.8661
2019-04-25T19:06:00Z,205.86,205.88,205.76,205.8
2019-04-25T19:07:00Z,205.83,205.89,205.815,205.84
2019-04-25T19:08:00Z,205.82,205.87,205.79,205.8
2019-04-25T19:09:00Z,205.805,205.82,205.75,205.76
2019-04-25T19:10:00Z,205.75,205.81,205.74,205.77
2019-04-25T19:11:00Z,205.78,205.8,205.75,205.76
2019-04-25T19:12:00Z,205.77,205.84,205.76,205.8
2019-04-25T19:13:00Z,205.8,205.8,205.73,205.74
2019-04-25T19:14:00Z,205.74,205.8,205.74,205.7998
2019-04-25T19:15:00Z,205.8,205.85,205.78,205.82
2019-04-25T19:16:00Z,205.82,205.85,205.76,205.81
2019-04-25T19:17:00Z,205.815,205.84,205.79,205.815
2019-04-25T19:18:00Z,205.81,205.87,205.81,205.86
2019-04-25T19:19:00Z,205.8569,205.8569,205.7263,205.7263
2019-04-25T19:20:00Z,205.74,205.78,205.7,205.77
2019-04-25T19:21:00Z,205.775,205.785,205.7113,205.77
2019-04-25T19:22:00Z,205.77,205.8,205.66,205.66
2019-04-25T19:23:00Z,205.68,205.69,205.57,205.57
2019-04-25T19:24:00Z,205.57,205.58,205.51,205.555
2019-04-25T19:25:00Z,205.56,205.66,205.56,205.63
2019-04-25T19:26:00Z,205.63,205.6848,205.625,205.68
2019-04-25T19:27:00Z,205.685,205.69,205.63,205.65
2019-04-25T19:28:00Z,205.655,205.66,205.6,205.62
2019-04-25T19:29:00Z,205.6133,205.63,205.56,205.595
2019-04-25T19:30:00Z,205.6,205.68,205.52,205.555
2019-04-25T19:31:00Z,205.5501,205.57,205.53,205.56
2019-04-25T19:32:00Z,205.57,205.6,205.5515,205.57
2019-04-25T19:33:00Z,205.565,205.6,205.53,205.535
2019-04-25T19:34:00Z,205.53,205.57,205.5,205.505
2019-04-25T19:35:00Z,205.51,205.55,205.49,205.5
2019-04-25T19:36:00Z,205.5,205.53,205.45,205.53
2019-04-25T19:37:00Z,205.53,205.54,205.47,205.51
2019-04-25T19:38:00Z,205.51,205.52,205.43,205.455
2019-04-25T19:39:00Z,205.46,205.49,205.42,205.425
2019-04-25T19:40:00Z,205.4215,205.53,205.42,205.52
2019-04-25T19:41:00Z,205.53,205.5379,205.395,205.4067
2019-04-25T19:42:00Z,205.405,205.4952,205.37,205.4952
2019-04-25T19:43:00Z,205.495,205.6168,205.465,205.6
2019-04-25T19:44:00Z,205.6,205.66,205.55,205.65
2019-04-25T19:45:00Z,205.66,205.67,205.57,205.64
2019-04-25T19:46:00Z,205.64,205.64,205.53,205.534
2019-04-25T19:47:00Z,205.53,205.57,205.3401,205.36
2019-04-25T19:48:00Z,205.34,205.35,205.26,205.27
2019-04-25T19:49:00Z,205.2861,205.29,205.16,205.2132
2019-04-25T19:50:00Z,205.23,205.33,205.22,205.3
2019-04-25T19:51:00Z,205.2901,205.35,205.29,205.3
2019-04-25T19:52:00Z,205.3,205.35,205.26,205.34
2019-04-25T19:53:00Z,205.34,205.46,205.295,205.3473
2019-04-25T19:54:00Z,205.34,205.37,205.22,205.225
2019-04-25T19:55:00Z,205.225,205.6,205.225,205.4
2019-04-25T19:56:00Z,205.4081,205.45,205.26,205.27
2019-04-25T19:57:00Z,205.27,205.3,205.13,205.15
2019-04-25T19:58:00Z,205.15,205.26,205.14,205.19
2019-04-25T19:59:00Z,205.2,205.34,205.18,205.24
