2016-12-22T13:30:00Z,116.9,116.95,116.9,116.95
2016-12-22T13:31:00Z,116.95,116.97,116.94,116.97
2016-12-22T13:32:00Z,116.95,116.95,116.95,116.95
2016-12-22T13:34:00Z,116.89,116.89,116.89,116.89
2016-12-22T13:35:00Z,116.9,116.9,116.89,116.89
2016-12-22T13:36:00Z,116.89,116.89,116.89,116.89
2016-12-22T13:39:00Z,116.85,116.85,116.85,116.85
2016-12-22T13:42:00Z,116.9,116.92,116.9,116.92
2016-12-22T13:43:00Z,116.92,116.96,116.92,116.96
2016-12-22T13:44:00Z,116.97,117.06,116.97,117
2016-12-22T13:45:00Z,117,117,117,117
2016-12-22T13:47:00Z,117.02,117.03,117.02,117.03
2016-12-22T13:54:00Z,116.97,116.97,116.97,116.97
2016-12-22T13:57:00Z,116.94,116.94,116.9,116.9
2016-12-22T13:59:00Z,116.91,116.91,116.85,116.85
2016-12-22T14:03:00Z,116.86,116.86,116.86,116.86
2016-12-22T14:04:00Z,116.88,116.89,116.88,116.89
2016-12-22T14:06:00Z,116.89,116.9,116.89,116.9
2016-12-22T14:07:00Z,116.92,116.94,116.92,116.94
2016-12-22T14:12:00Z,116.93,116.93,116.92,116.92
2016-12-22T14:13:00Z,116.92,116.92,116.86,116.86
2016-12-22T14:18:00Z,116.91,116.91,116.91,116.91
2016-12-22T14:19:00Z,116.92,116.92,116.91,116.91
2016-12-22T14:20:00Z,116.87,116.87,116.87,116.87
2016-12-22T14:21:00Z,116.86,116.86,116.86,116.86
2016-12-22T14:22:00Z,116.85,116.85,116.83,116.83
2016-12-22T14:25:00Z,116.82,116.83,116.82,116.83
2016-12-22T14:26:00Z,116.86,116.86,116.82,116.82
2016-12-22T14:27:00Z,116.82,116.82,116.82,116.82
2016-12-22T14:28:00Z,116.82,116.82,116.52,116.55
2016-12-22T14:29:00Z,116.55,116.56,116.36,116.36
2016-12-22T14:30:00Z,116.35,116.51,116.22,116.3
2016-12-22T14:31:00Z,116.3,116.46,116.27,116.27
2016-12-22T14:32:00Z,116.27,116.4,116.25,116.3484
2016-12-22T14:33:00Z,116.34,116.4,116.3,116.31
2016-12-22T14:34:00Z,116.315,116.35,116.28,116.3
2016-12-22T14:35:00Z,116.28,116.29,116.13,116.14
2016-12-22T14:36:00Z,116.14,116.28,116.13,116.22
2016-12-22T14:37:00Z,116.215,116.23,116.14,116.1499
2016-12-22T14:38:00Z,116.1499,116.31,116.13,116.2399
2016-12-22T14:39:00Z,116.19,116.23,116.13,116.16
2016-12-22T14:40:00Z,116.17,116.19,116.12,116.13
2016-12-22T14:41:00Z,116.13,116.14,115.86,115.92
2016-12-22T14:42:00Z,115.93,116.02,115.87,115.995
2016-12-22T14:43:00Z,115.9942,116.08,115.9644,116.04
2016-12-22T14:44:00Z,116.05,116.26,116.049,116.25
2016-12-22T14:45:00Z,116.25,116.26,116.16,116.201
2016-12-22T14:46:00Z,116.21,116.21,116.15,116.19
2016-12-22T14:47:00Z,116.19,116.25,116.16,116.2499
2016-12-22T14:48:00Z,116.24,116.275,116.2201,116.26
2016-12-22T14:49:00Z,116.25,116.355,116.25,116.3241
2016-12-22T14:50:00Z,116.3265,116.35,116.25,116.2618
2016-12-22T14:51:00Z,116.26,116.31,116.24,116.28
2016-12-22T14:52:00Z,116.28,116.28,116.15,116.245
2016-12-22T14:53:00Z,116.24,116.255,116.2,116.205
2016-12-22T14:54:00Z,116.21,116.265,116.21,116.2474
2016-12-22T14:55:00Z,116.245,116.295,116.24,116.29
2016-12-22T14:56:00Z,116.285,116.31,116.245,116.26
2016-12-22T14:57:00Z,116.26,116.3,116.24,116.25
2016-12-22T14:58:00Z,116.25,116.27,116.205,116.23
2016-12-22T14:59:00Z,116.23,116.27,116.18,116.26
2016-12-22T15:00:00Z,116.23,116.305,116.215,116.3
2016-12-22T15:01:00Z,116.29,116.38,116.25,116.37
2016-12-22T15:02:00Z,116.37,116.3882,116.31,116.3882
2016-12-22T15:03:00Z,116.38,116.42,116.33,116.33
2016-12-22T15:04:00Z,116.32,116.36,116.29,116.3574
2016-12-22T15:05:00Z,116.35,116.45,116.35,116.44
2016-12-22T15:06:00Z,116.44,116.49,116.44,116.45
2016-12-22T15:07:00Z,116.455,116.47,116.4001,116.44
2016-12-22T15:08:00Z,116.44,116.46,116.38,116.4101
2016-12-22T15:09:00Z,116.4139,116.415,116.3,116.3
2016-12-22T15:10:00Z,116.31,116.31,116.23,116.265
2016-12-22T15:11:00Z,116.2685,116.29,116.26,116.27
2016-12-22T15:12:00Z,116.27,116.35,116.26,116.33
2016-12-22T15:13:00Z,116.33,116.4,116.329,116.3861
2016-12-22T15:14:00Z,116.38,116.45,116.36,116.45
2016-12-22T15:15:00Z,116.44,116.46,116.38,116.4
2016-12-22T15:16:00Z,116.4,116.42,116.35,116.35
2016-12-22T15:17:00Z,116.35,116.365,116.34,116.3415
2016-12-22T15:18:00Z,116.35,116.42,116.35,116.415
2016-12-22T15:19:00Z,116.41,116.45,116.385,116.385
2016-12-22T15:20:00Z,116.39,116.42,116.31,116.4
2016-12-22T15:21:00Z,116.3935,116.42,116.38,116.415
2016-12-22T15:22:00Z,116.415,116.42,116.36,116.3904
2016-12-22T15:23:00Z,116.4,116.4193,116.395,116.4088
2016-12-22T15:24:00Z,116.41,116.41,116.36,116.37
2016-12-22T15:25:00Z,116.36,116.42,116.36,116.4
2016-12-22T15:26:00Z,116.4,116.41,116.36,116.36
2016-12-22T15:27:00Z,116.36,116.3657,116.3,116.31
2016-12-22T15:28:00Z,116.3,116.33,116.27,116.33
2016-12-22T15:29:00Z,116.32,116.36,116.32,116.33
2016-12-22T15:30:00Z,116.33,116.38,116.32,116.37
2016-12-22T15:31:00Z,116.365,116.395,116.35,116.3862
2016-12-22T15:32:00Z,116.39,116.455,116.39,116.44
2016-12-22T15:33:00Z,116.4438,116.4535,116.43,116.44
2016-12-22T15:34:00Z,116.435,116.44,116.42,116.4215
2016-12-22T15:35:00Z,116.4237,116.48,116.39,116.4601
2016-12-22T15:36:00Z,116.47,116.5,116.47,116.48
2016-12-22T15:37:00Z,116.47,116.48,116.44,116.44
2016-12-22T15:38:00Z,116.4425,116.49,116.43,116.4773
2016-12-22T15:39:00Z,116.47,116.5,116.46,116.49
2016-12-22T15:40:00Z,116.49,116.495,116.46,116.47
2016-12-22T15:41:00Z,116.475,116.475,116.4,116.401
2016-12-22T15:42:00Z,116.4,116.43,116.39,116.43
2016-12-22T15:43:00Z,116.4275,116.43,116.374,116.3799
2016-12-22T15:44:00Z,116.38,116.38,116.35,116.35
2016-12-22T15:45:00Z,116.35,116.4,116.3207,116.39
2016-12-22T15:46:00Z,116.38,116.4,116.36,116.36
2016-12-22T15:47:00Z,116.36,116.37,116.28,116.28
2016-12-22T15:48:00Z,116.28,116.35,116.275,116.34
2016-12-22T15:49:00Z,116.34,116.43,116.33,116.38
2016-12-22T15:50:00Z,116.38,116.44,116.36,116.44
2016-12-22T15:51:00Z,116.44,116.4499,116.411,116.435
2016-12-22T15:52:00Z,116.4305,116.4345,116.35,116.35
2016-12-22T15:53:00Z,116.35,116.355,116.28,116.3042
2016-12-22T15:54:00Z,116.3,116.31,116.285,116.29
2016-12-22T15:55:00Z,116.2945,116.3,116.25,116.27
2016-12-22T15:56:00Z,116.27,116.27,116.23,116.23
2016-12-22T15:57:00Z,116.23,116.2799,116.21,116.2799
2016-12-22T15:58:00Z,116.2795,116.3,116.23,116.24
2016-12-22T15:59:00Z,116.2499,116.25,116.22,116.238
2016-12-22T16:00:00Z,116.22,116.33,116.22,116.3291
2016-12-22T16:01:00Z,116.33,116.35,116.309,116.3165
2016-12-22T16:02:00Z,116.31,116.31,116.2873,116.3
2016-12-22T16:03:00Z,116.3,116.31,116.26,116.26
2016-12-22T16:04:00Z,116.26,116.27,116.23,116.23
2016-12-22T16:05:00Z,116.23,116.24,116.21,116.23
2016-12-22T16:06:00Z,116.23,116.2301,116.21,116.2131
2016-12-22T16:07:00Z,116.21,116.21,116.106,116.11
2016-12-22T16:08:00Z,116.105,116.225,116.105,116.22
2016-12-22T16:09:00Z,116.22,116.29,116.17,116.17
2016-12-22T16:10:00Z,116.17,116.2,116.15,116.195
2016-12-22T16:11:00Z,116.1958,116.21,116.11,116.13
2016-12-22T16:12:00Z,116.12,116.17,116.1158,116.1636
2016-12-22T16:13:00Z,116.161,116.18,116.14,116.16
2016-12-22T16:14:00Z,116.1661,116.185,116.13,116.145
2016-12-22T16:15:00Z,116.15,116.15,116.12,116.14
2016-12-22T16:16:00Z,116.15,116.15,116.14,116.14
2016-12-22T16:17:00Z,116.15,116.16,116.13,116.15
2016-12-22T16:18:00Z,116.1465,116.155,116.11,116.12
2016-12-22T16:19:00Z,116.11,116.14,116.1,116.105
2016-12-22T16:20:00Z,116.11,116.16,116.1099,116.15
2016-12-22T16:21:00Z,116.16,116.19,116.13,116.18
2016-12-22T16:22:00Z,116.18,116.19,116.17,116.19
2016-12-22T16:23:00Z,116.18,116.2,116.18,116.18
2016-12-22T16:24:00Z,116.18,116.189,116.13,116.13
2016-12-22T16:25:00Z,116.13,116.13,116.07,116.08
2016-12-22T16:26:00Z,116.08,116.08,116.03,116.055
2016-12-22T16:27:00Z,116.0589,116.09,116.05,116.0801
2016-12-22T16:28:00Z,116.09,116.1,116.025,116.04
2016-12-22T16:29:00Z,116.04,116.05,115.98,115.98
2016-12-22T16:30:00Z,115.985,116.01,115.95,115.95
2016-12-22T16:31:00Z,115.95,116.02,115.95,116.0185
2016-12-22T16:32:00Z,116.015,116.06,116.015,116.06
2016-12-22T16:33:00Z,116.055,116.06,115.99,115.995
2016-12-22T16:34:00Z,116,116.02,115.97,116.0139
2016-12-22T16:35:00Z,116.0121,116.02,115.98,115.9803
2016-12-22T16:36:00Z,115.99,115.9901,115.965,115.975
2016-12-22T16:37:00Z,115.98,115.99,115.95,115.96
2016-12-22T16:38:00Z,115.9501,115.9599,115.92,115.925
2016-12-22T16:39:00Z,115.92,115.93,115.91,115.915
2016-12-22T16:40:00Z,115.915,115.93,115.9101,115.9299
2016-12-22T16:41:00Z,115.92,115.95,115.905,115.93
2016-12-22T16:42:00Z,115.9343,115.9392,115.9,115.91
2016-12-22T16:43:00Z,115.9134,115.9165,115.88,115.8899
2016-12-22T16:44:00Z,115.89,115.89,115.83,115.85
2016-12-22T16:45:00Z,115.8539,115.86,115.77,115.77
2016-12-22T16:46:00Z,115.775,115.78,115.71,115.711
2016-12-22T16:47:00Z,115.71,115.72,115.64,115.6616
2016-12-22T16:48:00Z,115.67,115.7701,115.665,115.76
2016-12-22T16:49:00Z,115.77,115.81,115.74,115.75
2016-12-22T16:50:00Z,115.76,115.77,115.67,115.7093
2016-12-22T16:51:00Z,115.71,115.74,115.67,115.74
2016-12-22T16:52:00Z,115.75,115.82,115.75,115.8
2016-12-22T16:53:00Z,115.8001,115.82,115.79,115.801
2016-12-22T16:54:00Z,115.81,115.83,115.7942,115.7961
2016-12-22T16:55:00Z,115.79,115.8,115.715,115.72
2016-12-22T16:56:00Z,115.721,115.73,115.69,115.701
2016-12-22T16:57:00Z,115.7047,115.8,115.7047,115.782
2016-12-22T16:58:00Z,115.78,115.8,115.7501,115.785
2016-12-22T16:59:00Z,115.79,115.8184,115.74,115.74
2016-12-22T17:00:00Z,115.74,115.8,115.72,115.791
2016-12-22T17:01:00Z,115.795,115.795,115.73,115.74
2016-12-22T17:02:00Z,115.74,115.8,115.74,115.7839
2016-12-22T17:03:00Z,115.78,115.8,115.7601,115.77
2016-12-22T17:04:00Z,115.7743,115.85,115.7743,115.844
2016-12-22T17:05:00Z,115.8493,115.8632,115.82,115.8401
2016-12-22T17:06:00Z,115.85,115.865,115.8401,115.85
2016-12-22T17:07:00Z,115.85,115.8508,115.82,115.83
2016-12-22T17:08:00Z,115.8201,115.83,115.8,115.82
2016-12-22T17:09:00Z,115.8137,115.82,115.8,115.81
2016-12-22T17:10:00Z,115.8011,115.8093,115.7642,115.79
2016-12-22T17:11:00Z,115.79,115.8,115.77,115.78
2016-12-22T17:12:00Z,115.78,115.8,115.775,115.785
2016-12-22T17:13:00Z,115.78,115.81,115.78,115.78
2016-12-22T17:14:00Z,115.7899,115.82,115.7876,115.8035
2016-12-22T17:15:00Z,115.81,115.85,115.81,115.8258
2016-12-22T17:16:00Z,115.829,115.829,115.77,115.771
2016-12-22T17:17:00Z,115.77,115.8369,115.77,115.83
2016-12-22T17:18:00Z,115.83,115.86,115.7989,115.8
2016-12-22T17:19:00Z,115.79,115.84,115.79,115.83
2016-12-22T17:20:00Z,115.82,115.84,115.79,115.7946
2016-12-22T17:21:00Z,115.8,115.8163,115.8,115.81
2016-12-22T17:22:00Z,115.8,115.82,115.8,115.805
2016-12-22T17:23:00Z,115.8,115.825,115.79,115.825
2016-12-22T17:24:00Z,115.82,115.88,115.8107,115.8765
2016-12-22T17:25:00Z,115.87,115.89,115.86,115.875
2016-12-22T17:26:00Z,115.87,115.88,115.85,115.88
2016-12-22T17:27:00Z,115.875,115.93,115.87,115.92
2016-12-22T17:28:00Z,115.92,115.92,115.9,115.905
2016-12-22T17:29:00Z,115.91,115.9361,115.9042,115.9258
2016-12-22T17:30:00Z,115.93,115.99,115.93,115.9745
2016-12-22T17:31:00Z,115.9797,115.9797,115.94,115.96
2016-12-22T17:32:00Z,115.955,115.9594,115.92,115.9435
2016-12-22T17:33:00Z,115.95,115.95,115.91,115.9102
2016-12-22T17:34:00Z,115.919,115.95,115.914,115.914
2016-12-22T17:35:00Z,115.91,115.91,115.88,115.88
2016-12-22T17:36:00Z,115.88,115.9,115.88,115.88
2016-12-22T17:37:00Z,115.88,115.9,115.875,115.88
2016-12-22T17:38:00Z,115.88,115.89,115.87,115.885
2016-12-22T17:39:00Z,115.885,115.91,115.87,115.87
2016-12-22T17:40:00Z,115.875,115.89,115.85,115.865
2016-12-22T17:41:00Z,115.865,115.89,115.8601,115.87
2016-12-22T17:42:00Z,115.87,115.88,115.855,115.855
2016-12-22T17:43:00Z,115.8501,115.87,115.83,115.85
2016-12-22T17:44:00Z,115.86,115.885,115.85,115.858
2016-12-22T17:45:00Z,115.8501,115.88,115.85,115.87
2016-12-22T17:46:00Z,115.87,115.91,115.87,115.91
2016-12-22T17:47:00Z,115.9,115.92,115.89,115.91
2016-12-22T17:48:00Z,115.904,115.915,115.89,115.895
2016-12-22T17:49:00Z,115.89,115.91,115.88,115.88
2016-12-22T17:50:00Z,115.882,115.885,115.855,115.88
2016-12-22T17:51:00Z,115.874,115.89,115.87,115.8885
2016-12-22T17:52:00Z,115.88,115.89,115.86,115.86
2016-12-22T17:53:00Z,115.87,115.88,115.82,115.83
2016-12-22T17:54:00Z,115.83,115.8469,115.82,115.836
2016-12-22T17:55:00Z,115.8336,115.84,115.8,115.81
2016-12-22T17:56:00Z,115.8156,115.82,115.81,115.81
2016-12-22T17:57:00Z,115.815,115.84,115.81,115.82
2016-12-22T17:58:00Z,115.8233,115.83,115.82,115.825
2016-12-22T17:59:00Z,115.83,115.83,115.8,115.8
2016-12-22T18:00:00Z,115.8,115.825,115.79,115.815
2016-12-22T18:01:00Z,115.8135,115.83,115.81,115.8299
2016-12-22T18:02:00Z,115.825,115.83,115.8,115.82
2016-12-22T18:03:00Z,115.8195,115.82,115.8,115.81
2016-12-22T18:04:00Z,115.8199,115.82,115.81,115.82
2016-12-22T18:05:00Z,115.81,115.82,115.8,115.82
2016-12-22T18:06:00Z,115.82,115.83,115.8,115.82
2016-12-22T18:07:00Z,115.8201,115.85,115.8201,115.85
2016-12-22T18:08:00Z,115.845,115.87,115.8399,115.86
2016-12-22T18:09:00Z,115.87,115.91,115.865,115.89
2016-12-22T18:10:00Z,115.88,115.9,115.88,115.895
2016-12-22T18:11:00Z,115.89,115.93,115.89,115.93
2016-12-22T18:12:00Z,115.92,115.96,115.92,115.96
2016-12-22T18:13:00Z,115.95,115.9736,115.95,115.96
2016-12-22T18:14:00Z,115.966,115.97,115.96,115.964
2016-12-22T18:15:00Z,115.96,115.97,115.96,115.96
2016-12-22T18:16:00Z,115.96,115.97,115.95,115.96
2016-12-22T18:17:00Z,115.96,115.96,115.93,115.93
2016-12-22T18:18:00Z,115.934,115.95,115.93,115.95
2016-12-22T18:19:00Z,115.95,115.99,115.94,115.99
2016-12-22T18:20:00Z,115.99,116,115.98,115.984
2016-12-22T18:21:00Z,115.98,115.995,115.98,115.99
2016-12-22T18:22:00Z,115.9842,115.99,115.97,115.9799
2016-12-22T18:23:00Z,115.975,115.98,115.965,115.9742
2016-12-22T18:24:00Z,115.97,115.99,115.97,115.98
2016-12-22T18:25:00Z,115.98,115.99,115.97,115.9899
2016-12-22T18:26:00Z,115.99,116,115.97,115.974
2016-12-22T18:27:00Z,115.975,115.995,115.975,115.99
2016-12-22T18:28:00Z,115.98,115.99,115.97,115.98
2016-12-22T18:29:00Z,115.97,115.98,115.97,115.9799
2016-12-22T18:30:00Z,115.975,115.98,115.9,115.91
2016-12-22T18:31:00Z,115.905,115.92,115.9,115.91
2016-12-22T18:32:00Z,115.91,115.97,115.91,115.96
2016-12-22T18:33:00Z,115.97,115.97,115.95,115.97
2016-12-22T18:34:00Z,115.98,115.99,115.96,115.9685
2016-12-22T18:35:00Z,115.9645,115.97,115.945,115.97
2016-12-22T18:36:00Z,115.98,115.98,115.96,115.96
2016-12-22T18:37:00Z,115.965,115.98,115.95,115.97
2016-12-22T18:38:00Z,115.97,115.995,115.97,115.99
2016-12-22T18:39:00Z,115.98,116,115.97,115.98
2016-12-22T18:40:00Z,115.98,115.995,115.98,115.98
2016-12-22T18:41:00Z,115.99,115.995,115.971,115.99
2016-12-22T18:42:00Z,116,116.005,115.98,115.9899
2016-12-22T18:43:00Z,115.98,116.06,115.98,116.06
2016-12-22T18:44:00Z,116.06,116.08,116.05,116.08
2016-12-22T18:45:00Z,116.07,116.1,116.07,116.096
2016-12-22T18:46:00Z,116.0901,116.12,116.09,116.12
2016-12-22T18:47:00Z,116.115,116.17,116.1101,116.17
2016-12-22T18:48:00Z,116.18,116.2,116.17,116.2
2016-12-22T18:49:00Z,116.2,116.23,116.19,116.22
2016-12-22T18:50:00Z,116.23,116.23,116.185,116.185
2016-12-22T18:51:00Z,116.1822,116.19,116.18,116.18
2016-12-22T18:52:00Z,116.185,116.19,116.17,116.175
2016-12-22T18:53:00Z,116.18,116.225,116.1753,116.2036
2016-12-22T18:54:00Z,116.205,116.22,116.2,116.21
2016-12-22T18:55:00Z,116.205,116.22,116.19,116.2088
2016-12-22T18:56:00Z,116.205,116.206,116.18,116.18
2016-12-22T18:57:00Z,116.18,116.185,116.13,116.14
2016-12-22T18:58:00Z,116.135,116.16,116.13,116.15
2016-12-22T18:59:00Z,116.15,116.16,116.13,116.13
2016-12-22T19:00:00Z,116.13,116.16,116.13,116.16
2016-12-22T19:01:00Z,116.155,116.195,116.15,116.19
2016-12-22T19:02:00Z,116.195,116.205,116.18,116.1802
2016-12-22T19:03:00Z,116.185,116.19,116.18,116.19
2016-12-22T19:04:00Z,116.185,116.2,116.16,116.185
2016-12-22T19:05:00Z,116.185,116.21,116.18,116.195
2016-12-22T19:06:00Z,116.19,116.2,116.18,116.186
2016-12-22T19:07:00Z,116.18,116.195,116.18,116.19
2016-12-22T19:08:00Z,116.185,116.2,116.185,116.1949
2016-12-22T19:09:00Z,116.19,116.2,116.18,116.18
2016-12-22T19:10:00Z,116.1883,116.19,116.16,116.165
2016-12-22T19:11:00Z,116.165,116.17,116.14,116.1442
2016-12-22T19:12:00Z,116.1401,116.2,116.14,116.19
2016-12-22T19:13:00Z,116.1943,116.2,116.18,116.195
2016-12-22T19:14:00Z,116.1998,116.2,116.17,116.185
2016-12-22T19:15:00Z,116.185,116.19,116.1739,116.1739
2016-12-22T19:16:00Z,116.17,116.18,116.17,116.175
2016-12-22T19:17:00Z,116.17,116.21,116.17,116.2046
2016-12-22T19:18:00Z,116.21,116.23,116.18,116.19
2016-12-22T19:19:00Z,116.185,116.195,116.18,116.1835
2016-12-22T19:20:00Z,116.1852,116.19,116.17,116.175
2016-12-22T19:21:00Z,116.174,116.185,116.16,116.165
2016-12-22T19:22:00Z,116.16,116.17,116.13,116.14
2016-12-22T19:23:00Z,116.15,116.155,116.13,116.14
2016-12-22T19:24:00Z,116.145,116.145,116.12,116.12
2016-12-22T19:25:00Z,116.125,116.1299,116.0937,116.1
2016-12-22T19:26:00Z,116.1,116.105,116.0836,116.1
2016-12-22T19:27:00Z,116.108,116.13,116.108,116.1241
2016-12-22T19:28:00Z,116.13,116.13,116.12,116.12
2016-12-22T19:29:00Z,116.125,116.1384,116.11,116.125
2016-12-22T19:30:00Z,116.1223,116.125,116.09,116.095
2016-12-22T19:31:00Z,116.1,116.11,116.09,116.11
2016-12-22T19:32:00Z,116.108,116.11,116.09,116.09
2016-12-22T19:33:00Z,116.09,116.095,116.07,116.07
2016-12-22T19:34:00Z,116.0765,116.09,116.07,116.0708
2016-12-22T19:35:00Z,116.075,116.08,116.07,116.07
2016-12-22T19:36:00Z,116.07,116.075,116.03,116.0401
2016-12-22T19:37:00Z,116.0449,116.05,116.03,116.035
2016-12-22T19:38:00Z,116.03,116.04,116.03,116.03
2016-12-22T19:39:00Z,116.033,116.045,115.95,115.95
2016-12-22T19:40:00Z,115.96,115.995,115.955,115.975
2016-12-22T19:41:00Z,115.97,115.98,115.93,115.9601
2016-12-22T19:42:00Z,115.965,115.965,115.925,115.925
2016-12-22T19:43:00Z,115.924,115.97,115.92,115.97
2016-12-22T19:44:00Z,115.97,115.975,115.96,115.975
2016-12-22T19:45:00Z,115.975,115.995,115.96,115.9659
2016-12-22T19:46:00Z,115.96,115.97,115.96,115.9601
2016-12-22T19:47:00Z,115.964,115.98,115.96,115.98
2016-12-22T19:48:00Z,115.98,116,115.9708,115.9998
2016-12-22T19:49:00Z,115.9973,116.02,115.99,116.0041
2016-12-22T19:50:00Z,116.01,116.05,116.01,116.025
2016-12-22T19:51:00Z,116.0201,116.05,116.0201,116.04
2016-12-22T19:52:00Z,116.0453,116.1798,116.045,116.054
2016-12-22T19:53:00Z,116.05,116.06,116.04,116.0448
2016-12-22T19:54:00Z,116.041,116.07,116.04,116.07
2016-12-22T19:55:00Z,116.07,116.075,116.06,116.06
2016-12-22T19:56:00Z,116.06,116.065,116.04,116.045
2016-12-22T19:57:00Z,116.05,116.05,116.02,116.0234
2016-12-22T19:58:00Z,116.025,116.03,116.01,116.015
2016-12-22T19:59:00Z,116.02,116.03,116.01,116.011
