2020-06-17T13:30:00Z,355.16,355.4,353.54,354.23
2020-06-17T13:31:00Z,354.28,355.09,353.91,354.89
2020-06-17T13:32:00Z,354.911,355.3399,354.08,354.15
2020-06-17T13:33:00Z,354.22,354.61,354.12,354.35
2020-06-17T13:34:00Z,354.4,354.51,353.91,354.19
2020-06-17T13:35:00Z,354.217,354.74,353.9505,354.5799
2020-06-17T13:36:00Z,354.63,354.64,353.9542,354.05
2020-06-17T13:37:00Z,354.041,354.45,353.16,353.83
2020-06-17T13:38:00Z,353.81,354.3096,353.77,354.3
2020-06-17T13:39:00Z,354.31,354.64,354.27,354.35
2020-06-17T13:40:00Z,354.31,354.42,353.86,354.14
2020-06-17T13:41:00Z,354.1,354.34,353.6458,353.71
2020-06-17T13:42:00Z,353.728,354.1,353.728,353.89
2020-06-17T13:43:00Z,353.925,354.39,353.8906,354.28
2020-06-17T13:44:00Z,354.26,354.86,354.24,354.8462
2020-06-17T13:45:00Z,354.84,355.19,354.8,354.855
2020-06-17T13:46:00Z,354.84,355.1,354.64,354.85
2020-06-17T13:47:00Z,354.865,355.08,354.611,354.86
2020-06-17T13:48:00Z,354.87,354.92,354.42,354.457
2020-06-17T13:49:00Z,354.4527,354.51,353.85,354.297
2020-06-17T13:50:00Z,354.3,354.3086,353.86,353.87
2020-06-17T13:51:00Z,353.89,354.03,353.25,353.985
2020-06-17T13:52:00Z,353.98,354.18,353.76,353.865
2020-06-17T13:53:00Z,353.88,353.94,353.43,353.61
2020-06-17T13:54:00Z,353.64,353.82,353.45,353.8186
2020-06-17T13:55:00Z,353.79,353.8244,353.22,353.33
2020-06-17T13:56:00Z,353.38,353.54,353.28,353.48
2020-06-17T13:57:00Z,353.48,353.72,353.21,353.21
2020-06-17T13:58:00Z,353.21,353.33,352.82,353.3
2020-06-17T13:59:00Z,353.305,353.93,353.305,353.85
2020-06-17T14:00:00Z,353.87,354.1899,353.78,354.02
2020-06-17T14:01:00Z,354.02,354.16,353.86,354.15
2020-06-17T14:02:00Z,354.1437,354.37,354.01,354.241
2020-06-17T14:03:00Z,354.27,354.43,353.93,354.135
2020-06-17T14:04:00Z,354.22,354.22,353.66,353.81
2020-06-17T14:05:00Z,353.86,354.04,353.75,354.04
2020-06-17T14:06:00Z,354.07,354.58,354.07,354.53
2020-06-17T14:07:00Z,354.5489,354.61,354.34,354.34
2020-06-17T14:08:00Z,354.34,354.52,354.225,354.38
2020-06-17T14:09:00Z,354.34,354.39,354.1626,354.315
2020-06-17T14:10:00Z,354.31,354.48,353.8,354.48
2020-06-17T14:11:00Z,354.49,354.53,354.15,354.22
2020-06-17T14:12:00Z,354.24,354.44,354.22,354.41
2020-06-17T14:13:00Z,354.41,354.42,353.97,354.19
2020-06-17T14:14:00Z,354.18,354.3,353.7,353.9045
2020-06-17T14:15:00Z,353.916,354.22,353.85,353.9033
2020-06-17T14:16:00Z,353.897,354.3,353.87,354.14
2020-06-17T14:17:00Z,354.175,354.2599,354.04,354.2
2020-06-17T14:18:00Z,354.2,354.2,352.7,352.97
2020-06-17T14:19:00Z,352.995,352.995,352.33,352.68
2020-06-17T14:20:00Z,352.6627,353.4999,352.5307,353.405
2020-06-17T14:21:00Z,353.375,353.725,353.05,353.53
2020-06-17T14:22:00Z,353.5361,353.72,353.2,353.42
2020-06-17T14:23:00Z,353.4,353.54,353.19,353.19
2020-06-17T14:24:00Z,353.22,353.36,352.77,352.779
2020-06-17T14:25:00Z,352.77,352.96,352.59,352.82
2020-06-17T14:26:00Z,352.83,353.37,352.7,353.2802
2020-06-17T14:27:00Z,353.28,353.63,353.28,353.4592
2020-06-17T14:28:00Z,353.46,353.46,352.9,353.05
2020-06-17T14:29:00Z,353.0311,353.44,352.89,353.17
2020-06-17T14:30:00Z,353.245,353.3,352.69,352.78
2020-06-17T14:31:00Z,352.81,353.44,352.6238,353.38
2020-06-17T14:32:00Z,353.345,353.5,352.98,353.09
2020-06-17T14:33:00Z,353,353.35,352.87,353.28
2020-06-17T14:34:00Z,353.303,353.62,353.303,353.4305
2020-06-17T14:35:00Z,353.445,353.445,353.1,353.22
2020-06-17T14:36:00Z,353.24,353.48,353.19,353.33
2020-06-17T14:37:00Z,353.28,353.35,352.97,353.3332
2020-06-17T14:38:00Z,353.35,353.79,353.2272,353.745
2020-06-17T14:39:00Z,353.79,353.81,353.545,353.7
2020-06-17T14:40:00Z,353.7056,353.7599,353.44,353.52
2020-06-17T14:41:00Z,353.51,353.73,353.44,353.5922
2020-06-17T14:42:00Z,353.59,353.77,353.46,353.7174
2020-06-17T14:43:00Z,353.74,353.84,353.6001,353.74
2020-06-17T14:44:00Z,353.75,353.93,353.65,353.88
2020-06-17T14:45:00Z,353.88,353.93,353.75,353.88
2020-06-17T14:46:00Z,353.88,353.99,353.7301,353.7637
2020-06-17T14:47:00Z,353.84,353.85,353.662,353.72
2020-06-17T14:48:00Z,353.7,353.8465,353.6,353.65
2020-06-17T14:49:00Z,353.6467,353.74,353.55,353.56
2020-06-17T14:50:00Z,353.58,353.8,353.43,353.68
2020-06-17T14:51:00Z,353.68,353.89,353.67,353.845
2020-06-17T14:52:00Z,353.82,354.284,353.79,354.28
2020-06-17T14:53:00Z,354.2714,354.29,354.02,354.1042
2020-06-17T14:54:00Z,354.09,354.28,354,354.2365
2020-06-17T14:55:00Z,354.24,354.69,354.1801,354.59
2020-06-17T14:56:00Z,354.59,354.6696,354.37,354.46
2020-06-17T14:57:00Z,354.465,354.5349,354.3,354.365
2020-06-17T14:58:00Z,354.34,354.4373,354.25,354.3
2020-06-17T14:59:00Z,354.35,354.49,354.27,354.39
2020-06-17T15:00:00Z,354.36,354.57,354.3263,354.521
2020-06-17T15:01:00Z,354.48,354.5251,354.23,354.26
2020-06-17T15:02:00Z,354.25,354.31,354.03,354.23
2020-06-17T15:03:00Z,354.27,354.32,354.13,354.3
2020-06-17T15:04:00Z,354.291,354.34,353.88,353.9485
2020-06-17T15:05:00Z,354,354.17,353.97,354.08
2020-06-17T15:06:00Z,354.06,354.43,353.97,354.12
2020-06-17T15:07:00Z,354.1204,354.28,353.9496,353.96
2020-06-17T15:08:00Z,353.96,354.18,353.855,354.09
2020-06-17T15:09:00Z,354.09,354.28,354.03,354.225
2020-06-17T15:10:00Z,354.26,354.51,354.1,354.305
2020-06-17T15:11:00Z,354.335,354.42,354.17,354.3
2020-06-17T15:12:00Z,354.27,354.32,354.14,354.24
2020-06-17T15:13:00Z,354.23,354.27,354.05,354.13
2020-06-17T15:14:00Z,354.14,354.17,353.9018,353.96
2020-06-17T15:15:00Z,353.96,354,353.53,353.57
2020-06-17T15:16:00Z,353.61,354.08,353.57,354.03
2020-06-17T15:17:00Z,354.05,354.19,353.9804,354.0279
2020-06-17T15:18:00Z,354,354,353.6479,353.67
2020-06-17T15:19:00Z,353.6856,353.7,353.29,353.58
2020-06-17T15:20:00Z,353.53,353.69,353.38,353.39
2020-06-17T15:21:00Z,353.39,353.52,353.25,353.3298
2020-06-17T15:22:00Z,353.31,353.36,353.08,353.23
2020-06-17T15:23:00Z,353.22,353.44,353.18,353.28
2020-06-17T15:24:00Z,353.29,353.3367,353.13,353.1801
2020-06-17T15:25:00Z,353.21,353.2883,352.9562,353.06
2020-06-17T15:26:00Z,353.04,353.2,353,353.15
2020-06-17T15:27:00Z,353.16,353.3899,353.08,353.31
2020-06-17T15:28:00Z,353.3101,353.48,353.27,353.4059
2020-06-17T15:29:00Z,353.4181,353.55,353.24,353.52
2020-06-17T15:30:00Z,353.52,353.57,353.1912,353.32
2020-06-17T15:31:00Z,353.3258,353.33,353.17,353.2244
2020-06-17T15:32:00Z,353.17,353.5225,353.12,353.5
2020-06-17T15:33:00Z,353.5,353.515,353.3,353.41
2020-06-17T15:34:00Z,353.3919,353.42,353.23,353.33
2020-06-17T15:35:00Z,353.3431,353.69,353.3431,353.6
2020-06-17T15:36:00Z,353.585,353.73,353.56,353.63
2020-06-17T15:37:00Z,353.6347,353.96,353.61,353.7322
2020-06-17T15:38:00Z,353.73,353.81,353.6001,353.781
2020-06-17T15:39:00Z,353.7744,354.0001,353.6599,353.97
2020-06-17T15:40:00Z,354.01,354.01,353.785,353.93
2020-06-17T15:41:00Z,353.91,353.99,353.83,353.86
2020-06-17T15:42:00Z,353.855,353.97,353.81,353.87
2020-06-17T15:43:00Z,353.88,353.88,353.7142,353.86
2020-06-17T15:44:00Z,353.8501,354.06,353.78,354.01
2020-06-17T15:45:00Z,354.0225,354.17,353.97,354.14
2020-06-17T15:46:00Z,354.1322,354.1557,354.03,354.075
2020-06-17T15:47:00Z,354.0682,354.15,354.04,354.06
2020-06-17T15:48:00Z,354.06,354.08,353.945,354.01
2020-06-17T15:49:00Z,353.99,353.993,353.75,353.775
2020-06-17T15:50:00Z,353.76,353.87,353.63,353.78
2020-06-17T15:51:00Z,353.79,354.06,353.79,353.97
2020-06-17T15:52:00Z,353.9549,353.9923,353.79,353.96
2020-06-17T15:53:00Z,353.93,353.93,353.73,353.79
2020-06-17T15:54:00Z,353.8,354.09,353.8,353.99
2020-06-17T15:55:00Z,354,354.16,354,354.09
2020-06-17T15:56:00Z,354.08,354.29,354.05,354.235
2020-06-17T15:57:00Z,354.2499,354.31,354.14,354.2784
2020-06-17T15:58:00Z,354.26,354.464,354.2,354.44
2020-06-17T15:59:00Z,354.43,354.5,354.36,354.4675
2020-06-17T16:00:00Z,354.48,354.6,354.3631,354.41
2020-06-17T16:01:00Z,354.4268,354.46,354.21,354.41
2020-06-17T16:02:00Z,354.425,354.5,354.28,354.33
2020-06-17T16:03:00Z,354.3498,354.48,354.32,354.36
2020-06-17T16:04:00Z,354.3533,354.65,354.3533,354.63
2020-06-17T16:05:00Z,354.621,354.68,354.52,354.5899
2020-06-17T16:06:00Z,354.58,354.75,354.55,354.68
2020-06-17T16:07:00Z,354.72,354.75,354.634,354.71
2020-06-17T16:08:00Z,354.705,354.73,354.59,354.6
2020-06-17T16:09:00Z,354.59,354.64,354.45,354.5899
2020-06-17T16:10:00Z,354.61,354.71,354.45,354.675
2020-06-17T16:11:00Z,354.675,354.88,354.66,354.86
2020-06-17T16:12:00Z,354.85,355.09,354.8499,355.03
2020-06-17T16:13:00Z,355.05,355.08,354.76,354.825
2020-06-17T16:14:00Z,354.8313,354.9,354.62,354.74
2020-06-17T16:15:00Z,354.71,354.78,354.6,354.78
2020-06-17T16:16:00Z,354.75,354.9678,354.75,354.8619
2020-06-17T16:17:00Z,354.87,354.98,354.79,354.86
2020-06-17T16:18:00Z,354.87,355,354.815,354.815
2020-06-17T16:19:00Z,354.84,354.8567,354.5904,354.82
2020-06-17T16:20:00Z,354.82,354.91,354.69,354.74
2020-06-17T16:21:00Z,354.755,354.755,354.34,354.5558
2020-06-17T16:22:00Z,354.54,354.6951,354.5,354.58
2020-06-17T16:23:00Z,354.58,354.6299,354.41,354.45
2020-06-17T16:24:00Z,354.48,354.62,354.41,354.41
2020-06-17T16:25:00Z,354.4328,354.54,354.35,354.435
2020-06-17T16:26:00Z,354.44,354.49,354.33,354.34
2020-06-17T16:27:00Z,354.33,354.44,354.27,354.44
2020-06-17T16:28:00Z,354.4375,354.49,354.37,354.43
2020-06-17T16:29:00Z,354.41,354.48,354.32,354.404
2020-06-17T16:30:00Z,354.39,354.65,354.34,354.63
2020-06-17T16:31:00Z,354.65,354.88,354.64,354.7799
2020-06-17T16:32:00Z,354.78,355.15,354.75,355
2020-06-17T16:33:00Z,354.9998,355.08,354.98,355.05
2020-06-17T16:34:00Z,355.07,355.07,354.85,354.88
2020-06-17T16:35:00Z,354.87,354.97,354.82,354.95
2020-06-17T16:36:00Z,354.96,355.09,354.94,355.01
2020-06-17T16:37:00Z,354.99,354.99,354.8435,354.89
2020-06-17T16:38:00Z,354.879,354.92,354.8,354.8233
2020-06-17T16:39:00Z,354.85,354.91,354.8,354.89
2020-06-17T16:40:00Z,354.87,354.98,354.83,354.96
2020-06-17T16:41:00Z,354.95,355,354.8,354.955
2020-06-17T16:42:00Z,354.96,355,354.82,354.84
2020-06-17T16:43:00Z,354.85,354.97,354.82,354.935
2020-06-17T16:44:00Z,354.925,355.09,354.9022,354.9901
2020-06-17T16:45:00Z,355.02,355.09,354.96,355.015
2020-06-17T16:46:00Z,355.0002,355.0658,354.91,354.98
2020-06-17T16:47:00Z,354.96,355.02,354.88,354.9101
2020-06-17T16:48:00Z,354.96,354.9825,354.75,354.85
2020-06-17T16:49:00Z,354.8199,354.96,354.78,354.86
2020-06-17T16:50:00Z,354.85,354.9878,354.81,354.89
2020-06-17T16:51:00Z,354.9,355,354.9,354.98
2020-06-17T16:52:00Z,354.97,355.08,354.97,355
2020-06-17T16:53:00Z,355.01,355.075,354.91,355
2020-06-17T16:54:00Z,355.0211,355.07,354.98,355.02
2020-06-17T16:55:00Z,355.02,355.07,354.62,354.77
2020-06-17T16:56:00Z,354.76,354.7699,354.5,354.7198
2020-06-17T16:57:00Z,354.74,354.77,354.66,354.7137
2020-06-17T16:58:00Z,354.72,354.79,354.62,354.7171
2020-06-17T16:59:00Z,354.7151,354.84,354.7045,354.82
2020-06-17T17:00:00Z,354.84,355,354.82,354.9
2020-06-17T17:01:00Z,354.88,355,354.8743,354.94
2020-06-17T17:02:00Z,354.94,355.0026,354.88,355
2020-06-17T17:03:00Z,354.99,355.07,354.9801,354.9967
2020-06-17T17:04:00Z,355.01,355.0526,354.85,354.9558
2020-06-17T17:05:00Z,354.93,354.96,354.81,354.83
2020-06-17T17:06:00Z,354.84,354.94,354.75,354.82
2020-06-17T17:07:00Z,354.82,354.82,354.67,354.761
2020-06-17T17:08:00Z,354.77,355.02,354.77,355.02
2020-06-17T17:09:00Z,355.01,355.035,354.89,355
2020-06-17T17:10:00Z,355.005,355.06,354.93,355.02
2020-06-17T17:11:00Z,355.045,355.08,355,355.0322
2020-06-17T17:12:00Z,355.06,355.09,354.9347,354.96
2020-06-17T17:13:00Z,354.99,355.09,354.96,354.9874
2020-06-17T17:14:00Z,355,355.085,354.9973,355.04
2020-06-17T17:15:00Z,355.0374,355.2,355,355.025
2020-06-17T17:16:00Z,355.04,355.13,355.02,355.08
2020-06-17T17:17:00Z,355.06,355.19,355.02,355.18
2020-06-17T17:18:00Z,355.18,355.18,355.07,355.07
2020-06-17T17:19:00Z,355.08,355.15,355.02,355.08
2020-06-17T17:20:00Z,355.09,355.16,355.05,355.12
2020-06-17T17:21:00Z,355.09,355.12,354.97,354.99
2020-06-17T17:22:00Z,354.98,355,354.75,354.86
2020-06-17T17:23:00Z,354.84,354.89,354.77,354.83
2020-06-17T17:24:00Z,354.83,355.005,354.83,354.9026
2020-06-17T17:25:00Z,354.9,355.1,354.85,354.9577
2020-06-17T17:26:00Z,354.9692,354.98,354.86,354.9108
2020-06-17T17:27:00Z,354.905,355,354.89,354.975
2020-06-17T17:28:00Z,354.99,355.04,354.93,354.974
2020-06-17T17:29:00Z,354.96,354.98,354.82,354.925
2020-06-17T17:30:00Z,354.92,354.95,354.87,354.91
2020-06-17T17:31:00Z,354.8925,354.97,354.88,354.885
2020-06-17T17:32:00Z,354.888,355.02,354.888,354.99
2020-06-17T17:33:00Z,354.97,354.9841,354.87,354.91
2020-06-17T17:34:00Z,354.92,354.99,354.78,354.9431
2020-06-17T17:35:00Z,354.94,354.96,354.8876,354.935
2020-06-17T17:36:00Z,354.95,355.0299,354.89,354.94
2020-06-17T17:37:00Z,354.91,354.9699,354.85,354.915
2020-06-17T17:38:00Z,354.9248,354.98,354.825,354.9056
2020-06-17T17:39:00Z,354.91,355,354.88,354.92
2020-06-17T17:40:00Z,354.91,354.91,354.73,354.87
2020-06-17T17:41:00Z,354.86,355,354.8,354.93
2020-06-17T17:42:00Z,354.93,355.16,354.92,355.15
2020-06-17T17:43:00Z,355.15,355.25,355.07,355.1501
2020-06-17T17:44:00Z,355.1652,355.24,355.14,355.18
2020-06-17T17:45:00Z,355.16,355.23,355.06,355.1462
2020-06-17T17:46:00Z,355.14,355.15,355.03,355.13
2020-06-17T17:47:00Z,355.15,355.24,355.13,355.17
2020-06-17T17:48:00Z,355.185,355.23,355.1785,355.19
2020-06-17T17:49:00Z,355.1905,355.1905,355.1075,355.1587
2020-06-17T17:50:00Z,355.1555,355.21,354.94,355.02
2020-06-17T17:51:00Z,355.03,355.1,354.9747,355.0773
2020-06-17T17:52:00Z,355.08,355.14,355.04,355.07
2020-06-17T17:53:00Z,355.06,355.06,354.66,354.76
2020-06-17T17:54:00Z,354.75,354.91,354.75,354.81
2020-06-17T17:55:00Z,354.83,354.87,354.71,354.81
2020-06-17T17:56:00Z,354.835,354.92,354.713,354.713
2020-06-17T17:57:00Z,354.73,354.73,354.48,354.593
2020-06-17T17:58:00Z,354.62,354.63,354.56,354.5799
2020-06-17T17:59:00Z,354.57,354.65,354.38,354.38
2020-06-17T18:00:00Z,354.4,354.54,354.24,354.3882
2020-06-17T18:01:00Z,354.33,354.57,354.32,354.56
2020-06-17T18:02:00Z,354.58,354.7,354.54,354.64
2020-06-17T18:03:00Z,354.67,354.6999,354.57,354.62
2020-06-17T18:04:00Z,354.6,354.6425,354.5201,354.584
2020-06-17T18:05:00Z,354.61,354.76,354.61,354.67
2020-06-17T18:06:00Z,354.69,354.81,354.68,354.78
2020-06-17T18:07:00Z,354.792,354.7993,354.7,354.7
2020-06-17T18:08:00Z,354.7,354.78,354.7,354.75
2020-06-17T18:09:00Z,354.75,354.85,354.735,354.77
2020-06-17T18:10:00Z,354.785,354.79,354.71,354.79
2020-06-17T18:11:00Z,354.7841,354.9399,354.77,354.9299
2020-06-17T18:12:00Z,354.9,355.02,354.85,354.95
2020-06-17T18:13:00Z,354.96,354.96,354.82,354.82
2020-06-17T18:14:00Z,354.79,354.83,354.59,354.68
2020-06-17T18:15:00Z,354.73,354.79,354.55,354.64
2020-06-17T18:16:00Z,354.6595,354.8099,354.6595,354.74
2020-06-17T18:17:00Z,354.75,354.83,354.73,354.78
2020-06-17T18:18:00Z,354.77,354.78,354.64,354.7
2020-06-17T18:19:00Z,354.7184,354.73,354.48,354.56
2020-06-17T18:20:00Z,354.5633,354.74,354.5633,354.6101
2020-06-17T18:21:00Z,354.6139,354.79,354.57,354.74
2020-06-17T18:22:00Z,354.7208,354.76,354.62,354.73
2020-06-17T18:23:00Z,354.75,354.91,354.75,354.88
2020-06-17T18:24:00Z,354.87,354.9,354.7789,354.8
2020-06-17T18:25:00Z,354.81,354.81,354.31,354.37
2020-06-17T18:26:00Z,354.36,354.65,354.27,354.58
2020-06-17T18:27:00Z,354.57,354.78,354.54,354.73
2020-06-17T18:28:00Z,354.73,354.88,354.7276,354.8
2020-06-17T18:29:00Z,354.78,354.84,354.68,354.81
2020-06-17T18:30:00Z,354.8,354.8538,354.62,354.6342
2020-06-17T18:31:00Z,354.64,354.67,354.59,354.6613
2020-06-17T18:32:00Z,354.64,354.675,354.55,354.66
2020-06-17T18:33:00Z,354.66,354.665,354.55,354.56
2020-06-17T18:34:00Z,354.58,354.81,354.5,354.81
2020-06-17T18:35:00Z,354.8299,355,354.78,354.83
2020-06-17T18:36:00Z,354.8175,354.83,354.67,354.685
2020-06-17T18:37:00Z,354.69,354.69,354.54,354.59
2020-06-17T18:38:00Z,354.62,354.62,354.4438,354.54
2020-06-17T18:39:00Z,354.52,354.68,354.52,354.67
2020-06-17T18:40:00Z,354.685,354.95,354.66,354.83
2020-06-17T18:41:00Z,354.85,355.08,354.84,354.9398
2020-06-17T18:42:00Z,354.93,354.95,354.7841,354.8305
2020-06-17T18:43:00Z,354.8122,354.9299,354.79,354.8625
2020-06-17T18:44:00Z,354.85,354.87,354.66,354.695
2020-06-17T18:45:00Z,354.71,354.84,354.6,354.7593
2020-06-17T18:46:00Z,354.79,354.915,354.79,354.79
2020-06-17T18:47:00Z,354.78,354.83,354.48,354.52
2020-06-17T18:48:00Z,354.52,354.62,354.4955,354.5499
2020-06-17T18:49:00Z,354.54,354.6199,354.5,354.541
2020-06-17T18:50:00Z,354.545,354.7,354.4,354.6398
2020-06-17T18:51:00Z,354.64,354.87,354.571,354.6
2020-06-17T18:52:00Z,354.63,354.7,354.56,354.59
2020-06-17T18:53:00Z,354.575,354.6,354.45,354.54
2020-06-17T18:54:00Z,354.56,354.57,354.32,354.46
2020-06-17T18:55:00Z,354.4737,354.58,354.46,354.53
2020-06-17T18:56:00Z,354.54,354.58,354.38,354.4449
2020-06-17T18:57:00Z,354.44,354.44,354,354.192
2020-06-17T18:58:00Z,354.18,354.3,354.17,354.19
2020-06-17T18:59:00Z,354.17,354.1898,353.965,354.08
2020-06-17T19:00:00Z,354,354.0149,353.6059,353.68
2020-06-17T19:01:00Z,353.7,353.91,353.62,353.875
2020-06-17T19:02:00Z,353.86,354.05,353.78,354.03
2020-06-17T19:03:00Z,354.04,354.13,353.898,353.9186
2020-06-17T19:04:00Z,353.89,354.03,353.88,354.03
2020-06-17T19:05:00Z,354.05,354.05,353.69,353.82
2020-06-17T19:06:00Z,353.82,353.93,353.74,353.74
2020-06-17T19:07:00Z,353.77,353.87,353.75,353.87
2020-06-17T19:08:00Z,353.8062,353.905,353.46,353.55
2020-06-17T19:09:00Z,353.53,353.6,353.39,353.42
2020-06-17T19:10:00Z,353.429,353.7298,353.3,353.35
2020-06-17T19:11:00Z,353.3699,353.56,353.3699,353.5
2020-06-17T19:12:00Z,353.4976,353.63,353.27,353.34
2020-06-17T19:13:00Z,353.35,353.47,353.2368,353.26
2020-06-17T19:14:00Z,353.25,353.41,353.22,353.3708
2020-06-17T19:15:00Z,353.3951,353.77,353.3588,353.62
2020-06-17T19:16:00Z,353.64,353.78,353.5389,353.5515
2020-06-17T19:17:00Z,353.53,353.575,353.08,353.235
2020-06-17T19:18:00Z,353.24,353.4562,353.15,353.24
2020-06-17T19:19:00Z,353.2497,353.32,353.01,353.01
2020-06-17T19:20:00Z,353.03,353.08,352.8,352.9833
2020-06-17T19:21:00Z,353.01,353.15,352.81,353.13
2020-06-17T19:22:00Z,353.14,353.29,352.72,352.744
2020-06-17T19:23:00Z,352.77,352.88,352.53,352.53
2020-06-17T19:24:00Z,352.554,352.7,352.26,352.5183
2020-06-17T19:25:00Z,352.54,352.95,352.49,352.5
2020-06-17T19:26:00Z,352.5,352.7,352.37,352.59
2020-06-17T19:27:00Z,352.57,352.58,352.27,352.2917
2020-06-17T19:28:00Z,352.3,352.43,352.0801,352.43
2020-06-17T19:29:00Z,352.43,352.68,352.37,352.56
2020-06-17T19:30:00Z,352.57,352.58,352.1,352.21
2020-06-17T19:31:00Z,352.2,352.49,352.2,352.3
2020-06-17T19:32:00Z,352.3158,352.6,352.28,352.38
2020-06-17T19:33:00Z,352.39,352.95,352.39,352.88
2020-06-17T19:34:00Z,352.84,353.25,352.84,353.0613
2020-06-17T19:35:00Z,353.075,353.09,352.57,352.6021
2020-06-17T19:36:00Z,352.61,352.92,352.51,352.84
2020-06-17T19:37:00Z,352.84,352.95,352.77,352.8253
2020-06-17T19:38:00Z,352.805,352.805,352.41,352.73
2020-06-17T19:39:00Z,352.75,353,352.655,352.765
2020-06-17T19:40:00Z,352.72,352.83,352.4,352.45
2020-06-17T19:41:00Z,352.48,352.54,352.3,352.36
2020-06-17T19:42:00Z,352.37,352.4,351.86,351.99
2020-06-17T19:43:00Z,352.005,352.26,351.7,351.7278
2020-06-17T19:44:00Z,351.73,351.96,351.71,351.9283
2020-06-17T19:45:00Z,351.93,352.41,351.92,352.2642
2020-06-17T19:46:00Z,352.27,352.415,352.16,352.2774
2020-06-17T19:47:00Z,352.3001,352.4,351.797,352
2020-06-17T19:48:00Z,352.01,352.25,351.76,351.93
2020-06-17T19:49:00Z,351.91,351.9399,351.4,351.5747
2020-06-17T19:50:00Z,351.45,352.5,351.33,352.18
2020-06-17T19:51:00Z,352.161,352.6,351.9,352.52
2020-06-17T19:52:00Z,352.54,352.84,352.4,352.7977
2020-06-17T19:53:00Z,352.79,353,352.7,352.77
2020-06-17T19:54:00Z,352.815,352.89,352.0175,352.23
2020-06-17T19:55:00Z,352.16,352.41,351.8,352.02
2020-06-17T19:56:00Z,352.02,352.24,351.86,351.92
2020-06-17T19:57:00Z,351.89,352.13,351.812,352
2020-06-17T19:58:00Z,351.96,352.2,351.94,352.155
2020-06-17T19:59:00Z,352.14,352.58,351.09,351.2438
