2016-06-28T13:30:00Z,92.87,93,92.83,92.99
2016-06-28T13:31:00Z,92.99,93.07,92.77,92.7886
2016-06-28T13:32:00Z,92.78,92.84,92.66,92.76
2016-06-28T13:33:00Z,92.77,92.82,92.7,92.71
2016-06-28T13:34:00Z,92.71,92.83,92.62,92.83
2016-06-28T13:35:00Z,92.82,92.84,92.52,92.54
2016-06-28T13:36:00Z,92.55,92.66,92.545,92.57
2016-06-28T13:37:00Z,92.58,92.65,92.52,92.6
2016-06-28T13:38:00Z,92.59,92.625,92.55,92.585
2016-06-28T13:39:00Z,92.59,92.73,92.57,92.69
2016-06-28T13:40:00Z,92.6993,92.93,92.66,92.921
2016-06-28T13:41:00Z,92.926,92.97,92.86,92.9543
2016-06-28T13:42:00Z,92.95,92.99,92.86,92.86
2016-06-28T13:43:00Z,92.865,92.95,92.86,92.9343
2016-06-28T13:44:00Z,92.9375,92.939,92.77,92.82
2016-06-28T13:45:00Z,92.81,92.88,92.79,92.807
2016-06-28T13:46:00Z,92.8057,92.84,92.71,92.8301
2016-06-28T13:47:00Z,92.83,92.87,92.8,92.83
2016-06-28T13:48:00Z,92.83,92.89,92.815,92.84
2016-06-28T13:49:00Z,92.83,92.89,92.73,92.88
2016-06-28T13:50:00Z,92.88,92.899,92.83,92.86
2016-06-28T13:51:00Z,92.8557,92.93,92.823,92.925
2016-06-28T13:52:00Z,92.9295,92.94,92.87,92.935
2016-06-28T13:53:00Z,92.94,92.96,92.9,92.92
2016-06-28T13:54:00Z,92.92,92.95,92.82,92.8499
2016-06-28T13:55:00Z,92.845,92.92,92.835,92.8999
2016-06-28T13:56:00Z,92.89,92.95,92.89,92.92
2016-06-28T13:57:00Z,92.93,92.955,92.88,92.88
2016-06-28T13:58:00Z,92.88,92.91,92.85,92.9
2016-06-28T13:59:00Z,92.905,92.94,92.89,92.9
2016-06-28T14:00:00Z,92.91,92.93,92.85,92.9096
2016-06-28T14:01:00Z,92.91,92.9401,92.89,92.8941
2016-06-28T14:02:00Z,92.9,92.92,92.86,92.89
2016-06-28T14:03:00Z,92.89,92.91,92.87,92.885
2016-06-28T14:04:00Z,92.89,92.91,92.86,92.884
2016-06-28T14:05:00Z,92.885,92.89,92.7845,92.8
2016-06-28T14:06:00Z,92.8001,92.87,92.79,92.84
2016-06-28T14:07:00Z,92.84,92.85,92.79,92.794
2016-06-28T14:08:00Z,92.79,92.81,92.77,92.81
2016-06-28T14:09:00Z,92.79,92.84,92.78,92.81
2016-06-28T14:10:00Z,92.815,92.85,92.8,92.83
2016-06-28T14:11:00Z,92.82,92.85,92.81,92.84
2016-06-28T14:12:00Z,92.8347,92.86,92.83,92.8513
2016-06-28T14:13:00Z,92.8599,92.86,92.8,92.835
2016-06-28T14:14:00Z,92.83,92.86,92.8219,92.85
2016-06-28T14:15:00Z,92.85,92.88,92.84,92.86
2016-06-28T14:16:00Z,92.86,92.89,92.85,92.86
2016-06-28T14:17:00Z,92.856,92.86,92.81,92.83
2016-06-28T14:18:00Z,92.821,92.87,92.82,92.8477
2016-06-28T14:19:00Z,92.84,92.87,92.8301,92.87
2016-06-28T14:20:00Z,92.865,92.95,92.8516,92.92
2016-06-28T14:21:00Z,92.91,92.92,92.85,92.875
2016-06-28T14:22:00Z,92.8741,92.91,92.86,92.9
2016-06-28T14:23:00Z,92.89,92.96,92.88,92.89
2016-06-28T14:24:00Z,92.89,92.91,92.86,92.89
2016-06-28T14:25:00Z,92.886,92.9,92.86,92.89
2016-06-28T14:26:00Z,92.88,92.92,92.83,92.83
2016-06-28T14:27:00Z,92.83,92.87,92.83,92.86
2016-06-28T14:28:00Z,92.86,92.87,92.82,92.85
2016-06-28T14:29:00Z,92.846,92.85,92.81,92.825
2016-06-28T14:30:00Z,92.82,92.85,92.8199,92.82
2016-06-28T14:31:00Z,92.815,92.88,92.815,92.83
2016-06-28T14:32:00Z,92.82,92.84,92.77,92.7999
2016-06-28T14:33:00Z,92.796,92.8,92.7605,92.78
2016-06-28T14:34:00Z,92.785,92.8,92.76,92.78
2016-06-28T14:35:00Z,92.77,92.78,92.73,92.75
2016-06-28T14:36:00Z,92.7485,92.76,92.72,92.75
2016-06-28T14:37:00Z,92.75,92.78,92.72,92.72
2016-06-28T14:38:00Z,92.73,92.73,92.61,92.6301
2016-06-28T14:39:00Z,92.636,92.65,92.59,92.614
2016-06-28T14:40:00Z,92.61,92.64,92.6,92.61
2016-06-28T14:41:00Z,92.6167,92.62,92.56,92.56
2016-06-28T14:42:00Z,92.565,92.57,92.54,92.5601
2016-06-28T14:43:00Z,92.56,92.58,92.55,92.57
2016-06-28T14:44:00Z,92.5782,92.6,92.57,92.58
2016-06-28T14:45:00Z,92.58,92.59,92.56,92.57
2016-06-28T14:46:00Z,92.58,92.59,92.55,92.555
2016-06-28T14:47:00Z,92.56,92.58,92.54,92.55
2016-06-28T14:48:00Z,92.54,92.55,92.46,92.497
2016-06-28T14:49:00Z,92.5034,92.51,92.42,92.43
2016-06-28T14:50:00Z,92.44,92.49,92.4353,92.48
2016-06-28T14:51:00Z,92.4757,92.55,92.4715,92.535
2016-06-28T14:52:00Z,92.54,92.56,92.514,92.536
2016-06-28T14:53:00Z,92.54,92.6,92.54,92.5866
2016-06-28T14:54:00Z,92.58,92.63,92.57,92.61
2016-06-28T14:55:00Z,92.602,92.62,92.53,92.57
2016-06-28T14:56:00Z,92.58,92.58,92.52,92.535
2016-06-28T14:57:00Z,92.54,92.59,92.5,92.51
2016-06-28T14:58:00Z,92.51,92.52,92.46,92.49
2016-06-28T14:59:00Z,92.49,92.55,92.48,92.51
2016-06-28T15:00:00Z,92.5,92.54,92.5,92.53
2016-06-28T15:01:00Z,92.53,92.59,92.52,92.57
2016-06-28T15:02:00Z,92.56,92.6,92.53,92.57
2016-06-28T15:03:00Z,92.563,92.6,92.5589,92.59
2016-06-28T15:04:00Z,92.6,92.6,92.47,92.483
2016-06-28T15:05:00Z,92.4899,92.5238,92.47,92.5
2016-06-28T15:06:00Z,92.5,92.52,92.447,92.49
2016-06-28T15:07:00Z,92.5,92.54,92.486,92.535
2016-06-28T15:08:00Z,92.54,92.56,92.51,92.52
2016-06-28T15:09:00Z,92.515,92.515,92.43,92.44
2016-06-28T15:10:00Z,92.436,92.436,92.4,92.405
2016-06-28T15:11:00Z,92.4,92.42,92.37,92.395
2016-06-28T15:12:00Z,92.395,92.395,92.345,92.355
2016-06-28T15:13:00Z,92.3585,92.48,92.35,92.455
2016-06-28T15:14:00Z,92.45,92.4695,92.3966,92.401
2016-06-28T15:15:00Z,92.41,92.42,92.35,92.3665
2016-06-28T15:16:00Z,92.365,92.37,92.26,92.3366
2016-06-28T15:17:00Z,92.33,92.4,92.3,92.4
2016-06-28T15:18:00Z,92.41,92.47,92.395,92.41
2016-06-28T15:19:00Z,92.41,92.47,92.4006,92.4501
2016-06-28T15:20:00Z,92.46,92.46,92.41,92.44
2016-06-28T15:21:00Z,92.4499,92.5,92.43,92.46
2016-06-28T15:22:00Z,92.4664,92.48,92.432,92.46
2016-06-28T15:23:00Z,92.46,92.47,92.36,92.3766
2016-06-28T15:24:00Z,92.3741,92.378,92.3,92.33
2016-06-28T15:25:00Z,92.323,92.34,92.3099,92.336
2016-06-28T15:26:00Z,92.34,92.34,92.28,92.3
2016-06-28T15:27:00Z,92.2959,92.35,92.28,92.3
2016-06-28T15:28:00Z,92.306,92.32,92.1799,92.22
2016-06-28T15:29:00Z,92.23,92.23,92.14,92.165
2016-06-28T15:30:00Z,92.169,92.2,92.14,92.155
2016-06-28T15:31:00Z,92.155,92.24,92.145,92.215
2016-06-28T15:32:00Z,92.22,92.29,92.21,92.285
2016-06-28T15:33:00Z,92.275,92.29,92.215,92.2418
2016-06-28T15:34:00Z,92.24,92.24,92.17,92.2
2016-06-28T15:35:00Z,92.2099,92.23,92.19,92.19
2016-06-28T15:36:00Z,92.195,92.24,92.1934,92.22
2016-06-28T15:37:00Z,92.22,92.23,92.185,92.2101
2016-06-28T15:38:00Z,92.22,92.23,92.17,92.195
2016-06-28T15:39:00Z,92.2,92.27,92.18,92.2467
2016-06-28T15:40:00Z,92.24,92.29,92.21,92.225
2016-06-28T15:41:00Z,92.22,92.3,92.22,92.29
2016-06-28T15:42:00Z,92.29,92.32,92.27,92.305
2016-06-28T15:43:00Z,92.305,92.31,92.28,92.306
2016-06-28T15:44:00Z,92.31,92.4,92.3,92.36
2016-06-28T15:45:00Z,92.365,92.43,92.36,92.4253
2016-06-28T15:46:00Z,92.42,92.455,92.412,92.45
2016-06-28T15:47:00Z,92.445,92.47,92.43,92.445
2016-06-28T15:48:00Z,92.445,92.47,92.4005,92.41
2016-06-28T15:49:00Z,92.41,92.435,92.38,92.4043
2016-06-28T15:50:00Z,92.405,92.43,92.34,92.3566
2016-06-28T15:51:00Z,92.3599,92.43,92.35,92.41
2016-06-28T15:52:00Z,92.4,92.4599,92.4,92.445
2016-06-28T15:53:00Z,92.45,92.45,92.4,92.4193
2016-06-28T15:54:00Z,92.4143,92.47,92.41,92.45
2016-06-28T15:55:00Z,92.45,92.48,92.44,92.475
2016-06-28T15:56:00Z,92.475,92.49,92.45,92.48
2016-06-28T15:57:00Z,92.48,92.57,92.48,92.568
2016-06-28T15:58:00Z,92.56,92.59,92.54,92.55
2016-06-28T15:59:00Z,92.55,92.57,92.52,92.54
2016-06-28T16:00:00Z,92.55,92.57,92.52,92.5266
2016-06-28T16:01:00Z,92.5257,92.53,92.47,92.48
2016-06-28T16:02:00Z,92.49,92.535,92.48,92.51
2016-06-28T16:03:00Z,92.511,92.59,92.51,92.555
2016-06-28T16:04:00Z,92.56,92.57,92.539,92.54
2016-06-28T16:05:00Z,92.55,92.57,92.54,92.56
2016-06-28T16:06:00Z,92.56,92.59,92.55,92.5599
2016-06-28T16:07:00Z,92.55,92.6,92.54,92.585
2016-06-28T16:08:00Z,92.59,92.6,92.55,92.555
2016-06-28T16:09:00Z,92.55,92.57,92.535,92.5525
2016-06-28T16:10:00Z,92.555,92.6,92.555,92.58
2016-06-28T16:11:00Z,92.585,92.59,92.56,92.5799
2016-06-28T16:12:00Z,92.57,92.58,92.54,92.55
2016-06-28T16:13:00Z,92.5565,92.57,92.54,92.558
2016-06-28T16:14:00Z,92.56,92.58,92.52,92.52
2016-06-28T16:15:00Z,92.53,92.5457,92.51,92.5453
2016-06-28T16:16:00Z,92.54,92.57,92.52,92.53
2016-06-28T16:17:00Z,92.5299,92.5357,92.5,92.5299
2016-06-28T16:18:00Z,92.52,92.53,92.51,92.515
2016-06-28T16:19:00Z,92.51,92.52,92.5,92.51
2016-06-28T16:20:00Z,92.51,92.55,92.505,92.52
2016-06-28T16:21:00Z,92.52,92.55,92.52,92.539
2016-06-28T16:22:00Z,92.54,92.55,92.51,92.51
2016-06-28T16:23:00Z,92.52,92.55,92.51,92.535
2016-06-28T16:24:00Z,92.54,92.55,92.51,92.51
2016-06-28T16:25:00Z,92.5186,92.54,92.48,92.48
2016-06-28T16:26:00Z,92.48,92.49,92.42,92.42
2016-06-28T16:27:00Z,92.42,92.43,92.4,92.4199
2016-06-28T16:28:00Z,92.41,92.42,92.36,92.4011
2016-06-28T16:29:00Z,92.4086,92.44,92.39,92.43
2016-06-28T16:30:00Z,92.435,92.45,92.41,92.4395
2016-06-28T16:31:00Z,92.43,92.45,92.42,92.45
2016-06-28T16:32:00Z,92.45,92.48,92.45,92.4658
2016-06-28T16:33:00Z,92.46,92.478,92.46,92.47
2016-06-28T16:34:00Z,92.465,92.52,92.46,92.52
2016-06-28T16:35:00Z,92.51,92.53,92.47,92.4957
2016-06-28T16:36:00Z,92.4999,92.5113,92.49,92.506
2016-06-28T16:37:00Z,92.5,92.53,92.47,92.525
2016-06-28T16:38:00Z,92.53,92.55,92.49,92.5
2016-06-28T16:39:00Z,92.507,92.57,92.5001,92.56
2016-06-28T16:40:00Z,92.56,92.59,92.54,92.57
2016-06-28T16:41:00Z,92.56,92.58,92.5,92.51
2016-06-28T16:42:00Z,92.5,92.51,92.41,92.43
2016-06-28T16:43:00Z,92.43,92.44,92.3841,92.42
2016-06-28T16:44:00Z,92.4107,92.44,92.41,92.43
2016-06-28T16:45:00Z,92.43,92.51,92.43,92.4977
2016-06-28T16:46:00Z,92.49,92.5,92.44,92.46
2016-06-28T16:47:00Z,92.4589,92.4657,92.43,92.465
2016-06-28T16:48:00Z,92.4615,92.48,92.44,92.459
2016-06-28T16:49:00Z,92.4541,92.48,92.4541,92.475
2016-06-28T16:50:00Z,92.47,92.53,92.46,92.5042
2016-06-28T16:51:00Z,92.5001,92.53,92.49,92.51
2016-06-28T16:52:00Z,92.51,92.57,92.51,92.525
2016-06-28T16:53:00Z,92.53,92.58,92.52,92.58
2016-06-28T16:54:00Z,92.58,92.62,92.57,92.61
2016-06-28T16:55:00Z,92.615,92.665,92.6,92.665
2016-06-28T16:56:00Z,92.67,92.69,92.63,92.65
2016-06-28T16:57:00Z,92.65,92.72,92.6499,92.67
2016-06-28T16:58:00Z,92.664,92.68,92.64,92.666
2016-06-28T16:59:00Z,92.679,92.73,92.67,92.72
2016-06-28T17:00:00Z,92.725,92.73,92.64,92.64
2016-06-28T17:01:00Z,92.65,92.69,92.61,92.68
2016-06-28T17:02:00Z,92.68,92.7,92.64,92.6461
2016-06-28T17:03:00Z,92.64,92.68,92.63,92.674
2016-06-28T17:04:00Z,92.6753,92.71,92.65,92.68
2016-06-28T17:05:00Z,92.675,92.72,92.67,92.71
2016-06-28T17:06:00Z,92.716,92.72,92.65,92.65
2016-06-28T17:07:00Z,92.6465,92.67,92.58,92.64
2016-06-28T17:08:00Z,92.62,92.6265,92.55,92.585
2016-06-28T17:09:00Z,92.589,92.59,92.489,92.505
2016-06-28T17:10:00Z,92.505,92.52,92.48,92.505
2016-06-28T17:11:00Z,92.5,92.56,92.4999,92.555
2016-06-28T17:12:00Z,92.55,92.6161,92.53,92.6133
2016-06-28T17:13:00Z,92.62,92.676,92.61,92.67
2016-06-28T17:14:00Z,92.67,92.7071,92.66,92.7
2016-06-28T17:15:00Z,92.695,92.73,92.67,92.695
2016-06-28T17:16:00Z,92.697,92.7,92.64,92.68
2016-06-28T17:17:00Z,92.67,92.67,92.577,92.615
2016-06-28T17:18:00Z,92.61,92.64,92.5301,92.55
2016-06-28T17:19:00Z,92.55,92.62,92.55,92.601
2016-06-28T17:20:00Z,92.6099,92.61,92.5665,92.595
2016-06-28T17:21:00Z,92.59,92.67,92.59,92.66
2016-06-28T17:22:00Z,92.67,92.69,92.59,92.59
2016-06-28T17:23:00Z,92.59,92.61,92.54,92.556
2016-06-28T17:24:00Z,92.55,92.59,92.5465,92.58
2016-06-28T17:25:00Z,92.59,92.67,92.54,92.655
2016-06-28T17:26:00Z,92.65,92.68,92.62,92.6705
2016-06-28T17:27:00Z,92.6705,92.68,92.63,92.65
2016-06-28T17:28:00Z,92.66,92.7,92.655,92.698
2016-06-28T17:29:00Z,92.6959,92.7,92.595,92.61
2016-06-28T17:30:00Z,92.6,92.62,92.56,92.59
2016-06-28T17:31:00Z,92.589,92.62,92.55,92.572
2016-06-28T17:32:00Z,92.58,92.66,92.5789,92.655
2016-06-28T17:33:00Z,92.65,92.69,92.6,92.67
2016-06-28T17:34:00Z,92.66,92.69,92.6499,92.6699
2016-06-28T17:35:00Z,92.665,92.7,92.65,92.6765
2016-06-28T17:36:00Z,92.6799,92.69,92.64,92.675
2016-06-28T17:37:00Z,92.6799,92.73,92.67,92.73
2016-06-28T17:38:00Z,92.73,92.73,92.68,92.704
2016-06-28T17:39:00Z,92.7,92.81,92.7,92.77
2016-06-28T17:40:00Z,92.7663,92.84,92.76,92.8235
2016-06-28T17:41:00Z,92.82,92.84,92.8,92.81
2016-06-28T17:42:00Z,92.81,92.82,92.75,92.779
2016-06-28T17:43:00Z,92.77,92.805,92.75,92.8
2016-06-28T17:44:00Z,92.79,92.84,92.78,92.84
2016-06-28T17:45:00Z,92.835,92.84,92.8,92.82
2016-06-28T17:46:00Z,92.82,92.83,92.77,92.77
2016-06-28T17:47:00Z,92.77,92.82,92.76,92.81
2016-06-28T17:48:00Z,92.815,92.82,92.76,92.8065
2016-06-28T17:49:00Z,92.8035,92.85,92.79,92.845
2016-06-28T17:50:00Z,92.83,92.85,92.79,92.8337
2016-06-28T17:51:00Z,92.83,92.85,92.8143,92.8205
2016-06-28T17:52:00Z,92.8275,92.87,92.8275,92.87
2016-06-28T17:53:00Z,92.86,92.87,92.835,92.8599
2016-06-28T17:54:00Z,92.86,92.86,92.835,92.835
2016-06-28T17:55:00Z,92.835,92.88,92.835,92.86
2016-06-28T17:56:00Z,92.87,92.87,92.82,92.8558
2016-06-28T17:57:00Z,92.8599,92.86,92.82,92.83
2016-06-28T17:58:00Z,92.83,92.85,92.82,92.83
2016-06-28T17:59:00Z,92.82,92.83,92.81,92.8141
2016-06-28T18:00:00Z,92.81,92.82,92.77,92.8
2016-06-28T18:01:00Z,92.8,92.85,92.8,92.82
2016-06-28T18:02:00Z,92.82,92.91,92.82,92.91
2016-06-28T18:03:00Z,92.91,92.92,92.89,92.9
2016-06-28T18:04:00Z,92.901,92.92,92.86,92.88
2016-06-28T18:05:00Z,92.88,92.89,92.81,92.84
2016-06-28T18:06:00Z,92.84,92.86,92.815,92.8565
2016-06-28T18:07:00Z,92.8541,92.8564,92.78,92.8351
2016-06-28T18:08:00Z,92.8363,92.8565,92.81,92.8453
2016-06-28T18:09:00Z,92.85,92.85,92.8,92.82
2016-06-28T18:10:00Z,92.81,92.89,92.8099,92.84
2016-06-28T18:11:00Z,92.84,92.85,92.82,92.85
2016-06-28T18:12:00Z,92.86,92.86,92.78,92.8
2016-06-28T18:13:00Z,92.7959,92.81,92.765,92.78
2016-06-28T18:14:00Z,92.775,92.79,92.75,92.7741
2016-06-28T18:15:00Z,92.77,92.78,92.72,92.7435
2016-06-28T18:16:00Z,92.72,92.73,92.69,92.695
2016-06-28T18:17:00Z,92.6901,92.73,92.68,92.69
2016-06-28T18:18:00Z,92.69,92.7,92.67,92.7
2016-06-28T18:19:00Z,92.69,92.71,92.68,92.69
2016-06-28T18:20:00Z,92.6998,92.723,92.68,92.72
2016-06-28T18:21:00Z,92.72,92.72,92.69,92.7
2016-06-28T18:22:00Z,92.7,92.7099,92.65,92.6968
2016-06-28T18:23:00Z,92.6959,92.7,92.65,92.66
2016-06-28T18:24:00Z,92.66,92.68,92.66,92.675
2016-06-28T18:25:00Z,92.675,92.715,92.6677,92.715
2016-06-28T18:26:00Z,92.7165,92.78,92.7165,92.78
2016-06-28T18:27:00Z,92.78,92.81,92.75,92.79
2016-06-28T18:28:00Z,92.8,92.86,92.7937,92.82
2016-06-28T18:29:00Z,92.82,92.84,92.8,92.84
2016-06-28T18:30:00Z,92.85,92.9,92.84,92.9
2016-06-28T18:31:00Z,92.8999,92.92,92.89,92.905
2016-06-28T18:32:00Z,92.9005,92.99,92.9,92.98
2016-06-28T18:33:00Z,92.98,93.05,92.96,93.0415
2016-06-28T18:34:00Z,93.05,93.1,93,93
2016-06-28T18:35:00Z,93,93.03,92.98,93.025
2016-06-28T18:36:00Z,93.03,93.03,92.9575,92.975
2016-06-28T18:37:00Z,92.97,93.06,92.97,93.06
2016-06-28T18:38:00Z,93.055,93.08,93.04,93.07
2016-06-28T18:39:00Z,93.07,93.08,92.99,93.014
2016-06-28T18:40:00Z,93.01,93.04,93,93.035
2016-06-28T18:41:00Z,93.0401,93.065,93.02,93.0499
2016-06-28T18:42:00Z,93.04,93.0499,93,93.005
2016-06-28T18:43:00Z,93.006,93.04,93,93.015
2016-06-28T18:44:00Z,93.0141,93.05,93.01,93.0495
2016-06-28T18:45:00Z,93.0486,93.07,93.04,93.044
2016-06-28T18:46:00Z,93.04,93.06,93.015,93.02
2016-06-28T18:47:00Z,93.03,93.05,93.02,93.05
2016-06-28T18:48:00Z,93.05,93.06,93.015,93.0499
2016-06-28T18:49:00Z,93.05,93.07,93.035,93.055
2016-06-28T18:50:00Z,93.05,93.15,93.04,93.14
2016-06-28T18:51:00Z,93.1441,93.16,93.12,93.14
2016-06-28T18:52:00Z,93.15,93.18,93.12,93.16
2016-06-28T18:53:00Z,93.16,93.2,93.14,93.197
2016-06-28T18:54:00Z,93.1901,93.23,93.18,93.2
2016-06-28T18:55:00Z,93.1987,93.26,93.17,93.24
2016-06-28T18:56:00Z,93.25,93.28,93.22,93.226
2016-06-28T18:57:00Z,93.22,93.25,93.0265,93.21
2016-06-28T18:58:00Z,93.2,93.2,93.13,93.17
2016-06-28T18:59:00Z,93.17,93.21,93.16,93.16
2016-06-28T19:00:00Z,93.1693,93.18,93.13,93.145
2016-06-28T19:01:00Z,93.14,93.16,93.11,93.12
2016-06-28T19:02:00Z,93.1147,93.15,93.11,93.127
2016-06-28T19:03:00Z,93.128,93.14,93.1,93.11
2016-06-28T19:04:00Z,93.11,93.13,93.1,93.11
2016-06-28T19:05:00Z,93.1193,93.14,93.11,93.123
2016-06-28T19:06:00Z,93.13,93.18,93.1295,93.15
2016-06-28T19:07:00Z,93.1589,93.17,93.14,93.155
2016-06-28T19:08:00Z,93.1563,93.19,93.13,93.1758
2016-06-28T19:09:00Z,93.175,93.175,93.14,93.14
2016-06-28T19:10:00Z,93.1588,93.2,93.14,93.17
2016-06-28T19:11:00Z,93.17,93.25,93.17,93.25
2016-06-28T19:12:00Z,93.25,93.25,93.21,93.21
2016-06-28T19:13:00Z,93.21,93.25,93.2,93.22
2016-06-28T19:14:00Z,93.23,93.249,93.2,93.23
2016-06-28T19:15:00Z,93.23,93.23,93.18,93.18
2016-06-28T19:16:00Z,93.18,93.23,93.173,93.2235
2016-06-28T19:17:00Z,93.2269,93.25,93.22,93.2247
2016-06-28T19:18:00Z,93.23,93.26,93.21,93.2301
2016-06-28T19:19:00Z,93.23,93.26,93.22,93.25
2016-06-28T19:20:00Z,93.247,93.25,93.21,93.225
2016-06-28T19:21:00Z,93.225,93.28,93.21,93.2715
2016-06-28T19:22:00Z,93.274,93.3,93.26,93.2653
2016-06-28T19:23:00Z,93.27,93.27,93.24,93.26
2016-06-28T19:24:00Z,93.25,93.39,93.25,93.35
2016-06-28T19:25:00Z,93.35,93.4,93.33,93.35
2016-06-28T19:26:00Z,93.3459,93.35,93.28,93.31
2016-06-28T19:27:00Z,93.3099,93.34,93.3,93.33
2016-06-28T19:28:00Z,93.33,93.36,93.32,93.35
2016-06-28T19:29:00Z,93.34,93.535,93.34,93.53
2016-06-28T19:30:00Z,93.53,93.59,93.515,93.5702
2016-06-28T19:31:00Z,93.575,93.58,93.5,93.54
2016-06-28T19:32:00Z,93.54,93.6,93.53,93.5857
2016-06-28T19:33:00Z,93.5885,93.6,93.5,93.535
2016-06-28T19:34:00Z,93.525,93.53,93.43,93.46
2016-06-28T19:35:00Z,93.45,93.47,93.4,93.42
2016-06-28T19:36:00Z,93.4299,93.46,93.41,93.4243
2016-06-28T19:37:00Z,93.42,93.44,93.35,93.44
2016-06-28T19:38:00Z,93.445,93.46,93.4,93.46
2016-06-28T19:39:00Z,93.45,93.525,93.44,93.5
2016-06-28T19:40:00Z,93.5,93.59,93.5,93.555
2016-06-28T19:41:00Z,93.56,93.5699,93.49,93.5053
2016-06-28T19:42:00Z,93.505,93.56,93.5,93.56
2016-06-28T19:43:00Z,93.565,93.59,93.5243,93.575
2016-06-28T19:44:00Z,93.58,93.5868,93.51,93.55
2016-06-28T19:45:00Z,93.55,93.6,93.55,93.58
2016-06-28T19:46:00Z,93.57,93.6,93.51,93.551
2016-06-28T19:47:00Z,93.541,93.56,93.516,93.56
2016-06-28T19:48:00Z,93.56,93.57,93.49,93.495
2016-06-28T19:49:00Z,93.505,93.58,93.5,93.565
2016-06-28T19:50:00Z,93.57,93.6,93.52,93.52
2016-06-28T19:51:00Z,93.53,93.53,93.46,93.49
2016-06-28T19:52:00Z,93.4899,93.52,93.485,93.5
2016-06-28T19:53:00Z,93.51,93.53,93.49,93.5135
2016-06-28T19:54:00Z,93.52,93.58,93.52,93.58
2016-06-28T19:55:00Z,93.575,93.66,93.575,93.5999
2016-06-28T19:56:00Z,93.59,93.64,93.58,93.6
2016-06-28T19:57:00Z,93.5941,93.655,93.58,93.625
2016-06-28T19:58:00Z,93.62,93.62,93.56,93.59
2016-06-28T19:59:00Z,93.59,93.6,93.54,93.58
