2018-01-25T13:30:00Z,174.95,174.95,174.94,174.94
2018-01-25T13:31:00Z,174.94,174.94,174.94,174.94
2018-01-25T13:33:00Z,174.95,174.95,174.94,174.95
2018-01-25T13:34:00Z,174.99,174.99,174.99,174.99
2018-01-25T13:35:00Z,174.96,175,174.95,174.95
2018-01-25T13:36:00Z,174.99,175,174.99,175
2018-01-25T13:37:00Z,175.02,175.04,175.02,175.03
2018-01-25T13:38:00Z,175.05,175.06,175.05,175.06
2018-01-25T13:39:00Z,175.04,175.04,175.04,175.04
2018-01-25T13:40:00Z,175.03,175.04,174.99,175.03
2018-01-25T13:41:00Z,175.04,175.04,174.88,174.9
2018-01-25T13:42:00Z,174.9,174.9,174.88,174.88
2018-01-25T13:43:00Z,174.88,174.88,174.88,174.88
2018-01-25T13:44:00Z,174.9,174.9,174.77,174.77
2018-01-25T13:45:00Z,174.79,174.8,174.79,174.8
2018-01-25T13:46:00Z,174.8,174.89,174.8,174.8
2018-01-25T13:47:00Z,174.81,174.81,174.75,174.76
2018-01-25T13:48:00Z,174.69,174.75,174.69,174.72
2018-01-25T13:49:00Z,174.79,174.85,174.79,174.84
2018-01-25T13:50:00Z,174.88,174.89,174.8,174.83
2018-01-25T13:51:00Z,174.85,174.85,174.81,174.85
2018-01-25T13:52:00Z,174.85,174.89,174.85,174.89
2018-01-25T13:53:00Z,174.87,174.93,174.86,174.93
2018-01-25T13:54:00Z,174.95,174.95,174.95,174.95
2018-01-25T13:55:00Z,174.93,174.94,174.93,174.94
2018-01-25T13:56:00Z,174.95,174.95,174.95,174.95
2018-01-25T13:57:00Z,174.92,175,174.89,174.96
2018-01-25T13:58:00Z,174.97,174.98,174.88,174.93
2018-01-25T13:59:00Z,174.89,174.89,174.86,174.86
2018-01-25T14:00:00Z,174.93,174.94,174.93,174.94
2018-01-25T14:01:00Z,174.96,174.96,174.9,174.9
2018-01-25T14:02:00Z,174.92,174.94,174.92,174.94
2018-01-25T14:03:00Z,174.92,174.92,174.92,174.92
2018-01-25T14:04:00Z,174.86,174.95,174.86,174.95
2018-01-25T14:05:00Z,174.95,174.95,174.85,174.85
2018-01-25T14:06:00Z,174.85,174.85,174.85,174.85
2018-01-25T14:07:00Z,174.82,174.82,174.8,174.8
2018-01-25T14:08:00Z,174.8,174.85,174.8,174.85
2018-01-25T14:09:00Z,174.85,174.85,174.85,174.85
2018-01-25T14:10:00Z,174.85,174.85,174.85,174.85
2018-01-25T14:11:00Z,174.92,174.95,174.85,174.85
2018-01-25T14:12:00Z,174.85,174.9,174.85,174.9
2018-01-25T14:13:00Z,174.87,174.87,174.86,174.86
2018-01-25T14:14:00Z,174.86,174.95,174.86,174.87
2018-01-25T14:15:00Z,174.89,174.95,174.89,174.94
2018-01-25T14:16:00Z,174.87,174.9,174.87,174.9
2018-01-25T14:17:00Z,174.9,174.9,174.9,174.9
2018-01-25T14:18:00Z,174.9,174.9,174.85,174.85
2018-01-25T14:19:00Z,174.85,174.85,174.82,174.82
2018-01-25T14:20:00Z,174.81,174.9,174.81,174.9
2018-01-25T14:22:00Z,174.8,174.8,174.75,174.75
2018-01-25T14:23:00Z,174.75,174.75,174.71,174.71
2018-01-25T14:24:00Z,174.79,174.79,174.59,174.6
2018-01-25T14:25:00Z,174.6,174.6,174.55,174.55
2018-01-25T14:26:00Z,174.56,174.6,174.56,174.6
2018-01-25T14:27:00Z,174.6,174.7,174.58,174.7
2018-01-25T14:28:00Z,174.55,174.7,174.26,174.39
2018-01-25T14:29:00Z,174.41,174.51,174.27,174.27
2018-01-25T14:30:00Z,174.28,174.7,174.22,174.465
2018-01-25T14:31:00Z,174.5,174.565,174.03,174.125
2018-01-25T14:32:00Z,174.1189,174.14,173.76,174.05
2018-01-25T14:33:00Z,174.0552,174.4099,174.01,174.28
2018-01-25T14:34:00Z,174.2701,174.32,174.01,174.309
2018-01-25T14:35:00Z,174.318,174.54,174.27,174.45
2018-01-25T14:36:00Z,174.43,174.75,174.36,174.7
2018-01-25T14:37:00Z,174.71,174.93,174.71,174.87
2018-01-25T14:38:00Z,174.8601,174.95,174.73,174.82
2018-01-25T14:39:00Z,174.7706,174.87,174.53,174.61
2018-01-25T14:40:00Z,174.61,174.62,174.32,174.5
2018-01-25T14:41:00Z,174.49,174.59,174.46,174.55
2018-01-25T14:42:00Z,174.541,174.6822,174.46,174.61
2018-01-25T14:43:00Z,174.63,174.84,174.62,174.8
2018-01-25T14:44:00Z,174.78,174.83,174.46,174.46
2018-01-25T14:45:00Z,174.4682,174.59,174.43,174.55
2018-01-25T14:46:00Z,174.55,174.64,174.36,174.4
2018-01-25T14:47:00Z,174.395,174.43,174.32,174.35
2018-01-25T14:48:00Z,174.37,174.46,174.3,174.3667
2018-01-25T14:49:00Z,174.37,174.45,174.28,174.285
2018-01-25T14:50:00Z,174.29,174.3,173.73,173.88
2018-01-25T14:51:00Z,173.89,173.96,173.73,173.8
2018-01-25T14:52:00Z,173.78,173.88,173.72,173.795
2018-01-25T14:53:00Z,173.762,173.82,173.61,173.66
2018-01-25T14:54:00Z,173.6552,173.8,173.61,173.64
2018-01-25T14:55:00Z,173.65,173.65,173.275,173.2899
2018-01-25T14:56:00Z,173.29,173.3,172.47,172.76
2018-01-25T14:57:00Z,172.741,172.93,172.65,172.76
2018-01-25T14:58:00Z,172.805,172.934,172.76,172.84
2018-01-25T14:59:00Z,172.83,173.11,172.79,173.08
2018-01-25T15:00:00Z,173.1,173.12,172.73,172.9001
2018-01-25T15:01:00Z,172.94,173.3,172.9,173.2043
2018-01-25T15:02:00Z,173.19,173.21,172.9,173.08
2018-01-25T15:03:00Z,173.1085,173.15,172.9766,172.99
2018-01-25T15:04:00Z,172.9808,173.03,172.89,172.9073
2018-01-25T15:05:00Z,172.9,173,172.72,172.85
2018-01-25T15:06:00Z,172.82,172.85,172.59,172.74
2018-01-25T15:07:00Z,172.74,172.8579,172.68,172.79
2018-01-25T15:08:00Z,172.8,172.975,172.75,172.86
2018-01-25T15:09:00Z,172.88,172.95,172.69,172.69
2018-01-25T15:10:00Z,172.71,172.82,172.571,172.77
2018-01-25T15:11:00Z,172.7602,172.78,172.63,172.66
2018-01-25T15:12:00Z,172.67,172.72,172.58,172.65
2018-01-25T15:13:00Z,172.65,172.65,172.26,172.28
2018-01-25T15:14:00Z,172.26,172.57,172.26,172.46
2018-01-25T15:15:00Z,172.45,172.8,172.4,172.79
2018-01-25T15:16:00Z,172.79,173.05,172.76,172.9
2018-01-25T15:17:00Z,172.9,172.9,172.75,172.85
2018-01-25T15:18:00Z,172.84,172.97,172.84,172.9185
2018-01-25T15:19:00Z,172.91,172.94,172.81,172.93
2018-01-25T15:20:00Z,172.93,172.96,172.88,172.92
2018-01-25T15:21:00Z,172.93,173.05,172.8929,173.01
2018-01-25T15:22:00Z,173.0224,173.05,172.945,172.995
2018-01-25T15:23:00Z,172.9901,173,172.925,172.9807
2018-01-25T15:24:00Z,172.98,172.98,172.8699,172.895
2018-01-25T15:25:00Z,172.89,172.96,172.8,172.83
2018-01-25T15:26:00Z,172.85,172.9,172.79,172.7945
2018-01-25T15:27:00Z,172.795,172.8351,172.73,172.74
2018-01-25T15:28:00Z,172.7338,172.81,172.62,172.66
2018-01-25T15:29:00Z,172.65,172.82,172.58,172.82
2018-01-25T15:30:00Z,172.83,172.97,172.78,172.93
2018-01-25T15:31:00Z,172.9399,172.97,172.85,172.92
2018-01-25T15:32:00Z,172.91,172.94,172.74,172.79
2018-01-25T15:33:00Z,172.78,172.86,172.72,172.84
2018-01-25T15:34:00Z,172.856,173.25,172.855,173.2
2018-01-25T15:35:00Z,173.2,173.39,173.16,173.28
2018-01-25T15:36:00Z,173.33,173.42,173.23,173.39
2018-01-25T15:37:00Z,173.37,173.4,173.14,173.15
2018-01-25T15:38:00Z,173.16,173.22,173.14,173.18
2018-01-25T15:39:00Z,173.1766,173.1766,172.98,173.01
2018-01-25T15:40:00Z,172.99,173.1,172.91,173.1
2018-01-25T15:41:00Z,173.09,173.18,173,173.08
2018-01-25T15:42:00Z,173.09,173.13,172.96,172.97
2018-01-25T15:43:00Z,172.96,173.09,172.95,173.09
2018-01-25T15:44:00Z,173.1,173.17,172.97,173.05
2018-01-25T15:45:00Z,173.04,173.095,172.99,173.0062
2018-01-25T15:46:00Z,173.01,173.0235,172.8447,172.88
2018-01-25T15:47:00Z,172.8999,172.91,172.73,172.7538
2018-01-25T15:48:00Z,172.75,172.96,172.72,172.92
2018-01-25T15:49:00Z,172.92,172.99,172.865,172.97
2018-01-25T15:50:00Z,172.96,172.97,172.906,172.9466
2018-01-25T15:51:00Z,172.96,172.9791,172.851,172.855
2018-01-25T15:52:00Z,172.86,172.97,172.86,172.97
2018-01-25T15:53:00Z,172.96,173.06,172.96,172.99
2018-01-25T15:54:00Z,172.994,173.16,172.994,173.13
2018-01-25T15:55:00Z,173.1239,173.15,173.05,173.134
2018-01-25T15:56:00Z,173.135,173.18,173.0495,173.05
2018-01-25T15:57:00Z,173.05,173.09,173.02,173.05
2018-01-25T15:58:00Z,173.06,173.095,172.9801,173.045
2018-01-25T15:59:00Z,173.05,173.08,172.98,173.07
2018-01-25T16:00:00Z,173.075,173.08,172.975,173.0401
2018-01-25T16:01:00Z,173.045,173.2464,173.01,173.24
2018-01-25T16:02:00Z,173.24,173.31,173.155,173.18
2018-01-25T16:03:00Z,173.1762,173.255,173.1532,173.21
2018-01-25T16:04:00Z,173.2148,173.25,173.15,173.2
2018-01-25T16:05:00Z,173.195,173.32,173.195,173.32
2018-01-25T16:06:00Z,173.33,173.57,173.33,173.49
2018-01-25T16:07:00Z,173.4901,173.499,173.38,173.3905
2018-01-25T16:08:00Z,173.39,173.405,173.27,173.305
2018-01-25T16:09:00Z,173.3,173.3275,173.21,173.23
2018-01-25T16:10:00Z,173.22,173.25,173.17,173.21
2018-01-25T16:11:00Z,173.21,173.28,173.16,173.2299
2018-01-25T16:12:00Z,173.23,173.34,173.2262,173.33
2018-01-25T16:13:00Z,173.33,173.33,173.11,173.11
2018-01-25T16:14:00Z,173.11,173.2,173.08,173.13
2018-01-25T16:15:00Z,173.14,173.18,173.1099,173.12
2018-01-25T16:16:00Z,173.11,173.22,173.08,173.21
2018-01-25T16:17:00Z,173.21,173.24,173.1921,173.23
2018-01-25T16:18:00Z,173.22,173.27,173.19,173.22
2018-01-25T16:19:00Z,173.23,173.25,173.16,173.23
2018-01-25T16:20:00Z,173.22,173.25,173.17,173.1839
2018-01-25T16:21:00Z,173.1899,173.23,173.13,173.17
2018-01-25T16:22:00Z,173.17,173.18,173.05,173.07
2018-01-25T16:23:00Z,173.0799,173.11,173.0799,173.11
2018-01-25T16:24:00Z,173.11,173.19,173.08,173.18
2018-01-25T16:25:00Z,173.18,173.38,173.18,173.35
2018-01-25T16:26:00Z,173.34,173.42,173.22,173.23
2018-01-25T16:27:00Z,173.225,173.245,173.1543,173.1543
2018-01-25T16:28:00Z,173.16,173.35,173.1563,173.322
2018-01-25T16:29:00Z,173.33,173.34,173.27,173.3332
2018-01-25T16:30:00Z,173.335,173.48,173.33,173.4038
2018-01-25T16:31:00Z,173.4,173.41,173.34,173.41
2018-01-25T16:32:00Z,173.41,173.5,173.32,173.365
2018-01-25T16:33:00Z,173.37,173.3999,173.3,173.3501
2018-01-25T16:34:00Z,173.355,173.39,173.34,173.34
2018-01-25T16:35:00Z,173.35,173.45,173.3445,173.43
2018-01-25T16:36:00Z,173.4402,173.51,173.43,173.5099
2018-01-25T16:37:00Z,173.5,173.575,173.465,173.49
2018-01-25T16:38:00Z,173.5099,173.57,173.49,173.52
2018-01-25T16:39:00Z,173.5219,173.53,173.4399,173.495
2018-01-25T16:40:00Z,173.49,173.51,173.4,173.44
2018-01-25T16:41:00Z,173.44,173.455,173.4,173.43
2018-01-25T16:42:00Z,173.43,173.49,173.4,173.48
2018-01-25T16:43:00Z,173.485,173.51,173.415,173.44
2018-01-25T16:44:00Z,173.445,173.49,173.38,173.425
2018-01-25T16:45:00Z,173.43,173.49,173.42,173.44
2018-01-25T16:46:00Z,173.44,173.48,173.43,173.45
2018-01-25T16:47:00Z,173.44,173.49,173.43,173.49
2018-01-25T16:48:00Z,173.49,173.53,173.47,173.4877
2018-01-25T16:49:00Z,173.49,173.54,173.47,173.53
2018-01-25T16:50:00Z,173.52,173.52,173.455,173.48
2018-01-25T16:51:00Z,173.475,173.5,173.4538,173.485
2018-01-25T16:52:00Z,173.49,173.49,173.4101,173.4299
2018-01-25T16:53:00Z,173.42,173.43,173.3941,173.42
2018-01-25T16:54:00Z,173.4399,173.47,173.39,173.4505
2018-01-25T16:55:00Z,173.455,173.5,173.43,173.49
2018-01-25T16:56:00Z,173.51,173.53,173.45,173.51
2018-01-25T16:57:00Z,173.51,173.55,173.47,173.51
2018-01-25T16:58:00Z,173.5,173.57,173.475,173.53
2018-01-25T16:59:00Z,173.54,173.56,173.48,173.52
2018-01-25T17:00:00Z,173.52,173.54,173.43,173.46
2018-01-25T17:01:00Z,173.465,173.52,173.465,173.493
2018-01-25T17:02:00Z,173.5,173.57,173.485,173.51
2018-01-25T17:03:00Z,173.5,173.52,173.47,173.4776
2018-01-25T17:04:00Z,173.48,173.5215,173.47,173.4966
2018-01-25T17:05:00Z,173.49,173.55,173.46,173.53
2018-01-25T17:06:00Z,173.52,173.62,173.5,173.56
2018-01-25T17:07:00Z,173.57,173.59,173.5,173.5133
2018-01-25T17:08:00Z,173.51,173.57,173.49,173.55
2018-01-25T17:09:00Z,173.5559,173.58,173.54,173.56
2018-01-25T17:10:00Z,173.565,173.59,173.56,173.56
2018-01-25T17:11:00Z,173.56,173.63,173.54,173.5853
2018-01-25T17:12:00Z,173.58,173.6364,173.57,173.61
2018-01-25T17:13:00Z,173.62,173.62,173.55,173.57
2018-01-25T17:14:00Z,173.58,173.61,173.535,173.6
2018-01-25T17:15:00Z,173.6,173.6061,173.48,173.485
2018-01-25T17:16:00Z,173.485,173.55,173.47,173.5
2018-01-25T17:17:00Z,173.5099,173.7,173.48,173.64
2018-01-25T17:18:00Z,173.63,173.64,173.57,173.6
2018-01-25T17:19:00Z,173.6055,173.65,173.56,173.565
2018-01-25T17:20:00Z,173.565,173.61,173.51,173.52
2018-01-25T17:21:00Z,173.53,173.56,173.45,173.45
2018-01-25T17:22:00Z,173.45,173.45,173.3362,173.3362
2018-01-25T17:23:00Z,173.33,173.4,173.2556,173.3304
2018-01-25T17:24:00Z,173.33,173.38,173.27,173.28
2018-01-25T17:25:00Z,173.28,173.31,173.25,173.28
2018-01-25T17:26:00Z,173.2583,173.31,173.2,173.22
2018-01-25T17:27:00Z,173.23,173.3,173.21,173.24
2018-01-25T17:28:00Z,173.24,173.3,173.2,173.255
2018-01-25T17:29:00Z,173.26,173.2859,173.21,173.2466
2018-01-25T17:30:00Z,173.2468,173.2952,173.21,173.2725
2018-01-25T17:31:00Z,173.27,173.31,173.21,173.252
2018-01-25T17:32:00Z,173.25,173.25,172.98,173.03
2018-01-25T17:33:00Z,173.02,173.0845,172.985,173.01
2018-01-25T17:34:00Z,173.02,173.14,173.0133,173.105
2018-01-25T17:35:00Z,173.11,173.15,173.06,173.08
2018-01-25T17:36:00Z,173.09,173.15,173.07,173.125
2018-01-25T17:37:00Z,173.1277,173.17,173.07,173.16
2018-01-25T17:38:00Z,173.16,173.16,173,173.0095
2018-01-25T17:39:00Z,173.02,173.0699,172.97,172.97
2018-01-25T17:40:00Z,172.97,172.9786,172.88,172.92
2018-01-25T17:41:00Z,172.9162,172.98,172.83,172.9462
2018-01-25T17:42:00Z,172.9448,173,172.915,172.95
2018-01-25T17:43:00Z,172.9498,172.965,172.88,172.93
2018-01-25T17:44:00Z,172.93,172.935,172.87,172.8851
2018-01-25T17:45:00Z,172.89,172.97,172.85,172.94
2018-01-25T17:46:00Z,172.94,172.97,172.913,172.93
2018-01-25T17:47:00Z,172.94,172.97,172.93,172.94
2018-01-25T17:48:00Z,172.93,172.96,172.905,172.9248
2018-01-25T17:49:00Z,172.92,172.94,172.88,172.88
2018-01-25T17:50:00Z,172.89,172.9199,172.875,172.89
2018-01-25T17:51:00Z,172.8901,172.895,172.81,172.82
2018-01-25T17:52:00Z,172.8299,172.8699,172.74,172.745
2018-01-25T17:53:00Z,172.74,172.76,172.69,172.7
2018-01-25T17:54:00Z,172.7,172.72,172.66,172.715
2018-01-25T17:55:00Z,172.72,172.72,172.67,172.69
2018-01-25T17:56:00Z,172.68,172.8,172.68,172.73
2018-01-25T17:57:00Z,172.75,172.8,172.73,172.74
2018-01-25T17:58:00Z,172.74,172.75,172.68,172.7201
2018-01-25T17:59:00Z,172.72,172.72,172.64,172.64
2018-01-25T18:00:00Z,172.64,172.645,172.54,172.55
2018-01-25T18:01:00Z,172.56,172.58,172.51,172.58
2018-01-25T18:02:00Z,172.58,172.59,172.51,172.51
2018-01-25T18:03:00Z,172.51,172.51,172.35,172.35
2018-01-25T18:04:00Z,172.36,172.3728,172.3,172.3
2018-01-25T18:05:00Z,172.305,172.3299,172.255,172.3
2018-01-25T18:06:00Z,172.305,172.36,172.23,172.24
2018-01-25T18:07:00Z,172.25,172.34,172.15,172.335
2018-01-25T18:08:00Z,172.335,172.58,172.335,172.54
2018-01-25T18:09:00Z,172.531,172.61,172.51,172.555
2018-01-25T18:10:00Z,172.555,172.6,172.51,172.54
2018-01-25T18:11:00Z,172.5345,172.61,172.5298,172.605
2018-01-25T18:12:00Z,172.61,172.67,172.555,172.6
2018-01-25T18:13:00Z,172.59,172.68,172.59,172.66
2018-01-25T18:14:00Z,172.6662,172.7,172.65,172.7
2018-01-25T18:15:00Z,172.695,172.699,172.64,172.6553
2018-01-25T18:16:00Z,172.65,172.7,172.61,172.63
2018-01-25T18:17:00Z,172.63,172.75,172.6,172.72
2018-01-25T18:18:00Z,172.7238,172.75,172.66,172.6696
2018-01-25T18:19:00Z,172.67,172.78,172.64,172.78
2018-01-25T18:20:00Z,172.7862,172.79,172.71,172.71
2018-01-25T18:21:00Z,172.705,172.7886,172.68,172.72
2018-01-25T18:22:00Z,172.71,172.72,172.55,172.5762
2018-01-25T18:23:00Z,172.5701,172.6324,172.535,172.575
2018-01-25T18:24:00Z,172.57,172.63,172.57,172.615
2018-01-25T18:25:00Z,172.615,172.65,172.6,172.6
2018-01-25T18:26:00Z,172.59,172.59,172.47,172.51
2018-01-25T18:27:00Z,172.5048,172.5445,172.49,172.53
2018-01-25T18:28:00Z,172.54,172.59,172.5375,172.545
2018-01-25T18:29:00Z,172.56,172.585,172.5,172.5052
2018-01-25T18:30:00Z,172.51,172.52,172.48,172.49
2018-01-25T18:31:00Z,172.5,172.53,172.4764,172.5167
2018-01-25T18:32:00Z,172.515,172.5762,172.515,172.57
2018-01-25T18:33:00Z,172.57,172.57,172.44,172.5
2018-01-25T18:34:00Z,172.52,172.55,172.48,172.51
2018-01-25T18:35:00Z,172.51,172.51,172.43,172.47
2018-01-25T18:36:00Z,172.49,172.559,172.48,172.53
2018-01-25T18:37:00Z,172.52,172.6,172.5,172.58
2018-01-25T18:38:00Z,172.5754,172.6,172.53,172.555
2018-01-25T18:39:00Z,172.55,172.62,172.53,172.58
2018-01-25T18:40:00Z,172.575,172.62,172.56,172.59
2018-01-25T18:41:00Z,172.5833,172.64,172.57,172.6001
2018-01-25T18:42:00Z,172.6,172.64,172.52,172.54
2018-01-25T18:43:00Z,172.54,172.6,172.53,172.59
2018-01-25T18:44:00Z,172.59,172.6,172.53,172.56
2018-01-25T18:45:00Z,172.5596,172.57,172.525,172.53
2018-01-25T18:46:00Z,172.53,172.54,172.4536,172.5
2018-01-25T18:47:00Z,172.5,172.51,172.4,172.415
2018-01-25T18:48:00Z,172.4121,172.4452,172.34,172.375
2018-01-25T18:49:00Z,172.374,172.3934,172.3,172.3195
2018-01-25T18:50:00Z,172.33,172.37,172.31,172.33
2018-01-25T18:51:00Z,172.3395,172.39,172.29,172.33
2018-01-25T18:52:00Z,172.335,172.38,172.3,172.3551
2018-01-25T18:53:00Z,172.35,172.39,172.325,172.36
2018-01-25T18:54:00Z,172.3589,172.4,172.34,172.39
2018-01-25T18:55:00Z,172.395,172.4,172.32,172.3299
2018-01-25T18:56:00Z,172.32,172.335,172.285,172.3
2018-01-25T18:57:00Z,172.31,172.32,172.3,172.315
2018-01-25T18:58:00Z,172.305,172.32,172.3,172.305
2018-01-25T18:59:00Z,172.305,172.34,172.3,172.34
2018-01-25T19:00:00Z,172.35,172.35,172.23,172.23
2018-01-25T19:01:00Z,172.23,172.24,172.06,172.0907
2018-01-25T19:02:00Z,172.08,172.12,172.06,172.06
2018-01-25T19:03:00Z,172.065,172.1,172.05,172.06
2018-01-25T19:04:00Z,172.06,172.105,172.05,172.07
2018-01-25T19:05:00Z,172.075,172.089,172.05,172.07
2018-01-25T19:06:00Z,172.065,172.1,172.05,172.075
2018-01-25T19:07:00Z,172.075,172.11,172.07,172.1
2018-01-25T19:08:00Z,172.1,172.11,172.05,172.075
2018-01-25T19:09:00Z,172.08,172.09,172.01,172.015
2018-01-25T19:10:00Z,172.015,172.04,171.71,171.81
2018-01-25T19:11:00Z,171.82,171.83,171.61,171.6626
2018-01-25T19:12:00Z,171.6606,171.67,171.5,171.53
2018-01-25T19:13:00Z,171.5379,171.5379,171.38,171.48
2018-01-25T19:14:00Z,171.48,171.5699,171.4015,171.52
2018-01-25T19:15:00Z,171.5176,171.62,171.48,171.53
2018-01-25T19:16:00Z,171.53,171.69,171.51,171.67
2018-01-25T19:17:00Z,171.67,171.69,171.49,171.66
2018-01-25T19:18:00Z,171.665,171.78,171.66,171.77
2018-01-25T19:19:00Z,171.78,171.86,171.74,171.84
2018-01-25T19:20:00Z,171.84,171.84,171.68,171.695
2018-01-25T19:21:00Z,171.6825,171.69,171.61,171.645
2018-01-25T19:22:00Z,171.65,171.72,171.56,171.66
2018-01-25T19:23:00Z,171.6712,171.72,171.61,171.6143
2018-01-25T19:24:00Z,171.6,171.68,171.52,171.52
2018-01-25T19:25:00Z,171.52,171.5922,171.49,171.54
2018-01-25T19:26:00Z,171.54,171.58,171.5,171.57
2018-01-25T19:27:00Z,171.58,171.615,171.57,171.6
2018-01-25T19:28:00Z,171.6,171.61,171.55,171.585
2018-01-25T19:29:00Z,171.59,171.62,171.54,171.55
2018-01-25T19:30:00Z,171.56,171.6,171.46,171.52
2018-01-25T19:31:00Z,171.5172,171.54,171.45,171.48
2018-01-25T19:32:00Z,171.48,171.49,171.42,171.46
2018-01-25T19:33:00Z,171.4515,171.48,171.4,171.416
2018-01-25T19:34:00Z,171.41,171.44,171.32,171.33
2018-01-25T19:35:00Z,171.32,171.36,171.25,171.29
2018-01-25T19:36:00Z,171.3,171.32,171.12,171.1885
2018-01-25T19:37:00Z,171.185,171.22,171.1358,171.14
2018-01-25T19:38:00Z,171.15,171.2,170.9,171.07
2018-01-25T19:39:00Z,171.08,171.1402,170.99,171
2018-01-25T19:40:00Z,171,171.02,170.9,170.925
2018-01-25T19:41:00Z,170.92,170.95,170.78,170.88
2018-01-25T19:42:00Z,170.8734,171,170.81,170.9165
2018-01-25T19:43:00Z,170.92,171.19,170.88,171.1764
2018-01-25T19:44:00Z,171.18,171.26,171.1776,171.24
2018-01-25T19:45:00Z,171.24,171.265,171.105,171.155
2018-01-25T19:46:00Z,171.1507,171.21,171.05,171.095
2018-01-25T19:47:00Z,171.12,171.14,170.96,170.99
2018-01-25T19:48:00Z,170.99,171.025,170.845,170.9295
2018-01-25T19:49:00Z,170.94,171.07,170.925,171.035
2018-01-25T19:50:00Z,171.0393,171.13,171.005,171.08
2018-01-25T19:51:00Z,171.09,171.1,170.87,171.02
2018-01-25T19:52:00Z,171.021,171.04,170.9424,171.0169
2018-01-25T19:53:00Z,171.0101,171.09,170.97,170.973
2018-01-25T19:54:00Z,170.97,171.23,170.96,171.205
2018-01-25T19:55:00Z,171.2019,171.32,171.18,171.32
2018-01-25T19:56:00Z,171.31,171.44,171.28,171.395
2018-01-25T19:57:00Z,171.4,171.4101,171.34,171.375
2018-01-25T19:58:00Z,171.37,171.3985,171.25,171.34
2018-01-25T19:59:00Z,171.33,171.335,171.17,171.21
