2018-03-12T13:30:00Z,180.36,180.7,180.21,180.47
2018-03-12T13:31:00Z,180.47,180.55,180.26,180.39
2018-03-12T13:32:00Z,180.391,180.44,180.23,180.31
2018-03-12T13:33:00Z,180.36,180.6,180.28,180.53
2018-03-12T13:34:00Z,180.5405,180.73,180.49,180.51
2018-03-12T13:35:00Z,180.5088,180.7,180.5,180.64
2018-03-12T13:36:00Z,180.645,180.86,180.64,180.835
2018-03-12T13:37:00Z,180.84,181.1,180.82,181.01
2018-03-12T13:38:00Z,181.01,181.06,180.875,180.98
2018-03-12T13:39:00Z,180.96,181.18,180.95,181.105
2018-03-12T13:40:00Z,181.106,181.2398,181.0889,181.16
2018-03-12T13:41:00Z,181.16,181.465,181.16,181.465
2018-03-12T13:42:00Z,181.465,181.55,181.36,181.36
2018-03-12T13:43:00Z,181.36,181.5,181.32,181.461
2018-03-12T13:44:00Z,181.48,181.66,181.48,181.65
2018-03-12T13:45:00Z,181.65,181.9,181.62,181.82
2018-03-12T13:46:00Z,181.82,181.9,181.78,181.881
2018-03-12T13:47:00Z,181.87,181.92,181.65,181.699
2018-03-12T13:48:00Z,181.69,181.79,181.69,181.78
2018-03-12T13:49:00Z,181.77,181.86,181.75,181.85
2018-03-12T13:50:00Z,181.84,181.92,181.8,181.88
2018-03-12T13:51:00Z,181.86,181.87,181.72,181.73
2018-03-12T13:52:00Z,181.75,181.84,181.68,181.7401
2018-03-12T13:53:00Z,181.76,181.8,181.51,181.63
2018-03-12T13:54:00Z,181.62,181.74,181.6,181.68
2018-03-12T13:55:00Z,181.68,181.68,181.37,181.39
2018-03-12T13:56:00Z,181.4,181.53,181.39,181.5
2018-03-12T13:57:00Z,181.51,181.52,181.24,181.3
2018-03-12T13:58:00Z,181.3,181.4198,181.188,181.26
2018-03-12T13:59:00Z,181.25,181.47,181.2,181.39
2018-03-12T14:00:00Z,181.4,181.56,181.39,181.54
2018-03-12T14:01:00Z,181.54,181.72,181.5277,181.72
2018-03-12T14:02:00Z,181.702,181.75,181.65,181.72
2018-03-12T14:03:00Z,181.715,181.75,181.66,181.73
2018-03-12T14:04:00Z,181.72,182,181.7,181.81
2018-03-12T14:05:00Z,181.8101,181.93,181.73,181.91
2018-03-12T14:06:00Z,181.92,182,181.9,181.99
2018-03-12T14:07:00Z,181.98,182,181.9107,181.95
2018-03-12T14:08:00Z,181.95,182,181.7,181.7
2018-03-12T14:09:00Z,181.72,181.73,181.55,181.66
2018-03-12T14:10:00Z,181.67,181.73,181.59,181.7
2018-03-12T14:11:00Z,181.72,181.79,181.66,181.73
2018-03-12T14:12:00Z,181.72,181.77,181.61,181.686
2018-03-12T14:13:00Z,181.685,181.76,181.68,181.7
2018-03-12T14:14:00Z,181.69,181.8051,181.69,181.71
2018-03-12T14:15:00Z,181.72,181.89,181.68,181.88
2018-03-12T14:16:00Z,181.865,181.94,181.84,181.925
2018-03-12T14:17:00Z,181.93,181.94,181.81,181.89
2018-03-12T14:18:00Z,181.9,181.91,181.71,181.7453
2018-03-12T14:19:00Z,181.75,181.85,181.75,181.85
2018-03-12T14:20:00Z,181.85,181.92,181.79,181.91
2018-03-12T14:21:00Z,181.89,181.92,181.8361,181.913
2018-03-12T14:22:00Z,181.9134,181.93,181.85,181.89
2018-03-12T14:23:00Z,181.89,181.94,181.85,181.87
2018-03-12T14:24:00Z,181.86,181.88,181.74,181.78
2018-03-12T14:25:00Z,181.7738,181.87,181.77,181.825
2018-03-12T14:26:00Z,181.825,181.93,181.82,181.9
2018-03-12T14:27:00Z,181.9,181.92,181.84,181.875
2018-03-12T14:28:00Z,181.85,181.87,181.79,181.795
2018-03-12T14:29:00Z,181.8062,181.86,181.75,181.86
2018-03-12T14:30:00Z,181.86,181.865,181.7,181.755
2018-03-12T14:31:00Z,181.75,181.85,181.7101,181.8252
2018-03-12T14:32:00Z,181.825,181.97,181.825,181.92
2018-03-12T14:33:00Z,181.92,181.96,181.86,181.91
2018-03-12T14:34:00Z,181.93,181.96,181.9,181.94
2018-03-12T14:35:00Z,181.95,181.95,181.8102,181.835
2018-03-12T14:36:00Z,181.835,181.87,181.81,181.825
2018-03-12T14:37:00Z,181.83,181.94,181.83,181.895
2018-03-12T14:38:00Z,181.9015,181.925,181.86,181.87
2018-03-12T14:39:00Z,181.8775,181.89,181.79,181.87
2018-03-12T14:40:00Z,181.87,181.91,181.81,181.82
2018-03-12T14:41:00Z,181.82,181.87,181.78,181.86
2018-03-12T14:42:00Z,181.86,181.9,181.75,181.8
2018-03-12T14:43:00Z,181.8,181.86,181.78,181.855
2018-03-12T14:44:00Z,181.8599,181.93,181.85,181.924
2018-03-12T14:45:00Z,181.91,181.98,181.9,181.97
2018-03-12T14:46:00Z,181.97,182,181.95,181.965
2018-03-12T14:47:00Z,181.965,182,181.96,181.9743
2018-03-12T14:48:00Z,181.9624,182,181.92,181.98
2018-03-12T14:49:00Z,181.98,182,181.9,181.995
2018-03-12T14:50:00Z,181.99,182.17,181.98,182.115
2018-03-12T14:51:00Z,182.1185,182.2,182.1,182.1999
2018-03-12T14:52:00Z,182.19,182.19,181.83,181.87
2018-03-12T14:53:00Z,181.88,181.95,181.73,181.81
2018-03-12T14:54:00Z,181.81,181.81,181.59,181.7943
2018-03-12T14:55:00Z,181.8,181.809,181.69,181.6948
2018-03-12T14:56:00Z,181.6952,181.76,181.67,181.7244
2018-03-12T14:57:00Z,181.74,181.75,181.63,181.718
2018-03-12T14:58:00Z,181.71,181.78,181.58,181.66
2018-03-12T14:59:00Z,181.66,181.66,181.58,181.59
2018-03-12T15:00:00Z,181.6,181.73,181.58,181.7197
2018-03-12T15:01:00Z,181.72,181.8,181.7,181.73
2018-03-12T15:02:00Z,181.73,181.84,181.73,181.78
2018-03-12T15:03:00Z,181.78,181.82,181.7205,181.79
2018-03-12T15:04:00Z,181.8,181.88,181.78,181.79
2018-03-12T15:05:00Z,181.79,181.79,181.63,181.63
2018-03-12T15:06:00Z,181.62,181.76,181.6052,181.65
2018-03-12T15:07:00Z,181.66,181.74,181.61,181.62
2018-03-12T15:08:00Z,181.62,181.64,181.52,181.5401
2018-03-12T15:09:00Z,181.54,181.54,181.43,181.49
2018-03-12T15:10:00Z,181.49,181.6,181.48,181.55
2018-03-12T15:11:00Z,181.55,181.6,181.52,181.521
2018-03-12T15:12:00Z,181.5304,181.58,181.5001,181.5098
2018-03-12T15:13:00Z,181.52,181.52,181.41,181.46
2018-03-12T15:14:00Z,181.4475,181.47,181.41,181.4252
2018-03-12T15:15:00Z,181.42,181.48,181.33,181.37
2018-03-12T15:16:00Z,181.3601,181.44,181.27,181.383
2018-03-12T15:17:00Z,181.38,181.38,181.18,181.2501
2018-03-12T15:18:00Z,181.2565,181.29,181.21,181.2452
2018-03-12T15:19:00Z,181.24,181.34,181.19,181.325
2018-03-12T15:20:00Z,181.33,181.4567,181.315,181.45
2018-03-12T15:21:00Z,181.45,181.45,181.39,181.43
2018-03-12T15:22:00Z,181.44,181.46,181.3178,181.365
2018-03-12T15:23:00Z,181.36,181.44,181.352,181.42
2018-03-12T15:24:00Z,181.43,181.43,181.3248,181.35
2018-03-12T15:25:00Z,181.34,181.38,181.31,181.36
2018-03-12T15:26:00Z,181.3699,181.43,181.27,181.2852
2018-03-12T15:27:00Z,181.285,181.32,181.19,181.22
2018-03-12T15:28:00Z,181.22,181.28,181.175,181.21
2018-03-12T15:29:00Z,181.2,181.2,180.88,181
2018-03-12T15:30:00Z,181.01,181.196,180.99,181.1899
2018-03-12T15:31:00Z,181.1899,181.2575,181.18,181.25
2018-03-12T15:32:00Z,181.24,181.29,181.21,181.27
2018-03-12T15:33:00Z,181.24,181.31,181.19,181.2986
2018-03-12T15:34:00Z,181.29,181.37,181.24,181.322
2018-03-12T15:35:00Z,181.32,181.33,181.27,181.32
2018-03-12T15:36:00Z,181.32,181.42,181.25,181.32
2018-03-12T15:37:00Z,181.34,181.36,181.22,181.3525
2018-03-12T15:38:00Z,181.3401,181.41,181.33,181.39
2018-03-12T15:39:00Z,181.39,181.46,181.365,181.455
2018-03-12T15:40:00Z,181.45,181.58,181.45,181.535
2018-03-12T15:41:00Z,181.525,181.64,181.51,181.5801
2018-03-12T15:42:00Z,181.58,181.59,181.51,181.52
2018-03-12T15:43:00Z,181.515,181.59,181.5,181.57
2018-03-12T15:44:00Z,181.5601,181.68,181.5601,181.68
2018-03-12T15:45:00Z,181.69,181.75,181.6765,181.705
2018-03-12T15:46:00Z,181.7,181.73,181.65,181.6548
2018-03-12T15:47:00Z,181.6699,181.68,181.62,181.68
2018-03-12T15:48:00Z,181.68,181.75,181.58,181.58
2018-03-12T15:49:00Z,181.5762,181.71,181.57,181.6986
2018-03-12T15:50:00Z,181.6924,181.72,181.64,181.66
2018-03-12T15:51:00Z,181.67,181.675,181.51,181.5101
2018-03-12T15:52:00Z,181.51,181.72,181.5,181.72
2018-03-12T15:53:00Z,181.71,181.82,181.65,181.81
2018-03-12T15:54:00Z,181.8,181.85,181.77,181.83
2018-03-12T15:55:00Z,181.81,181.8593,181.8,181.85
2018-03-12T15:56:00Z,181.86,181.88,181.82,181.84
2018-03-12T15:57:00Z,181.84,181.85,181.8,181.8128
2018-03-12T15:58:00Z,181.81,181.86,181.79,181.82
2018-03-12T15:59:00Z,181.815,181.8848,181.8,181.8848
2018-03-12T16:00:00Z,181.885,181.98,181.885,181.96
2018-03-12T16:01:00Z,181.9599,181.98,181.93,181.96
2018-03-12T16:02:00Z,181.97,181.98,181.9238,181.9452
2018-03-12T16:03:00Z,181.95,181.985,181.93,181.98
2018-03-12T16:04:00Z,181.985,182,181.935,181.98
2018-03-12T16:05:00Z,181.975,182,181.8401,181.865
2018-03-12T16:06:00Z,181.86,181.9,181.86,181.885
2018-03-12T16:07:00Z,181.88,181.94,181.87,181.92
2018-03-12T16:08:00Z,181.9199,181.97,181.8929,181.961
2018-03-12T16:09:00Z,181.97,181.99,181.94,181.9583
2018-03-12T16:10:00Z,181.97,181.97,181.865,181.945
2018-03-12T16:11:00Z,181.93,181.99,181.93,181.94
2018-03-12T16:12:00Z,181.93,181.95,181.87,181.875
2018-03-12T16:13:00Z,181.8734,181.98,181.87,181.98
2018-03-12T16:14:00Z,181.98,182.03,181.95,182.02
2018-03-12T16:15:00Z,182.01,182.03,181.974,182.02
2018-03-12T16:16:00Z,182.02,182.03,181.97,182.01
2018-03-12T16:17:00Z,182.01,182.03,181.96,181.97
2018-03-12T16:18:00Z,181.965,182.05,181.965,182.005
2018-03-12T16:19:00Z,182.01,182.08,181.9748,182.03
2018-03-12T16:20:00Z,182.02,182.0399,181.96,182.01
2018-03-12T16:21:00Z,182.02,182.04,181.88,181.88
2018-03-12T16:22:00Z,181.88,181.88,181.819,181.85
2018-03-12T16:23:00Z,181.86,181.9,181.81,181.8596
2018-03-12T16:24:00Z,181.86,181.98,181.82,181.93
2018-03-12T16:25:00Z,181.94,182,181.84,181.86
2018-03-12T16:26:00Z,181.87,181.97,181.86,181.93
2018-03-12T16:27:00Z,181.938,181.95,181.85,181.908
2018-03-12T16:28:00Z,181.92,181.96,181.89,181.9301
2018-03-12T16:29:00Z,181.9342,182,181.9,181.95
2018-03-12T16:30:00Z,181.95,181.98,181.89,181.9509
2018-03-12T16:31:00Z,181.96,182,181.87,181.87
2018-03-12T16:32:00Z,181.87,181.92,181.85,181.88
2018-03-12T16:33:00Z,181.88,181.8832,181.84,181.85
2018-03-12T16:34:00Z,181.86,181.94,181.82,181.93
2018-03-12T16:35:00Z,181.935,181.96,181.72,181.72
2018-03-12T16:36:00Z,181.734,181.8,181.72,181.75
2018-03-12T16:37:00Z,181.75,181.82,181.71,181.7163
2018-03-12T16:38:00Z,181.71,181.7846,181.69,181.77
2018-03-12T16:39:00Z,181.76,181.77,181.71,181.746
2018-03-12T16:40:00Z,181.76,181.84,181.76,181.831
2018-03-12T16:41:00Z,181.84,181.87,181.8,181.825
2018-03-12T16:42:00Z,181.825,181.86,181.77,181.78
2018-03-12T16:43:00Z,181.79,181.8,181.67,181.67
2018-03-12T16:44:00Z,181.67,181.75,181.65,181.73
2018-03-12T16:45:00Z,181.7341,181.795,181.7,181.795
2018-03-12T16:46:00Z,181.8,181.84,181.79,181.79
2018-03-12T16:47:00Z,181.8,181.85,181.8,181.84
2018-03-12T16:48:00Z,181.83,181.85,181.8,181.81
2018-03-12T16:49:00Z,181.815,181.8305,181.7212,181.734
2018-03-12T16:50:00Z,181.738,181.8,181.72,181.7848
2018-03-12T16:51:00Z,181.79,181.8,181.73,181.735
2018-03-12T16:52:00Z,181.74,181.8,181.74,181.745
2018-03-12T16:53:00Z,181.745,181.7841,181.71,181.78
2018-03-12T16:54:00Z,181.7701,181.816,181.76,181.77
2018-03-12T16:55:00Z,181.7742,181.86,181.765,181.84
2018-03-12T16:56:00Z,181.83,181.85,181.815,181.83
2018-03-12T16:57:00Z,181.83,181.83,181.71,181.72
2018-03-12T16:58:00Z,181.72,181.76,181.7,181.73
2018-03-12T16:59:00Z,181.74,181.8,181.74,181.75
2018-03-12T17:00:00Z,181.75,181.8,181.7323,181.7323
2018-03-12T17:01:00Z,181.73,181.785,181.73,181.772
2018-03-12T17:02:00Z,181.7601,181.89,181.7601,181.87
2018-03-12T17:03:00Z,181.88,181.89,181.85,181.86
2018-03-12T17:04:00Z,181.87,181.93,181.8601,181.9
2018-03-12T17:05:00Z,181.89,181.99,181.88,181.946
2018-03-12T17:06:00Z,181.93,181.98,181.91,181.925
2018-03-12T17:07:00Z,181.93,182.01,181.93,181.975
2018-03-12T17:08:00Z,181.98,182.01,181.92,181.9201
2018-03-12T17:09:00Z,181.92,181.9899,181.92,181.96
2018-03-12T17:10:00Z,181.9507,182.05,181.93,182.04
2018-03-12T17:11:00Z,182.035,182.0498,181.99,182.03
2018-03-12T17:12:00Z,182.035,182.07,181.98,182.02
2018-03-12T17:13:00Z,182.02,182.08,182.02,182.07
2018-03-12T17:14:00Z,182.08,182.1,182.05,182.1
2018-03-12T17:15:00Z,182.09,182.1,182.03,182.0868
2018-03-12T17:16:00Z,182.09,182.1,182.05,182.0752
2018-03-12T17:17:00Z,182.07,182.12,181.97,181.99
2018-03-12T17:18:00Z,181.9904,182.03,181.98,181.99
2018-03-12T17:19:00Z,181.99,182.06,181.94,181.97
2018-03-12T17:20:00Z,181.9569,181.9615,181.88,181.91
2018-03-12T17:21:00Z,181.9,181.98,181.9,181.98
2018-03-12T17:22:00Z,181.9701,182.0131,181.97,181.98
2018-03-12T17:23:00Z,181.985,181.99,181.94,181.95
2018-03-12T17:24:00Z,181.945,182,181.93,182
2018-03-12T17:25:00Z,181.99,182.06,181.99,182.059
2018-03-12T17:26:00Z,182.06,182.07,182.0224,182.03
2018-03-12T17:27:00Z,182.0301,182.0595,182,182
2018-03-12T17:28:00Z,182,182.08,182,182.07
2018-03-12T17:29:00Z,182.07,182.07,182.02,182.0278
2018-03-12T17:30:00Z,182.0265,182.0265,181.92,181.99
2018-03-12T17:31:00Z,182,182.03,181.98,181.98
2018-03-12T17:32:00Z,181.99,182.0499,181.9842,182.0213
2018-03-12T17:33:00Z,182.02,182.08,181.98,182.0701
2018-03-12T17:34:00Z,182.07,182.076,182.04,182.055
2018-03-12T17:35:00Z,182.06,182.0899,182.04,182.0899
2018-03-12T17:36:00Z,182.08,182.101,182.06,182.1
2018-03-12T17:37:00Z,182.09,182.15,182.09,182.14
2018-03-12T17:38:00Z,182.1363,182.15,182.12,182.13
2018-03-12T17:39:00Z,182.12,182.18,182.11,182.174
2018-03-12T17:40:00Z,182.17,182.18,182.08,182.0962
2018-03-12T17:41:00Z,182.09,182.0962,182.04,182.045
2018-03-12T17:42:00Z,182.04,182.04,181.9,181.91
2018-03-12T17:43:00Z,181.9145,181.96,181.86,181.875
2018-03-12T17:44:00Z,181.8638,181.94,181.85,181.9234
2018-03-12T17:45:00Z,181.93,181.97,181.9196,181.94
2018-03-12T17:46:00Z,181.94,181.98,181.93,181.93
2018-03-12T17:47:00Z,181.94,181.96,181.905,181.93
2018-03-12T17:48:00Z,181.9348,182.0497,181.9,182.0497
2018-03-12T17:49:00Z,182.04,182.07,182,182.055
2018-03-12T17:50:00Z,182.05,182.0834,181.98,182.01
2018-03-12T17:51:00Z,182.02,182.02,181.94,181.9589
2018-03-12T17:52:00Z,181.95,181.97,181.88,181.897
2018-03-12T17:53:00Z,181.89,181.8999,181.82,181.8243
2018-03-12T17:54:00Z,181.825,181.825,181.75,181.78
2018-03-12T17:55:00Z,181.77,181.83,181.75,181.76
2018-03-12T17:56:00Z,181.77,181.86,181.7634,181.8
2018-03-12T17:57:00Z,181.81,181.81,181.7448,181.7448
2018-03-12T17:58:00Z,181.74,181.76,181.6078,181.66
2018-03-12T17:59:00Z,181.67,181.69,181.64,181.65
2018-03-12T18:00:00Z,181.6656,181.69,181.64,181.67
2018-03-12T18:01:00Z,181.67,181.72,181.6696,181.7
2018-03-12T18:02:00Z,181.7,181.78,181.69,181.78
2018-03-12T18:03:00Z,181.7655,181.7655,181.72,181.74
2018-03-12T18:04:00Z,181.76,181.8,181.73,181.76
2018-03-12T18:05:00Z,181.75,181.75,181.56,181.5601
2018-03-12T18:06:00Z,181.57,181.67,181.57,181.65
2018-03-12T18:07:00Z,181.646,181.74,181.64,181.64
2018-03-12T18:08:00Z,181.65,181.73,181.62,181.63
2018-03-12T18:09:00Z,181.65,181.65,181.55,181.56
2018-03-12T18:10:00Z,181.57,181.57,181.3,181.37
2018-03-12T18:11:00Z,181.39,181.47,181.38,181.4498
2018-03-12T18:12:00Z,181.44,181.45,181.19,181.25
2018-03-12T18:13:00Z,181.25,181.28,181.21,181.21
2018-03-12T18:14:00Z,181.23,181.23,181.065,181.065
2018-03-12T18:15:00Z,181.065,181.16,181.06,181.1224
2018-03-12T18:16:00Z,181.1222,181.18,181.1,181.1296
2018-03-12T18:17:00Z,181.11,181.2,181.11,181.13
2018-03-12T18:18:00Z,181.13,181.2,181.12,181.185
2018-03-12T18:19:00Z,181.19,181.24,181.17,181.24
2018-03-12T18:20:00Z,181.23,181.33,181.23,181.299
2018-03-12T18:21:00Z,181.29,181.33,181.23,181.235
2018-03-12T18:22:00Z,181.23,181.25,181.14,181.1585
2018-03-12T18:23:00Z,181.1619,181.27,181.15,181.2635
2018-03-12T18:24:00Z,181.27,181.4,181.27,181.37
2018-03-12T18:25:00Z,181.38,181.43,181.35,181.412
2018-03-12T18:26:00Z,181.41,181.53,181.41,181.51
2018-03-12T18:27:00Z,181.51,181.5701,181.5,181.51
2018-03-12T18:28:00Z,181.51,181.5658,181.46,181.5
2018-03-12T18:29:00Z,181.47,181.55,181.47,181.5191
2018-03-12T18:30:00Z,181.51,181.575,181.5,181.575
2018-03-12T18:31:00Z,181.58,181.6,181.56,181.56
2018-03-12T18:32:00Z,181.55,181.55,181.39,181.4476
2018-03-12T18:33:00Z,181.45,181.53,181.42,181.45
2018-03-12T18:34:00Z,181.45,181.51,181.372,181.5
2018-03-12T18:35:00Z,181.495,181.51,181.44,181.5
2018-03-12T18:36:00Z,181.5,181.55,181.47,181.5
2018-03-12T18:37:00Z,181.5,181.56,181.4,181.41
2018-03-12T18:38:00Z,181.42,181.42,181.27,181.36
2018-03-12T18:39:00Z,181.36,181.48,181.36,181.48
2018-03-12T18:40:00Z,181.49,181.5,181.42,181.47
2018-03-12T18:41:00Z,181.4601,181.48,181.4,181.41
2018-03-12T18:42:00Z,181.41,181.41,181.25,181.27
2018-03-12T18:43:00Z,181.28,181.38,181.16,181.19
2018-03-12T18:44:00Z,181.2,181.32,181.13,181.32
2018-03-12T18:45:00Z,181.32,181.32,181.2327,181.25
2018-03-12T18:46:00Z,181.25,181.36,181.24,181.33
2018-03-12T18:47:00Z,181.33,181.38,181.32,181.3248
2018-03-12T18:48:00Z,181.33,181.42,181.32,181.38
2018-03-12T18:49:00Z,181.37,181.38,181.3,181.3656
2018-03-12T18:50:00Z,181.36,181.48,181.34,181.34
2018-03-12T18:51:00Z,181.34,181.43,181.3099,181.4
2018-03-12T18:52:00Z,181.41,181.48,181.41,181.45
2018-03-12T18:53:00Z,181.45,181.58,181.45,181.56
2018-03-12T18:54:00Z,181.57,181.57,181.48,181.54
2018-03-12T18:55:00Z,181.53,181.615,181.53,181.58
2018-03-12T18:56:00Z,181.59,181.66,181.555,181.6
2018-03-12T18:57:00Z,181.6,181.6,181.44,181.4501
2018-03-12T18:58:00Z,181.46,181.64,181.46,181.615
2018-03-12T18:59:00Z,181.62,181.71,181.62,181.7051
2018-03-12T19:00:00Z,181.7001,181.87,181.69,181.75
2018-03-12T19:01:00Z,181.745,181.77,181.66,181.6901
2018-03-12T19:02:00Z,181.7,181.8,181.6175,181.67
2018-03-12T19:03:00Z,181.68,181.68,181.59,181.63
2018-03-12T19:04:00Z,181.64,181.67,181.54,181.67
2018-03-12T19:05:00Z,181.67,181.7,181.5995,181.68
2018-03-12T19:06:00Z,181.69,181.775,181.68,181.7581
2018-03-12T19:07:00Z,181.7602,181.8,181.7,181.795
2018-03-12T19:08:00Z,181.795,181.8,181.661,181.68
2018-03-12T19:09:00Z,181.68,181.8,181.68,181.78
2018-03-12T19:10:00Z,181.78,181.79,181.75,181.76
2018-03-12T19:11:00Z,181.76,181.8511,181.76,181.84
2018-03-12T19:12:00Z,181.84,181.8487,181.76,181.78
2018-03-12T19:13:00Z,181.79,181.85,181.78,181.8
2018-03-12T19:14:00Z,181.8,181.82,181.76,181.77
2018-03-12T19:15:00Z,181.77,181.81,181.69,181.7449
2018-03-12T19:16:00Z,181.75,181.79,181.73,181.78
2018-03-12T19:17:00Z,181.7766,181.9,181.7766,181.88
2018-03-12T19:18:00Z,181.88,181.91,181.855,181.89
2018-03-12T19:19:00Z,181.9,181.95,181.86,181.881
2018-03-12T19:20:00Z,181.88,181.89,181.81,181.8668
2018-03-12T19:21:00Z,181.88,181.98,181.85,181.9051
2018-03-12T19:22:00Z,181.9048,181.97,181.9048,181.945
2018-03-12T19:23:00Z,181.95,181.96,181.83,181.89
2018-03-12T19:24:00Z,181.89,181.99,181.8833,181.96
2018-03-12T19:25:00Z,181.9676,181.98,181.93,181.98
2018-03-12T19:26:00Z,181.97,181.97,181.93,181.9392
2018-03-12T19:27:00Z,181.9369,181.94,181.87,181.9
2018-03-12T19:28:00Z,181.9,181.99,181.88,181.94
2018-03-12T19:29:00Z,181.944,181.98,181.88,181.89
2018-03-12T19:30:00Z,181.89,182.02,181.87,181.98
2018-03-12T19:31:00Z,181.97,182.01,181.92,181.97
2018-03-12T19:32:00Z,181.97,182.04,181.94,182.01
2018-03-12T19:33:00Z,182.01,182.07,182,182.06
2018-03-12T19:34:00Z,182.05,182.09,182,182.08
2018-03-12T19:35:00Z,182.08,182.08,181.98,182.0059
2018-03-12T19:36:00Z,182,182.05,181.92,182.0052
2018-03-12T19:37:00Z,182,182.06,181.96,182.05
2018-03-12T19:38:00Z,182.055,182.1,182.01,182.09
2018-03-12T19:39:00Z,182.08,182.15,182.07,182.135
2018-03-12T19:40:00Z,182.13,182.18,182.11,182.17
2018-03-12T19:41:00Z,182.16,182.18,182.15,182.18
2018-03-12T19:42:00Z,182.18,182.25,182.17,182.19
2018-03-12T19:43:00Z,182.19,182.2,182.12,182.16
2018-03-12T19:44:00Z,182.17,182.24,182.145,182.225
2018-03-12T19:45:00Z,182.22,182.38,182.21,182.3702
2018-03-12T19:46:00Z,182.37,182.39,182.28,182.32
2018-03-12T19:47:00Z,182.33,182.39,182.3299,182.36
2018-03-12T19:48:00Z,182.355,182.39,182.3,182.3
2018-03-12T19:49:00Z,182.33,182.36,182.28,182.33
2018-03-12T19:50:00Z,182.33,182.33,181.93,181.987
2018-03-12T19:51:00Z,181.98,182.1,181.96,182.07
2018-03-12T19:52:00Z,182.07,182.07,181.96,181.9616
2018-03-12T19:53:00Z,181.99,182.02,181.94,181.97
2018-03-12T19:54:00Z,181.96,181.96,181.83,181.9
2018-03-12T19:55:00Z,181.88,182.02,181.85,181.8722
2018-03-12T19:56:00Z,181.88,181.91,181.84,181.85
2018-03-12T19:57:00Z,181.87,181.95,181.8487,181.94
2018-03-12T19:58:00Z,181.9452,182.0148,181.92,182
2018-03-12T19:59:00Z,182,182.11,181.71,181.73
