2019-01-25T13:30:00Z,154.23,154.23,154.23,154.23
2019-01-25T13:32:00Z,154.24,154.3,154.24,154.3
2019-01-25T13:33:00Z,154.3,154.4,154.2999,154.4
2019-01-25T13:34:00Z,154.38,154.39,154.38,154.39
2019-01-25T13:35:00Z,154.38,154.4,154.35,154.39
2019-01-25T13:36:00Z,154.39,154.45,154.39,154.45
2019-01-25T13:37:00Z,154.44,154.45,154.44,154.45
2019-01-25T13:38:00Z,154.45,154.45,154.45,154.45
2019-01-25T13:39:00Z,154.35,154.35,154.32,154.35
2019-01-25T13:40:00Z,154.4,154.42,154.4,154.42
2019-01-25T13:41:00Z,154.42,154.44,154.4,154.4399
2019-01-25T13:42:00Z,154.4,154.42,154.4,154.4
2019-01-25T13:43:00Z,154.45,154.45,154.4,154.4
2019-01-25T13:44:00Z,154.4,154.4,154.4,154.4
2019-01-25T13:45:00Z,154.43,154.4367,154.4,154.4367
2019-01-25T13:46:00Z,154.42,154.57,154.42,154.56
2019-01-25T13:47:00Z,154.5999,154.5999,154.5,154.52
2019-01-25T13:48:00Z,154.56,154.63,154.56,154.63
2019-01-25T13:49:00Z,154.63,154.63,154.56,154.56
2019-01-25T13:50:00Z,154.62,154.63,154.61,154.62
2019-01-25T13:51:00Z,154.63,154.75,152.7,154.72
2019-01-25T13:52:00Z,154.7,154.99,154.7,154.99
2019-01-25T13:53:00Z,154.99,155.26,154.99,155.1
2019-01-25T13:54:00Z,155.05,155.26,155.04,155.25
2019-01-25T13:55:00Z,155.26,155.38,155.25,155.32
2019-01-25T13:56:00Z,155.25,155.25,155.2,155.2001
2019-01-25T13:57:00Z,155.21,155.25,155.18,155.24
2019-01-25T13:58:00Z,155.11,155.2,155.1,155.2
2019-01-25T13:59:00Z,155.11,155.13,155.1,155.11
2019-01-25T14:00:00Z,155.13,155.25,155.13,155.22
2019-01-25T14:01:00Z,155.1301,155.1301,155.1,155.1001
2019-01-25T14:02:00Z,155.1,155.15,155.1,155.15
2019-01-25T14:03:00Z,155.15,155.3,155.14,155.29
2019-01-25T14:04:00Z,155.22,155.3,155.22,155.26
2019-01-25T14:05:00Z,155.23,155.39,155.23,155.39
2019-01-25T14:06:00Z,155.31,155.4,155.31,155.35
2019-01-25T14:07:00Z,155.35,155.36,155.25,155.25
2019-01-25T14:08:00Z,155.35,155.35,155.3,155.35
2019-01-25T14:09:00Z,155.35,155.4,155.35,155.35
2019-01-25T14:10:00Z,155.27,155.35,155.2,155.22
2019-01-25T14:11:00Z,155.2,155.3,155.16,155.16
2019-01-25T14:12:00Z,155.12,155.16,155.11,155.14
2019-01-25T14:13:00Z,155.2,155.21,155.16,155.16
2019-01-25T14:14:00Z,155.2,155.21,155.1,155.15
2019-01-25T14:15:00Z,155.15,155.15,155.1,155.1
2019-01-25T14:16:00Z,155.14,155.15,155.1,155.1
2019-01-25T14:17:00Z,155.11,155.14,155.01,155.01
2019-01-25T14:18:00Z,155.02,155.02,154.98,154.99
2019-01-25T14:19:00Z,155,155,155,155
2019-01-25T14:20:00Z,155.01,155.01,155.01,155.01
2019-01-25T14:21:00Z,155,155.12,155,155.1
2019-01-25T14:22:00Z,155.1,155.14,155.05,155.13
2019-01-25T14:23:00Z,155.11,155.2,155.1,155.2
2019-01-25T14:24:00Z,155.2,155.3,155.2,155.25
2019-01-25T14:25:00Z,155.25,155.35,155.21,155.21
2019-01-25T14:26:00Z,155.22,155.35,155.22,155.35
2019-01-25T14:27:00Z,155.35,155.35,155.3,155.3
2019-01-25T14:28:00Z,155.36,155.49,155.3,155.37
2019-01-25T14:29:00Z,155.45,155.5,155.23,155.43
2019-01-25T14:30:00Z,155.28,155.48,154.86,155.0034
2019-01-25T14:31:00Z,154.99,154.99,154.6179,154.65
2019-01-25T14:32:00Z,154.65,154.79,154.32,154.54
2019-01-25T14:33:00Z,154.52,154.75,154.5,154.54
2019-01-25T14:34:00Z,154.55,154.71,154.5,154.67
2019-01-25T14:35:00Z,154.67,154.96,154.66,154.96
2019-01-25T14:36:00Z,154.954,155.01,154.834,154.96
2019-01-25T14:37:00Z,154.93,154.99,154.78,154.8
2019-01-25T14:38:00Z,154.82,155.09,154.81,155.08
2019-01-25T14:39:00Z,155.08,155.24,155.05,155.24
2019-01-25T14:40:00Z,155.22,155.32,155.16,155.2802
2019-01-25T14:41:00Z,155.28,155.29,155.06,155.21
2019-01-25T14:42:00Z,155.2,155.25,155.1,155.165
2019-01-25T14:43:00Z,155.16,155.317,154.99,155.23
2019-01-25T14:44:00Z,155.24,155.32,155.21,155.23
2019-01-25T14:45:00Z,155.21,155.3903,155.15,155.36
2019-01-25T14:46:00Z,155.3788,155.45,155.26,155.422
2019-01-25T14:47:00Z,155.421,155.7,155.37,155.65
2019-01-25T14:48:00Z,155.66,155.75,155.63,155.67
2019-01-25T14:49:00Z,155.67,155.73,155.63,155.7
2019-01-25T14:50:00Z,155.71,155.94,155.68,155.89
2019-01-25T14:51:00Z,155.9,156.03,155.84,155.97
2019-01-25T14:52:00Z,155.965,156.12,155.905,156.07
2019-01-25T14:53:00Z,156.0799,156.21,156.0609,156.13
2019-01-25T14:54:00Z,156.13,156.1525,155.97,156.05
2019-01-25T14:55:00Z,156.0402,156.0402,155.76,155.86
2019-01-25T14:56:00Z,155.8687,155.96,155.84,155.85
2019-01-25T14:57:00Z,155.845,155.99,155.845,155.98
2019-01-25T14:58:00Z,155.985,156.2,155.95,156.1812
2019-01-25T14:59:00Z,156.185,156.36,156.16,156.3211
2019-01-25T15:00:00Z,156.31,156.4,156.28,156.36
2019-01-25T15:01:00Z,156.37,156.52,156.33,156.52
2019-01-25T15:02:00Z,156.52,156.55,156.4,156.48
2019-01-25T15:03:00Z,156.4816,156.4816,156.38,156.4609
2019-01-25T15:04:00Z,156.47,156.5,156.36,156.43
2019-01-25T15:05:00Z,156.4201,156.6397,156.4201,156.61
2019-01-25T15:06:00Z,156.59,156.87,156.57,156.77
2019-01-25T15:07:00Z,156.77,156.9,156.69,156.83
2019-01-25T15:08:00Z,156.84,157,156.84,156.8933
2019-01-25T15:09:00Z,156.9,157.02,156.8601,156.96
2019-01-25T15:10:00Z,156.96,156.9673,156.82,156.85
2019-01-25T15:11:00Z,156.85,156.93,156.75,156.91
2019-01-25T15:12:00Z,156.91,157.05,156.88,157.0328
2019-01-25T15:13:00Z,157.025,157.06,156.97,157.0462
2019-01-25T15:14:00Z,157.06,157.07,156.84,156.97
2019-01-25T15:15:00Z,156.97,157,156.77,156.84
2019-01-25T15:16:00Z,156.834,156.85,156.6501,156.69
2019-01-25T15:17:00Z,156.69,156.788,156.57,156.74
2019-01-25T15:18:00Z,156.74,156.77,156.68,156.72
2019-01-25T15:19:00Z,156.74,156.82,156.67,156.67
2019-01-25T15:20:00Z,156.69,156.8032,156.656,156.68
2019-01-25T15:21:00Z,156.7,156.71,156.55,156.58
2019-01-25T15:22:00Z,156.61,156.65,156.58,156.6
2019-01-25T15:23:00Z,156.61,156.68,156.61,156.67
2019-01-25T15:24:00Z,156.67,156.72,156.5143,156.57
2019-01-25T15:25:00Z,156.58,156.62,156.45,156.52
2019-01-25T15:26:00Z,156.5168,156.75,156.51,156.7398
2019-01-25T15:27:00Z,156.7359,156.78,156.7,156.7
2019-01-25T15:28:00Z,156.7,156.74,156.66,156.7199
2019-01-25T15:29:00Z,156.72,156.79,156.71,156.74
2019-01-25T15:30:00Z,156.73,156.84,156.72,156.82
2019-01-25T15:31:00Z,156.83,156.92,156.791,156.83
2019-01-25T15:32:00Z,156.82,156.82,156.65,156.7102
2019-01-25T15:33:00Z,156.72,156.745,156.51,156.62
2019-01-25T15:34:00Z,156.6275,156.79,156.6275,156.79
2019-01-25T15:35:00Z,156.8,156.81,156.6838,156.6838
2019-01-25T15:36:00Z,156.685,156.8,156.6815,156.8
2019-01-25T15:37:00Z,156.79,156.83,156.77,156.8194
2019-01-25T15:38:00Z,156.82,157.01,156.82,156.9791
2019-01-25T15:39:00Z,156.99,157.03,156.918,156.93
2019-01-25T15:40:00Z,156.93,157.01,156.93,157
2019-01-25T15:41:00Z,157,157.16,156.9879,157.09
2019-01-25T15:42:00Z,157.1,157.21,157.09,157.2
2019-01-25T15:43:00Z,157.21,157.24,157.13,157.1467
2019-01-25T15:44:00Z,157.1402,157.25,157.11,157.21
2019-01-25T15:45:00Z,157.24,157.25,157.115,157.13
2019-01-25T15:46:00Z,157.15,157.1614,157.01,157.02
2019-01-25T15:47:00Z,157.0146,157.1,156.97,157.03
2019-01-25T15:48:00Z,157.035,157.13,157.0289,157.1
2019-01-25T15:49:00Z,157.09,157.1,156.97,156.98
2019-01-25T15:50:00Z,157,157.035,156.97,157
2019-01-25T15:51:00Z,157,157.045,156.98,157.02
2019-01-25T15:52:00Z,157.0174,157.11,157.01,157.1025
2019-01-25T15:53:00Z,157.0917,157.115,156.83,156.95
2019-01-25T15:54:00Z,156.96,157.055,156.95,157.01
2019-01-25T15:55:00Z,157.02,157.0813,156.95,157.06
2019-01-25T15:56:00Z,157.06,157.08,157.01,157.08
2019-01-25T15:57:00Z,157.0693,157.16,157.0638,157.11
2019-01-25T15:58:00Z,157.09,157.2,157.08,157.185
2019-01-25T15:59:00Z,157.19,157.22,157.16,157.16
2019-01-25T16:00:00Z,157.16,157.25,157.16,157.22
2019-01-25T16:01:00Z,157.23,157.24,157.08,157.08
2019-01-25T16:02:00Z,157.0937,157.0984,156.95,156.95
2019-01-25T16:03:00Z,156.9598,156.97,156.88,156.97
2019-01-25T16:04:00Z,156.97,157.03,156.89,156.96
2019-01-25T16:05:00Z,156.962,157.01,156.92,156.9297
2019-01-25T16:06:00Z,156.9268,156.97,156.8801,156.91
2019-01-25T16:07:00Z,156.91,156.98,156.81,156.88
2019-01-25T16:08:00Z,156.88,156.96,156.8,156.91
2019-01-25T16:09:00Z,156.92,156.93,156.85,156.865
2019-01-25T16:10:00Z,156.865,156.94,156.83,156.92
2019-01-25T16:11:00Z,156.925,156.94,156.79,156.83
2019-01-25T16:12:00Z,156.83,156.9,156.7966,156.845
2019-01-25T16:13:00Z,156.8415,156.86,156.7099,156.72
2019-01-25T16:14:00Z,156.72,156.75,156.66,156.66
2019-01-25T16:15:00Z,156.65,156.65,156.47,156.5503
2019-01-25T16:16:00Z,156.5698,156.59,156.51,156.57
2019-01-25T16:17:00Z,156.58,156.65,156.57,156.64
2019-01-25T16:18:00Z,156.63,156.64,156.59,156.595
2019-01-25T16:19:00Z,156.58,156.61,156.54,156.61
2019-01-25T16:20:00Z,156.61,156.64,156.6,156.6355
2019-01-25T16:21:00Z,156.6301,156.64,156.53,156.55
2019-01-25T16:22:00Z,156.55,156.56,156.5,156.525
2019-01-25T16:23:00Z,156.53,156.53,156.36,156.36
2019-01-25T16:24:00Z,156.3689,156.43,156.3,156.3967
2019-01-25T16:25:00Z,156.39,156.51,156.34,156.4864
2019-01-25T16:26:00Z,156.48,156.4831,156.4,156.4343
2019-01-25T16:27:00Z,156.44,156.44,156.23,156.26
2019-01-25T16:28:00Z,156.26,156.4,156.2568,156.4
2019-01-25T16:29:00Z,156.4001,156.44,156.36,156.3604
2019-01-25T16:30:00Z,156.3797,156.54,156.36,156.4954
2019-01-25T16:31:00Z,156.5,156.55,156.45,156.5222
2019-01-25T16:32:00Z,156.5232,156.62,156.5,156.55
2019-01-25T16:33:00Z,156.55,156.55,156.4698,156.52
2019-01-25T16:34:00Z,156.53,156.6185,156.49,156.61
2019-01-25T16:35:00Z,156.59,156.72,156.5547,156.71
2019-01-25T16:36:00Z,156.71,156.7397,156.65,156.725
2019-01-25T16:37:00Z,156.73,156.8434,156.72,156.83
2019-01-25T16:38:00Z,156.8287,156.8287,156.7,156.76
2019-01-25T16:39:00Z,156.77,156.82,156.715,156.75
2019-01-25T16:40:00Z,156.76,156.8196,156.7,156.73
2019-01-25T16:41:00Z,156.73,156.77,156.68,156.6868
2019-01-25T16:42:00Z,156.685,156.78,156.662,156.77
2019-01-25T16:43:00Z,156.7636,156.92,156.7636,156.8548
2019-01-25T16:44:00Z,156.86,156.96,156.85,156.92
2019-01-25T16:45:00Z,156.93,156.97,156.91,156.94
2019-01-25T16:46:00Z,156.94,156.96,156.91,156.935
2019-01-25T16:47:00Z,156.94,156.97,156.92,156.97
2019-01-25T16:48:00Z,156.97,157.02,156.96,156.9934
2019-01-25T16:49:00Z,156.994,157.034,156.9725,157.002
2019-01-25T16:50:00Z,157.005,157.01,156.95,157
2019-01-25T16:51:00Z,157,157.08,157,157.0338
2019-01-25T16:52:00Z,157.03,157.09,157,157.02
2019-01-25T16:53:00Z,157.02,157.1,156.98,157.05
2019-01-25T16:54:00Z,157.0366,157.09,157.01,157.03
2019-01-25T16:55:00Z,157.02,157.0472,156.98,156.98
2019-01-25T16:56:00Z,156.98,157,156.91,156.91
2019-01-25T16:57:00Z,156.91,156.91,156.83,156.8421
2019-01-25T16:58:00Z,156.845,156.96,156.8413,156.95
2019-01-25T16:59:00Z,156.95,157.01,156.9325,157.01
2019-01-25T17:00:00Z,157.01,157.05,156.96,156.99
2019-01-25T17:01:00Z,156.98,157.02,156.94,156.94
2019-01-25T17:02:00Z,156.94,156.97,156.91,156.9433
2019-01-25T17:03:00Z,156.95,156.98,156.93,156.9371
2019-01-25T17:04:00Z,156.9355,156.95,156.91,156.91
2019-01-25T17:05:00Z,156.91,156.94,156.89,156.89
2019-01-25T17:06:00Z,156.895,156.97,156.89,156.9103
2019-01-25T17:07:00Z,156.91,156.95,156.86,156.92
2019-01-25T17:08:00Z,156.9285,156.95,156.9,156.9
2019-01-25T17:09:00Z,156.89,156.9,156.82,156.83
2019-01-25T17:10:00Z,156.83,156.84,156.7702,156.7702
2019-01-25T17:11:00Z,156.78,156.796,156.72,156.77
2019-01-25T17:12:00Z,156.765,156.84,156.75,156.76
2019-01-25T17:13:00Z,156.76,156.77,156.67,156.6836
2019-01-25T17:14:00Z,156.69,156.69,156.59,156.666
2019-01-25T17:15:00Z,156.68,156.715,156.663,156.695
2019-01-25T17:16:00Z,156.7,156.77,156.69,156.741
2019-01-25T17:17:00Z,156.75,156.8,156.7,156.7001
2019-01-25T17:18:00Z,156.7,156.7,156.627,156.627
2019-01-25T17:19:00Z,156.62,156.7,156.61,156.69
2019-01-25T17:20:00Z,156.69,156.77,156.65,156.685
2019-01-25T17:21:00Z,156.6888,156.73,156.68,156.73
2019-01-25T17:22:00Z,156.74,156.75,156.7,156.7358
2019-01-25T17:23:00Z,156.74,156.76,156.68,156.7542
2019-01-25T17:24:00Z,156.7526,156.87,156.7255,156.86
2019-01-25T17:25:00Z,156.87,156.99,156.87,156.965
2019-01-25T17:26:00Z,156.98,156.98,156.92,156.965
2019-01-25T17:27:00Z,156.965,157,156.936,156.97
2019-01-25T17:28:00Z,156.95,156.99,156.9,156.95
2019-01-25T17:29:00Z,156.9708,157.02,156.9,156.94
2019-01-25T17:30:00Z,156.93,156.97,156.88,156.95
2019-01-25T17:31:00Z,156.95,156.9599,156.905,156.92
2019-01-25T17:32:00Z,156.91,156.96,156.87,156.9301
2019-01-25T17:33:00Z,156.936,157.06,156.936,157.0532
2019-01-25T17:34:00Z,157.06,157.07,157.0185,157.05
2019-01-25T17:35:00Z,157.04,157.08,157.01,157.07
2019-01-25T17:36:00Z,157.0702,157.15,157.06,157.0975
2019-01-25T17:37:00Z,157.1,157.12,157.04,157.0599
2019-01-25T17:38:00Z,157.059,157.08,157.01,157.08
2019-01-25T17:39:00Z,157.08,157.22,157.05,157.2099
2019-01-25T17:40:00Z,157.21,157.22,157.08,157.12
2019-01-25T17:41:00Z,157.1116,157.14,157.08,157.13
2019-01-25T17:42:00Z,157.1248,157.14,157.01,157.08
2019-01-25T17:43:00Z,157.09,157.1141,157.056,157.11
2019-01-25T17:44:00Z,157.1,157.1248,156.965,157.02
2019-01-25T17:45:00Z,157.02,157.02,156.94,156.96
2019-01-25T17:46:00Z,156.96,156.9814,156.6392,156.7269
2019-01-25T17:47:00Z,156.72,156.76,156.68,156.7422
2019-01-25T17:48:00Z,156.7302,156.79,156.66,156.7255
2019-01-25T17:49:00Z,156.7259,156.75,156.64,156.73
2019-01-25T17:50:00Z,156.745,156.8025,156.7301,156.77
2019-01-25T17:51:00Z,156.77,156.77,156.56,156.57
2019-01-25T17:52:00Z,156.59,156.72,156.56,156.67
2019-01-25T17:53:00Z,156.68,156.71,156.65,156.7099
2019-01-25T17:54:00Z,156.7,156.755,156.69,156.7501
2019-01-25T17:55:00Z,156.75,156.82,156.71,156.82
2019-01-25T17:56:00Z,156.83,156.84,156.72,156.76
2019-01-25T17:57:00Z,156.75,156.8026,156.72,156.78
2019-01-25T17:58:00Z,156.79,156.845,156.78,156.83
2019-01-25T17:59:00Z,156.84,156.91,156.83,156.86
2019-01-25T18:00:00Z,156.86,156.96,156.84,156.87
2019-01-25T18:01:00Z,156.87,156.9586,156.87,156.9439
2019-01-25T18:02:00Z,156.9483,157,156.93,156.96
2019-01-25T18:03:00Z,156.96,157.02,156.89,156.89
2019-01-25T18:04:00Z,156.885,156.9,156.76,156.79
2019-01-25T18:05:00Z,156.7879,156.84,156.77,156.8
2019-01-25T18:06:00Z,156.8116,156.83,156.71,156.79
2019-01-25T18:07:00Z,156.8062,156.86,156.79,156.83
2019-01-25T18:08:00Z,156.8366,156.87,156.81,156.84
2019-01-25T18:09:00Z,156.835,156.88,156.835,156.87
2019-01-25T18:10:00Z,156.86,156.86,156.72,156.72
2019-01-25T18:11:00Z,156.73,156.76,156.62,156.73
2019-01-25T18:12:00Z,156.71,156.82,156.71,156.81
2019-01-25T18:13:00Z,156.81,156.87,156.78,156.8301
2019-01-25T18:14:00Z,156.84,156.9073,156.8083,156.83
2019-01-25T18:15:00Z,156.83,156.85,156.79,156.79
2019-01-25T18:16:00Z,156.7968,156.83,156.77,156.825
2019-01-25T18:17:00Z,156.8279,156.88,156.805,156.8279
2019-01-25T18:18:00Z,156.83,156.9,156.81,156.82
2019-01-25T18:19:00Z,156.8057,156.81,156.76,156.79
2019-01-25T18:20:00Z,156.79,156.89,156.78,156.88
2019-01-25T18:21:00Z,156.87,156.94,156.85,156.93
2019-01-25T18:22:00Z,156.94,156.945,156.8793,156.91
2019-01-25T18:23:00Z,156.93,156.985,156.91,156.97
2019-01-25T18:24:00Z,156.99,157.18,156.985,157.1425
2019-01-25T18:25:00Z,157.14,157.23,157.1395,157.16
2019-01-25T18:26:00Z,157.16,157.1847,157.14,157.18
2019-01-25T18:27:00Z,157.18,157.18,157.09,157.1637
2019-01-25T18:28:00Z,157.16,157.1732,157.13,157.1548
2019-01-25T18:29:00Z,157.1588,157.18,157.125,157.1499
2019-01-25T18:30:00Z,157.15,157.21,157.14,157.16
2019-01-25T18:31:00Z,157.1685,157.22,157.16,157.1869
2019-01-25T18:32:00Z,157.19,157.25,157.17,157.24
2019-01-25T18:33:00Z,157.24,157.32,157.22,157.2831
2019-01-25T18:34:00Z,157.28,157.4,157.27,157.38
2019-01-25T18:35:00Z,157.38,157.4557,157.37,157.43
2019-01-25T18:36:00Z,157.435,157.5,157.34,157.48
2019-01-25T18:37:00Z,157.48,157.53,157.45,157.4532
2019-01-25T18:38:00Z,157.45,157.47,157.33,157.3942
2019-01-25T18:39:00Z,157.4,157.44,157.3696,157.3901
2019-01-25T18:40:00Z,157.41,157.44,157.3864,157.4133
2019-01-25T18:41:00Z,157.42,157.44,157.34,157.36
2019-01-25T18:42:00Z,157.4,157.4,157.32,157.37
2019-01-25T18:43:00Z,157.38,157.41,157.34,157.405
2019-01-25T18:44:00Z,157.405,157.46,157.4,157.43
2019-01-25T18:45:00Z,157.45,157.46,157.4,157.4
2019-01-25T18:46:00Z,157.41,157.49,157.41,157.4756
2019-01-25T18:47:00Z,157.4832,157.53,157.45,157.49
2019-01-25T18:48:00Z,157.49,157.5,157.41,157.43
2019-01-25T18:49:00Z,157.4301,157.51,157.42,157.51
2019-01-25T18:50:00Z,157.5067,157.63,157.48,157.53
2019-01-25T18:51:00Z,157.53,157.54,157.5,157.51
2019-01-25T18:52:00Z,157.52,157.53,157.47,157.52
2019-01-25T18:53:00Z,157.52,157.59,157.52,157.5585
2019-01-25T18:54:00Z,157.55,157.59,157.55,157.57
2019-01-25T18:55:00Z,157.5699,157.595,157.55,157.5927
2019-01-25T18:56:00Z,157.59,157.61,157.5715,157.58
2019-01-25T18:57:00Z,157.58,157.62,157.57,157.575
2019-01-25T18:58:00Z,157.575,157.61,157.57,157.6
2019-01-25T18:59:00Z,157.59,157.64,157.59,157.6271
2019-01-25T19:00:00Z,157.64,157.66,157.63,157.65
2019-01-25T19:01:00Z,157.645,157.645,157.56,157.56
2019-01-25T19:02:00Z,157.56,157.6301,157.56,157.6
2019-01-25T19:03:00Z,157.59,157.615,157.57,157.61
2019-01-25T19:04:00Z,157.6066,157.69,157.6066,157.68
2019-01-25T19:05:00Z,157.685,157.75,157.685,157.75
2019-01-25T19:06:00Z,157.75,157.83,157.74,157.82
2019-01-25T19:07:00Z,157.82,157.95,157.8,157.9301
2019-01-25T19:08:00Z,157.9399,157.97,157.92,157.96
2019-01-25T19:09:00Z,157.965,157.99,157.93,157.9601
2019-01-25T19:10:00Z,157.97,157.97,157.89,157.9369
2019-01-25T19:11:00Z,157.9321,157.94,157.84,157.881
2019-01-25T19:12:00Z,157.89,157.9,157.8294,157.84
2019-01-25T19:13:00Z,157.85,157.915,157.82,157.82
2019-01-25T19:14:00Z,157.81,157.8307,157.76,157.78
2019-01-25T19:15:00Z,157.78,157.8,157.71,157.7777
2019-01-25T19:16:00Z,157.7757,157.94,157.7757,157.94
2019-01-25T19:17:00Z,157.94,158.13,157.7,157.7029
2019-01-25T19:18:00Z,157.72,157.93,157.7,157.91
2019-01-25T19:19:00Z,157.9135,158,157.9,157.9701
2019-01-25T19:20:00Z,157.9828,158.02,157.95,157.96
2019-01-25T19:21:00Z,157.96,157.96,157.71,157.7849
2019-01-25T19:22:00Z,157.7794,157.85,157.7,157.7043
2019-01-25T19:23:00Z,157.71,157.78,157.69,157.7
2019-01-25T19:24:00Z,157.7,157.7,157.57,157.6301
2019-01-25T19:25:00Z,157.63,157.68,157.592,157.65
2019-01-25T19:26:00Z,157.65,157.6677,157.6,157.6081
2019-01-25T19:27:00Z,157.6155,157.64,157.35,157.41
2019-01-25T19:28:00Z,157.42,157.48,157.2731,157.3869
2019-01-25T19:29:00Z,157.39,157.46,157.3518,157.45
2019-01-25T19:30:00Z,157.45,157.58,157.43,157.4642
2019-01-25T19:31:00Z,157.47,157.52,157.4202,157.46
2019-01-25T19:32:00Z,157.4606,157.52,157.46,157.51
2019-01-25T19:33:00Z,157.51,157.54,157.44,157.46
2019-01-25T19:34:00Z,157.465,157.525,157.415,157.47
2019-01-25T19:35:00Z,157.4715,157.49,157.36,157.47
2019-01-25T19:36:00Z,157.47,157.48,157.4,157.43
2019-01-25T19:37:00Z,157.43,157.4815,157.4,157.47
2019-01-25T19:38:00Z,157.4777,157.56,157.4301,157.55
2019-01-25T19:39:00Z,157.5577,157.7,157.55,157.685
2019-01-25T19:40:00Z,157.6858,157.76,157.68,157.6977
2019-01-25T19:41:00Z,157.69,157.77,157.69,157.71
2019-01-25T19:42:00Z,157.7098,157.74,157.67,157.7
2019-01-25T19:43:00Z,157.7,157.85,157.6949,157.8453
2019-01-25T19:44:00Z,157.85,157.91,157.82,157.8218
2019-01-25T19:45:00Z,157.8151,157.84,157.72,157.76
2019-01-25T19:46:00Z,157.765,157.8,157.68,157.74
2019-01-25T19:47:00Z,157.74,157.77,157.69,157.7051
2019-01-25T19:48:00Z,157.71,157.71,157.63,157.675
2019-01-25T19:49:00Z,157.685,157.69,157.55,157.55
2019-01-25T19:50:00Z,157.57,157.57,157.49,157.52
2019-01-25T19:51:00Z,157.52,157.53,157.49,157.5
2019-01-25T19:52:00Z,157.5,157.6,157.48,157.5568
2019-01-25T19:53:00Z,157.56,157.625,157.55,157.61
2019-01-25T19:54:00Z,157.61,157.7021,157.59,157.6885
2019-01-25T19:55:00Z,157.68,157.77,157.61,157.72
2019-01-25T19:56:00Z,157.7281,157.7281,157.64,157.65
2019-01-25T19:57:00Z,157.65,157.65,157.545,157.55
2019-01-25T19:58:00Z,157.55,157.6,157.51,157.59
2019-01-25T19:59:00Z,157.59,157.65,157.57,157.6175
