2016-08-24T13:30:00Z,108.57,108.61,108.33,108.33
2016-08-24T13:31:00Z,108.33,108.45,108.31,108.33
2016-08-24T13:32:00Z,108.33,108.75,108.33,108.42
2016-08-24T13:33:00Z,108.426,108.5,108.37,108.45
2016-08-24T13:34:00Z,108.4459,108.57,108.39,108.53
2016-08-24T13:35:00Z,108.54,108.63,108.53,108.55
2016-08-24T13:36:00Z,108.56,108.61,108.42,108.44
2016-08-24T13:37:00Z,108.44,108.53,108.415,108.51
2016-08-24T13:38:00Z,108.52,108.56,108.41,108.434
2016-08-24T13:39:00Z,108.4363,108.47,108.38,108.4
2016-08-24T13:40:00Z,108.3905,108.4,108.27,108.28
2016-08-24T13:41:00Z,108.27,108.36,108.26,108.36
2016-08-24T13:42:00Z,108.36,108.41,108.32,108.36
2016-08-24T13:43:00Z,108.36,108.4,108.32,108.32
2016-08-24T13:44:00Z,108.32,108.365,108.29,108.35
2016-08-24T13:45:00Z,108.36,108.36,108.31,108.31
2016-08-24T13:46:00Z,108.3,108.32,108.25,108.29
2016-08-24T13:47:00Z,108.28,108.29,108.21,108.22
2016-08-24T13:48:00Z,108.22,108.25,108.17,108.25
2016-08-24T13:49:00Z,108.25,108.319,108.25,108.305
2016-08-24T13:50:00Z,108.305,108.305,108.2,108.206
2016-08-24T13:51:00Z,108.205,108.31,108.185,108.3
2016-08-24T13:52:00Z,108.3,108.3,108.19,108.205
2016-08-24T13:53:00Z,108.209,108.22,108.17,108.1765
2016-08-24T13:54:00Z,108.175,108.18,108.12,108.16
2016-08-24T13:55:00Z,108.1663,108.26,108.145,108.2442
2016-08-24T13:56:00Z,108.245,108.3,108.24,108.251
2016-08-24T13:57:00Z,108.259,108.28,108.22,108.2541
2016-08-24T13:58:00Z,108.26,108.3,108.23,108.2456
2016-08-24T13:59:00Z,108.25,108.28,108.23,108.2638
2016-08-24T14:00:00Z,108.27,108.34,108.21,108.29
2016-08-24T14:01:00Z,108.3,108.32,108.25,108.25
2016-08-24T14:02:00Z,108.24,108.27,108.21,108.24
2016-08-24T14:03:00Z,108.25,108.26,108.2,108.2
2016-08-24T14:04:00Z,108.2,108.25,108.16,108.24
2016-08-24T14:05:00Z,108.24,108.36,108.23,108.35
2016-08-24T14:06:00Z,108.3599,108.38,108.28,108.3
2016-08-24T14:07:00Z,108.3001,108.35,108.2838,108.3437
2016-08-24T14:08:00Z,108.34,108.37,108.3,108.35
2016-08-24T14:09:00Z,108.34,108.345,108.31,108.325
2016-08-24T14:10:00Z,108.31,108.31,108.26,108.3
2016-08-24T14:11:00Z,108.3001,108.33,108.29,108.31
2016-08-24T14:12:00Z,108.32,108.37,108.3,108.36
2016-08-24T14:13:00Z,108.3401,108.38,108.34,108.379
2016-08-24T14:14:00Z,108.3734,108.39,108.36,108.37
2016-08-24T14:15:00Z,108.37,108.38,108.255,108.26
2016-08-24T14:16:00Z,108.2601,108.31,108.24,108.295
2016-08-24T14:17:00Z,108.28,108.31,108.25,108.295
2016-08-24T14:18:00Z,108.295,108.39,108.29,108.38
2016-08-24T14:19:00Z,108.38,108.39,108.2985,108.2985
2016-08-24T14:20:00Z,108.29,108.3338,108.27,108.3338
2016-08-24T14:21:00Z,108.33,108.34,108.31,108.32
2016-08-24T14:22:00Z,108.3102,108.3102,108.255,108.3
2016-08-24T14:23:00Z,108.2914,108.32,108.275,108.31
2016-08-24T14:24:00Z,108.3101,108.33,108.29,108.3099
2016-08-24T14:25:00Z,108.31,108.3199,108.27,108.31
2016-08-24T14:26:00Z,108.314,108.34,108.314,108.314
2016-08-24T14:27:00Z,108.3135,108.37,108.3135,108.34
2016-08-24T14:28:00Z,108.34,108.34,108.28,108.28
2016-08-24T14:29:00Z,108.28,108.3585,108.275,108.35
2016-08-24T14:30:00Z,108.35,108.35,108.29,108.31
2016-08-24T14:31:00Z,108.31,108.31,108.26,108.285
2016-08-24T14:32:00Z,108.2844,108.29,108.255,108.28
2016-08-24T14:33:00Z,108.285,108.31,108.27,108.27
2016-08-24T14:34:00Z,108.265,108.275,108.21,108.22
2016-08-24T14:35:00Z,108.2199,108.26,108.21,108.25
2016-08-24T14:36:00Z,108.2493,108.28,108.245,108.25
2016-08-24T14:37:00Z,108.25,108.25,108.2,108.2
2016-08-24T14:38:00Z,108.2,108.21,108.1894,108.2
2016-08-24T14:39:00Z,108.2,108.205,108.16,108.169
2016-08-24T14:40:00Z,108.165,108.1699,108.135,108.1473
2016-08-24T14:41:00Z,108.15,108.16,108.12,108.123
2016-08-24T14:42:00Z,108.12,108.13,108.06,108.08
2016-08-24T14:43:00Z,108.0759,108.09,108.05,108.0637
2016-08-24T14:44:00Z,108.0601,108.12,108.06,108.12
2016-08-24T14:45:00Z,108.11,108.15,108.08,108.11
2016-08-24T14:46:00Z,108.1,108.1098,108,108.02
2016-08-24T14:47:00Z,108.0198,108.04,108.01,108.0301
2016-08-24T14:48:00Z,108.035,108.09,108.03,108.085
2016-08-24T14:49:00Z,108.0885,108.12,108.06,108.11
2016-08-24T14:50:00Z,108.11,108.12,108.1,108.12
2016-08-24T14:51:00Z,108.11,108.17,108.11,108.17
2016-08-24T14:52:00Z,108.17,108.22,108.1682,108.204
2016-08-24T14:53:00Z,108.2016,108.21,108.1599,108.1738
2016-08-24T14:54:00Z,108.1701,108.18,108.15,108.1601
2016-08-24T14:55:00Z,108.161,108.161,108.13,108.15
2016-08-24T14:56:00Z,108.14,108.14,108.09,108.09
2016-08-24T14:57:00Z,108.0934,108.16,108.0934,108.16
2016-08-24T14:58:00Z,108.15,108.17,108.14,108.17
2016-08-24T14:59:00Z,108.165,108.1692,108.1,108.13
2016-08-24T15:00:00Z,108.14,108.18,108.13,108.17
2016-08-24T15:01:00Z,108.164,108.24,108.16,108.23
2016-08-24T15:02:00Z,108.24,108.26,108.16,108.18
2016-08-24T15:03:00Z,108.18,108.22,108.16,108.18
2016-08-24T15:04:00Z,108.18,108.23,108.17,108.23
2016-08-24T15:05:00Z,108.23,108.24,108.17,108.1995
2016-08-24T15:06:00Z,108.19,108.2063,108.18,108.2063
2016-08-24T15:07:00Z,108.205,108.21,108.19,108.19
2016-08-24T15:08:00Z,108.19,108.21,108.1746,108.175
2016-08-24T15:09:00Z,108.17,108.21,108.16,108.21
2016-08-24T15:10:00Z,108.2,108.21,108.17,108.1701
2016-08-24T15:11:00Z,108.17,108.2,108.165,108.181
2016-08-24T15:12:00Z,108.186,108.199,108.13,108.13
2016-08-24T15:13:00Z,108.13,108.15,108.12,108.13
2016-08-24T15:14:00Z,108.14,108.14,108.08,108.08
2016-08-24T15:15:00Z,108.09,108.09,108.06,108.065
2016-08-24T15:16:00Z,108.069,108.07,108.05,108.05
2016-08-24T15:17:00Z,108.0501,108.08,108.03,108.07
2016-08-24T15:18:00Z,108.0731,108.0893,108.05,108.07
2016-08-24T15:19:00Z,108.075,108.1,108.06,108.1
2016-08-24T15:20:00Z,108.095,108.11,108.065,108.0699
2016-08-24T15:21:00Z,108.07,108.07,108.02,108.025
2016-08-24T15:22:00Z,108.025,108.05,108.02,108.0235
2016-08-24T15:23:00Z,108.0261,108.03,108.02,108.02
2016-08-24T15:24:00Z,108.02,108.03,107.96,107.99
2016-08-24T15:25:00Z,107.98,107.99,107.925,107.94
2016-08-24T15:26:00Z,107.94,107.97,107.94,107.965
2016-08-24T15:27:00Z,107.97,108.03,107.965,108.022
2016-08-24T15:28:00Z,108.02,108.08,108.01,108.0448
2016-08-24T15:29:00Z,108.04,108.06,108.001,108.05
2016-08-24T15:30:00Z,108.035,108.05,107.99,108
2016-08-24T15:31:00Z,107.99,108.01,107.97,107.98
2016-08-24T15:32:00Z,107.98,107.9859,107.95,107.9638
2016-08-24T15:33:00Z,107.96,107.97,107.93,107.97
2016-08-24T15:34:00Z,107.97,108.02,107.97,108
2016-08-24T15:35:00Z,108.0036,108.04,107.9802,107.99
2016-08-24T15:36:00Z,107.99,108.04,107.99,108.0138
2016-08-24T15:37:00Z,108.02,108.05,108.02,108.0399
2016-08-24T15:38:00Z,108.03,108.09,108.03,108.07
2016-08-24T15:39:00Z,108.07,108.1099,108.05,108.09
2016-08-24T15:40:00Z,108.0802,108.12,108.08,108.095
2016-08-24T15:41:00Z,108.0901,108.12,108.09,108.09
2016-08-24T15:42:00Z,108.08,108.0895,108.05,108.05
2016-08-24T15:43:00Z,108.05,108.06,108.0046,108.04
2016-08-24T15:44:00Z,108.035,108.05,108.01,108.01
2016-08-24T15:45:00Z,108.0152,108.04,107.99,108.02
2016-08-24T15:46:00Z,108.027,108.05,108.02,108.05
2016-08-24T15:47:00Z,108.04,108.1,108.0301,108.09
2016-08-24T15:48:00Z,108.1,108.125,108.06,108.065
2016-08-24T15:49:00Z,108.07,108.08,108.035,108.055
2016-08-24T15:50:00Z,108.0538,108.08,108.045,108.05
2016-08-24T15:51:00Z,108.05,108.06,108.02,108.04
2016-08-24T15:52:00Z,108.04,108.04,107.99,107.995
2016-08-24T15:53:00Z,107.99,107.9999,107.96,107.961
2016-08-24T15:54:00Z,107.96,107.98,107.95,107.9639
2016-08-24T15:55:00Z,107.96,107.98,107.94,107.979
2016-08-24T15:56:00Z,107.98,107.98,107.93,107.94
2016-08-24T15:57:00Z,107.94,108.01,107.94,107.9939
2016-08-24T15:58:00Z,107.991,108.04,107.99,108.03
2016-08-24T15:59:00Z,108.04,108.06,108.02,108.025
2016-08-24T16:00:00Z,108.0299,108.04,108,108
2016-08-24T16:01:00Z,108.01,108.01,107.93,107.96
2016-08-24T16:02:00Z,107.9514,107.9969,107.95,107.995
2016-08-24T16:03:00Z,108,108,107.96,107.96
2016-08-24T16:04:00Z,107.965,107.9837,107.945,107.9631
2016-08-24T16:05:00Z,107.9641,107.98,107.945,107.9754
2016-08-24T16:06:00Z,107.979,107.99,107.95,107.9747
2016-08-24T16:07:00Z,107.9759,108.04,107.97,108.0301
2016-08-24T16:08:00Z,108.04,108.0601,108.02,108.035
2016-08-24T16:09:00Z,108.03,108.04,107.99,107.995
2016-08-24T16:10:00Z,107.9937,108,107.98,107.985
2016-08-24T16:11:00Z,107.9864,108.04,107.975,108.0399
2016-08-24T16:12:00Z,108.04,108.08,108.03,108.0559
2016-08-24T16:13:00Z,108.06,108.09,108.055,108.06
2016-08-24T16:14:00Z,108.06,108.11,108.05,108.1
2016-08-24T16:15:00Z,108.1,108.13,108.1,108.125
2016-08-24T16:16:00Z,108.12,108.125,108.08,108.0842
2016-08-24T16:17:00Z,108.08,108.09,108.06,108.09
2016-08-24T16:18:00Z,108.09,108.11,108.04,108.06
2016-08-24T16:19:00Z,108.06,108.13,108.055,108.1101
2016-08-24T16:20:00Z,108.11,108.14,108.065,108.0901
2016-08-24T16:21:00Z,108.09,108.1,108.07,108.075
2016-08-24T16:22:00Z,108.0817,108.09,108.065,108.08
2016-08-24T16:23:00Z,108.0762,108.1,108.06,108.09
2016-08-24T16:24:00Z,108.09,108.09,108.06,108.0641
2016-08-24T16:25:00Z,108.0666,108.07,108.025,108.055
2016-08-24T16:26:00Z,108.05,108.0593,108.0301,108.04
2016-08-24T16:27:00Z,108.042,108.06,108.03,108.04
2016-08-24T16:28:00Z,108.05,108.1,108.04,108.0901
2016-08-24T16:29:00Z,108.09,108.1,108.08,108.0937
2016-08-24T16:30:00Z,108.09,108.15,108.09,108.13
2016-08-24T16:31:00Z,108.14,108.15,108.13,108.1338
2016-08-24T16:32:00Z,108.13,108.15,108.13,108.1446
2016-08-24T16:33:00Z,108.14,108.1499,108.1,108.105
2016-08-24T16:34:00Z,108.11,108.15,108.11,108.1431
2016-08-24T16:35:00Z,108.144,108.155,108.11,108.145
2016-08-24T16:36:00Z,108.15,108.17,108.1444,108.16
2016-08-24T16:37:00Z,108.1668,108.19,108.1641,108.1825
2016-08-24T16:38:00Z,108.18,108.21,108.18,108.2
2016-08-24T16:39:00Z,108.19,108.19,108.16,108.16
2016-08-24T16:40:00Z,108.1654,108.17,108.16,108.16
2016-08-24T16:41:00Z,108.1659,108.1693,108.14,108.1458
2016-08-24T16:42:00Z,108.1482,108.15,108.1,108.11
2016-08-24T16:43:00Z,108.12,108.17,108.115,108.17
2016-08-24T16:44:00Z,108.17,108.18,108.165,108.175
2016-08-24T16:45:00Z,108.18,108.2,108.17,108.19
2016-08-24T16:46:00Z,108.1942,108.2,108.19,108.2
2016-08-24T16:47:00Z,108.2,108.21,108.19,108.19
2016-08-24T16:48:00Z,108.18,108.19,108.14,108.1601
2016-08-24T16:49:00Z,108.16,108.19,108.16,108.1841
2016-08-24T16:50:00Z,108.1865,108.2,108.1801,108.1866
2016-08-24T16:51:00Z,108.185,108.19,108.18,108.1802
2016-08-24T16:52:00Z,108.18,108.22,108.18,108.22
2016-08-24T16:53:00Z,108.22,108.25,108.2,108.24
2016-08-24T16:54:00Z,108.24,108.28,108.24,108.27
2016-08-24T16:55:00Z,108.269,108.28,108.26,108.28
2016-08-24T16:56:00Z,108.28,108.3,108.2737,108.28
2016-08-24T16:57:00Z,108.29,108.3,108.27,108.28
2016-08-24T16:58:00Z,108.28,108.28,108.25,108.264
2016-08-24T16:59:00Z,108.2633,108.29,108.26,108.29
2016-08-24T17:00:00Z,108.288,108.327,108.288,108.313
2016-08-24T17:01:00Z,108.315,108.315,108.28,108.28
2016-08-24T17:02:00Z,108.28,108.29,108.26,108.28
2016-08-24T17:03:00Z,108.27,108.3,108.27,108.3
2016-08-24T17:04:00Z,108.305,108.32,108.3,108.319
2016-08-24T17:05:00Z,108.3161,108.35,108.3161,108.32
2016-08-24T17:06:00Z,108.329,108.335,108.3001,108.33
2016-08-24T17:07:00Z,108.33,108.35,108.33,108.345
2016-08-24T17:08:00Z,108.35,108.3799,108.35,108.361
2016-08-24T17:09:00Z,108.37,108.37,108.34,108.34
2016-08-24T17:10:00Z,108.33,108.34,108.31,108.335
2016-08-24T17:11:00Z,108.3345,108.36,108.33,108.36
2016-08-24T17:12:00Z,108.3551,108.37,108.35,108.36
2016-08-24T17:13:00Z,108.37,108.38,108.36,108.37
2016-08-24T17:14:00Z,108.37,108.38,108.36,108.3766
2016-08-24T17:15:00Z,108.375,108.4,108.35,108.36
2016-08-24T17:16:00Z,108.35,108.37,108.3399,108.36
2016-08-24T17:17:00Z,108.37,108.38,108.33,108.33
2016-08-24T17:18:00Z,108.3301,108.34,108.31,108.32
2016-08-24T17:19:00Z,108.31,108.33,108.29,108.33
2016-08-24T17:20:00Z,108.3327,108.3599,108.33,108.35
2016-08-24T17:21:00Z,108.35,108.3548,108.3,108.32
2016-08-24T17:22:00Z,108.32,108.32,108.2836,108.31
2016-08-24T17:23:00Z,108.32,108.32,108.29,108.3
2016-08-24T17:24:00Z,108.3,108.3066,108.28,108.29
2016-08-24T17:25:00Z,108.28,108.29,108.28,108.2801
2016-08-24T17:26:00Z,108.28,108.3099,108.28,108.2805
2016-08-24T17:27:00Z,108.28,108.288,108.26,108.28
2016-08-24T17:28:00Z,108.28,108.28,108.25,108.277
2016-08-24T17:29:00Z,108.27,108.28,108.22,108.2485
2016-08-24T17:30:00Z,108.25,108.27,108.24,108.2601
2016-08-24T17:31:00Z,108.2635,108.2635,108.23,108.23
2016-08-24T17:32:00Z,108.23,108.25,108.23,108.25
2016-08-24T17:33:00Z,108.2463,108.2676,108.24,108.2607
2016-08-24T17:34:00Z,108.27,108.27,108.2305,108.2495
2016-08-24T17:35:00Z,108.2437,108.25,108.23,108.249
2016-08-24T17:36:00Z,108.25,108.27,108.245,108.265
2016-08-24T17:37:00Z,108.26,108.27,108.255,108.26
2016-08-24T17:38:00Z,108.26,108.27,108.25,108.26
2016-08-24T17:39:00Z,108.2661,108.2661,108.21,108.215
2016-08-24T17:40:00Z,108.215,108.25,108.21,108.24
2016-08-24T17:41:00Z,108.24,108.29,108.24,108.28
2016-08-24T17:42:00Z,108.28,108.3,108.28,108.299
2016-08-24T17:43:00Z,108.29,108.2967,108.26,108.26
2016-08-24T17:44:00Z,108.265,108.29,108.24,108.24
2016-08-24T17:45:00Z,108.2399,108.27,108.2399,108.2499
2016-08-24T17:46:00Z,108.25,108.29,108.25,108.28
2016-08-24T17:47:00Z,108.275,108.275,108.26,108.26
2016-08-24T17:48:00Z,108.27,108.32,108.265,108.29
2016-08-24T17:49:00Z,108.2807,108.29,108.27,108.29
2016-08-24T17:50:00Z,108.28,108.29,108.24,108.25
2016-08-24T17:51:00Z,108.25,108.3,108.25,108.2701
2016-08-24T17:52:00Z,108.28,108.28,108.26,108.26
2016-08-24T17:53:00Z,108.2642,108.265,108.23,108.251
2016-08-24T17:54:00Z,108.25,108.25,108.23,108.25
2016-08-24T17:55:00Z,108.25,108.25,108.23,108.2301
2016-08-24T17:56:00Z,108.23,108.26,108.212,108.26
2016-08-24T17:57:00Z,108.255,108.28,108.255,108.275
2016-08-24T17:58:00Z,108.275,108.28,108.27,108.27
2016-08-24T17:59:00Z,108.28,108.29,108.27,108.29
2016-08-24T18:00:00Z,108.29,108.29,108.26,108.2675
2016-08-24T18:01:00Z,108.27,108.28,108.21,108.25
2016-08-24T18:02:00Z,108.24,108.25,108.18,108.189
2016-08-24T18:03:00Z,108.19,108.21,108.17,108.19
2016-08-24T18:04:00Z,108.187,108.19,108.12,108.13
2016-08-24T18:05:00Z,108.13,108.13,108.0799,108.0901
2016-08-24T18:06:00Z,108.1,108.1299,108.095,108.1299
2016-08-24T18:07:00Z,108.125,108.18,108.125,108.15
2016-08-24T18:08:00Z,108.155,108.19,108.15,108.16
2016-08-24T18:09:00Z,108.17,108.18,108.145,108.15
2016-08-24T18:10:00Z,108.15,108.16,108.1138,108.125
2016-08-24T18:11:00Z,108.12,108.1301,108.105,108.12
2016-08-24T18:12:00Z,108.12,108.12,108.08,108.0815
2016-08-24T18:13:00Z,108.09,108.13,108.09,108.12
2016-08-24T18:14:00Z,108.12,108.14,108.09,108.105
2016-08-24T18:15:00Z,108.1,108.11,108.05,108.06
2016-08-24T18:16:00Z,108.06,108.12,108.06,108.0915
2016-08-24T18:17:00Z,108.1,108.107,108.08,108.08
2016-08-24T18:18:00Z,108.09,108.0999,108.055,108.06
2016-08-24T18:19:00Z,108.07,108.1,108.06,108.098
2016-08-24T18:20:00Z,108.0933,108.13,108.09,108.13
2016-08-24T18:21:00Z,108.13,108.14,108.08,108.0899
2016-08-24T18:22:00Z,108.08,108.08,108.02,108.02
2016-08-24T18:23:00Z,108.03,108.06,108.02,108.03
2016-08-24T18:24:00Z,108.02,108.036,108,108.02
2016-08-24T18:25:00Z,108.01,108.04,107.99,108.03
2016-08-24T18:26:00Z,108.0349,108.08,107.995,108.069
2016-08-24T18:27:00Z,108.07,108.07,108.03,108.0465
2016-08-24T18:28:00Z,108.04,108.07,108.02,108.07
2016-08-24T18:29:00Z,108.07,108.1,108.05,108.1
2016-08-24T18:30:00Z,108.09,108.095,108.05,108.055
2016-08-24T18:31:00Z,108.055,108.08,108.04,108.045
2016-08-24T18:32:00Z,108.04,108.07,108.03,108.06
2016-08-24T18:33:00Z,108.065,108.1,108.06,108.097
2016-08-24T18:34:00Z,108.09,108.1339,108.09,108.115
2016-08-24T18:35:00Z,108.12,108.13,108.085,108.1037
2016-08-24T18:36:00Z,108.1,108.11,108.08,108.09
2016-08-24T18:37:00Z,108.0834,108.0834,108.054,108.08
2016-08-24T18:38:00Z,108.08,108.14,108.0742,108.135
2016-08-24T18:39:00Z,108.14,108.2,108.14,108.165
2016-08-24T18:40:00Z,108.165,108.24,108.16,108.24
2016-08-24T18:41:00Z,108.2401,108.26,108.23,108.25
2016-08-24T18:42:00Z,108.26,108.26,108.24,108.2511
2016-08-24T18:43:00Z,108.26,108.319,108.24,108.2463
2016-08-24T18:44:00Z,108.24,108.26,108.22,108.25
2016-08-24T18:45:00Z,108.2501,108.2501,108.18,108.205
2016-08-24T18:46:00Z,108.2,108.2066,108.18,108.2
2016-08-24T18:47:00Z,108.2,108.23,108.175,108.22
2016-08-24T18:48:00Z,108.2165,108.2299,108.15,108.15
2016-08-24T18:49:00Z,108.1554,108.16,108.12,108.155
2016-08-24T18:50:00Z,108.15,108.18,108.15,108.1754
2016-08-24T18:51:00Z,108.179,108.225,108.1701,108.225
2016-08-24T18:52:00Z,108.2299,108.245,108.2,108.2
2016-08-24T18:53:00Z,108.2,108.23,108.19,108.2206
2016-08-24T18:54:00Z,108.23,108.24,108.22,108.2366
2016-08-24T18:55:00Z,108.24,108.27,108.22,108.26
2016-08-24T18:56:00Z,108.25,108.26,108.23,108.233
2016-08-24T18:57:00Z,108.23,108.29,108.23,108.2735
2016-08-24T18:58:00Z,108.27,108.29,108.27,108.28
2016-08-24T18:59:00Z,108.28,108.2893,108.23,108.24
2016-08-24T19:00:00Z,108.24,108.27,108.21,108.27
2016-08-24T19:01:00Z,108.26,108.26,108.23,108.23
2016-08-24T19:02:00Z,108.22,108.27,108.22,108.27
2016-08-24T19:03:00Z,108.27,108.32,108.27,108.29
2016-08-24T19:04:00Z,108.29,108.31,108.265,108.2961
2016-08-24T19:05:00Z,108.2989,108.31,108.26,108.2645
2016-08-24T19:06:00Z,108.26,108.265,108.22,108.225
2016-08-24T19:07:00Z,108.22,108.24,108.22,108.24
2016-08-24T19:08:00Z,108.23,108.235,108.15,108.161
2016-08-24T19:09:00Z,108.16,108.2,108.1341,108.14
2016-08-24T19:10:00Z,108.141,108.1532,108.1,108.1301
2016-08-24T19:11:00Z,108.14,108.1665,108.1,108.15
2016-08-24T19:12:00Z,108.1401,108.18,108.12,108.1708
2016-08-24T19:13:00Z,108.18,108.18,108.125,108.14
2016-08-24T19:14:00Z,108.14,108.1486,108.08,108.09
2016-08-24T19:15:00Z,108.08,108.1339,108.0741,108.12
2016-08-24T19:16:00Z,108.125,108.1284,108.09,108.1001
2016-08-24T19:17:00Z,108.1,108.115,108.07,108.11
2016-08-24T19:18:00Z,108.12,108.205,108.1123,108.2
2016-08-24T19:19:00Z,108.19,108.21,108.15,108.1795
2016-08-24T19:20:00Z,108.17,108.17,108.1,108.15
2016-08-24T19:21:00Z,108.15,108.15,108.085,108.1346
2016-08-24T19:22:00Z,108.13,108.14,108.11,108.13
2016-08-24T19:23:00Z,108.1363,108.16,108.13,108.14
2016-08-24T19:24:00Z,108.15,108.185,108.125,108.1542
2016-08-24T19:25:00Z,108.15,108.15,108.1,108.1254
2016-08-24T19:26:00Z,108.12,108.13,108.095,108.11
2016-08-24T19:27:00Z,108.106,108.14,108.1,108.1263
2016-08-24T19:28:00Z,108.13,108.17,108.12,108.1346
2016-08-24T19:29:00Z,108.1341,108.15,108.12,108.1201
2016-08-24T19:30:00Z,108.125,108.15,108.1,108.105
2016-08-24T19:31:00Z,108.1046,108.14,108.09,108.126
2016-08-24T19:32:00Z,108.13,108.175,108.12,108.16
2016-08-24T19:33:00Z,108.165,108.18,108.08,108.09
2016-08-24T19:34:00Z,108.09,108.1,108.065,108.0815
2016-08-24T19:35:00Z,108.09,108.1,108.035,108.0875
2016-08-24T19:36:00Z,108.08,108.09,108,108.01
2016-08-24T19:37:00Z,108.02,108.02,107.925,107.95
2016-08-24T19:38:00Z,107.94,107.94,107.87,107.92
2016-08-24T19:39:00Z,107.92,107.94,107.87,107.88
2016-08-24T19:40:00Z,107.885,107.89,107.81,107.81
2016-08-24T19:41:00Z,107.82,107.86,107.81,107.85
2016-08-24T19:42:00Z,107.85,107.88,107.84,107.875
2016-08-24T19:43:00Z,107.8758,107.88,107.8,107.82
2016-08-24T19:44:00Z,107.82,107.85,107.81,107.82
2016-08-24T19:45:00Z,107.81,107.82,107.8,107.808
2016-08-24T19:46:00Z,107.81,107.84,107.76,107.765
2016-08-24T19:47:00Z,107.765,107.82,107.73,107.73
2016-08-24T19:48:00Z,107.73,107.76,107.68,107.71
2016-08-24T19:49:00Z,107.71,107.76,107.701,107.755
2016-08-24T19:50:00Z,107.74,107.84,107.735,107.81
2016-08-24T19:51:00Z,107.81,107.89,107.81,107.855
2016-08-24T19:52:00Z,107.85,107.86,107.84,107.85
2016-08-24T19:53:00Z,107.86,107.86,107.82,107.835
2016-08-24T19:54:00Z,107.84,107.92,107.83,107.91
2016-08-24T19:55:00Z,107.91,107.92,107.86,107.88
2016-08-24T19:56:00Z,107.88,107.9,107.85,107.87
2016-08-24T19:57:00Z,107.86,107.9,107.85,107.9
2016-08-24T19:58:00Z,107.9,107.9,107.88,107.9
2016-08-24T19:59:00Z,107.89,108.09,107.89,108.03
