2020-04-27T13:30:00Z,281.83,282.4,281.55,281.74
2020-04-27T13:31:00Z,281.79,281.9,281.01,281.142
2020-04-27T13:32:00Z,281.06,281.1236,280.31,280.7438
2020-04-27T13:33:00Z,280.73,280.96,280.52,280.78
2020-04-27T13:34:00Z,280.7601,281,280.22,280.24
2020-04-27T13:35:00Z,280.24,280.67,280.2002,280.44
2020-04-27T13:36:00Z,280.42,280.42,279.95,280.03
2020-04-27T13:37:00Z,280.076,280.56,279.96,280.43
2020-04-27T13:38:00Z,280.425,280.8296,280.35,280.72
2020-04-27T13:39:00Z,280.72,281.1,280.3,281.1
2020-04-27T13:40:00Z,281.06,281.33,280.6,280.71
2020-04-27T13:41:00Z,280.73,280.7455,280.043,280.49
2020-04-27T13:42:00Z,280.47,281.1317,280.45,280.83
2020-04-27T13:43:00Z,280.8,281.069,280.73,280.92
2020-04-27T13:44:00Z,280.85,281,280.4225,280.535
2020-04-27T13:45:00Z,280.555,280.7999,280.48,280.69
2020-04-27T13:46:00Z,280.74,281.08,280.7,280.895
2020-04-27T13:47:00Z,280.88,281.02,280.62,280.945
2020-04-27T13:48:00Z,280.98,281.26,280.72,281.257
2020-04-27T13:49:00Z,281.23,281.7,281.23,281.53
2020-04-27T13:50:00Z,281.52,282.32,281.44,282.1495
2020-04-27T13:51:00Z,282.14,282.62,282.03,282.3704
2020-04-27T13:52:00Z,282.3902,283.1,282.39,282.79
2020-04-27T13:53:00Z,282.78,283.0816,282.75,282.9999
2020-04-27T13:54:00Z,283,283.74,282.952,283.46
2020-04-27T13:55:00Z,283.49,283.61,283.16,283.38
2020-04-27T13:56:00Z,283.35,283.6027,283.17,283.4282
2020-04-27T13:57:00Z,283.415,283.62,283.355,283.4297
2020-04-27T13:58:00Z,283.44,284,283.39,283.87
2020-04-27T13:59:00Z,283.81,284.23,283.77,284.19
2020-04-27T14:00:00Z,284.17,284.2,283.63,283.9529
2020-04-27T14:01:00Z,283.96,284.185,283.85,284.03
2020-04-27T14:02:00Z,284.105,284.19,283.95,284.05
2020-04-27T14:03:00Z,284.0771,284.5,284.0771,284.395
2020-04-27T14:04:00Z,284.3843,284.54,284.2002,284.24
2020-04-27T14:05:00Z,284.24,284.54,284.15,284.2399
2020-04-27T14:06:00Z,284.225,284.45,283.98,284.14
2020-04-27T14:07:00Z,284.15,284.45,284.06,284.07
2020-04-27T14:08:00Z,284.07,284.27,284,284.04
2020-04-27T14:09:00Z,284.04,284.12,283.58,283.655
2020-04-27T14:10:00Z,283.67,283.75,283.45,283.46
2020-04-27T14:11:00Z,283.4673,283.88,283.37,283.815
2020-04-27T14:12:00Z,283.8001,283.87,283.5402,283.6
2020-04-27T14:13:00Z,283.6,283.645,283.34,283.6176
2020-04-27T14:14:00Z,283.64,283.77,283.58,283.61
2020-04-27T14:15:00Z,283.61,283.8,283.3,283.4
2020-04-27T14:16:00Z,283.36,283.4973,283.21,283.39
2020-04-27T14:17:00Z,283.395,283.7099,283.395,283.7
2020-04-27T14:18:00Z,283.67,283.76,283.5844,283.61
2020-04-27T14:19:00Z,283.61,283.61,283.36,283.525
2020-04-27T14:20:00Z,283.51,283.96,283.51,283.66
2020-04-27T14:21:00Z,283.67,283.67,283.11,283.15
2020-04-27T14:22:00Z,283.15,283.3025,283.0693,283.08
2020-04-27T14:23:00Z,283.0701,283.2883,283,283.1595
2020-04-27T14:24:00Z,283.17,283.225,283.0201,283.0501
2020-04-27T14:25:00Z,283.05,283.07,282.89,282.99
2020-04-27T14:26:00Z,282.99,283.315,282.965,283.105
2020-04-27T14:27:00Z,283.13,283.178,282.65,282.68
2020-04-27T14:28:00Z,282.6753,282.99,282.6701,282.93
2020-04-27T14:29:00Z,282.937,283.22,282.9024,283.14
2020-04-27T14:30:00Z,283.15,283.24,282.9,282.942
2020-04-27T14:31:00Z,282.98,283.04,282.6805,282.72
2020-04-27T14:32:00Z,282.72,282.94,282.62,282.8193
2020-04-27T14:33:00Z,282.8318,282.85,282.73,282.815
2020-04-27T14:34:00Z,282.84,282.85,282.22,282.35
2020-04-27T14:35:00Z,282.35,282.35,281.91,282.25
2020-04-27T14:36:00Z,282.26,282.52,282.16,282.3116
2020-04-27T14:37:00Z,282.3183,282.36,281.91,281.9297
2020-04-27T14:38:00Z,281.92,282.21,281.92,282.1791
2020-04-27T14:39:00Z,282.16,282.23,281.92,282.23
2020-04-27T14:40:00Z,282.22,282.26,282.1,282.1
2020-04-27T14:41:00Z,282.125,282.24,282.02,282.1501
2020-04-27T14:42:00Z,282.15,282.15,281.91,282
2020-04-27T14:43:00Z,282.02,282.031,281.77,281.9599
2020-04-27T14:44:00Z,281.94,282,281.72,281.75
2020-04-27T14:45:00Z,281.76,281.76,281.34,281.34
2020-04-27T14:46:00Z,281.3988,281.45,281.05,281.29
2020-04-27T14:47:00Z,281.29,281.52,281.25,281.47
2020-04-27T14:48:00Z,281.4903,281.56,281.15,281.23
2020-04-27T14:49:00Z,281.23,281.4708,281.2,281.4708
2020-04-27T14:50:00Z,281.4762,281.665,281.12,281.15
2020-04-27T14:51:00Z,281.14,281.54,281.13,281.4501
2020-04-27T14:52:00Z,281.48,282.08,281.48,282.0482
2020-04-27T14:53:00Z,282.05,282.0583,281.73,281.7858
2020-04-27T14:54:00Z,281.8,281.8999,281.57,281.8778
2020-04-27T14:55:00Z,281.892,281.97,281.78,281.94
2020-04-27T14:56:00Z,281.95,282.13,281.9,282.04
2020-04-27T14:57:00Z,282.05,282.1,281.78,281.81
2020-04-27T14:58:00Z,281.81,281.91,281.62,281.66
2020-04-27T14:59:00Z,281.685,281.69,281.232,281.37
2020-04-27T15:00:00Z,281.35,281.56,281.12,281.14
2020-04-27T15:01:00Z,281.15,281.15,280.71,280.9
2020-04-27T15:02:00Z,280.88,281.35,280.88,281.25
2020-04-27T15:03:00Z,281.28,281.351,281.1665,281.28
2020-04-27T15:04:00Z,281.3012,281.474,281.2,281.39
2020-04-27T15:05:00Z,281.395,281.671,281.37,281.66
2020-04-27T15:06:00Z,281.67,281.815,281.47,281.81
2020-04-27T15:07:00Z,281.81,282,281.76,282
2020-04-27T15:08:00Z,281.97,282,281.78,281.8893
2020-04-27T15:09:00Z,281.93,282.09,281.88,282.0758
2020-04-27T15:10:00Z,282.065,282.2593,281.9,282.08
2020-04-27T15:11:00Z,282.04,282.2299,281.9,282.095
2020-04-27T15:12:00Z,282.1057,282.43,282.1,282.43
2020-04-27T15:13:00Z,282.43,282.59,282.35,282.59
2020-04-27T15:14:00Z,282.58,282.6927,282.48,282.57
2020-04-27T15:15:00Z,282.58,282.68,282.5,282.54
2020-04-27T15:16:00Z,282.534,282.5497,282.32,282.4208
2020-04-27T15:17:00Z,282.4322,282.5,282.2302,282.475
2020-04-27T15:18:00Z,282.48,282.63,282.45,282.6266
2020-04-27T15:19:00Z,282.62,282.97,282.618,282.91
2020-04-27T15:20:00Z,282.915,283.01,282.7007,282.92
2020-04-27T15:21:00Z,282.91,282.94,282.77,282.87
2020-04-27T15:22:00Z,282.8501,282.86,282.68,282.77
2020-04-27T15:23:00Z,282.77,282.81,282.54,282.735
2020-04-27T15:24:00Z,282.69,282.98,282.68,282.88
2020-04-27T15:25:00Z,282.86,283.15,282.77,283.09
2020-04-27T15:26:00Z,283.09,283.16,282.9301,283.16
2020-04-27T15:27:00Z,283.1531,283.31,283.05,283.31
2020-04-27T15:28:00Z,283.29,283.315,283.07,283.085
2020-04-27T15:29:00Z,283.08,283.2,283.02,283.11
2020-04-27T15:30:00Z,283.11,283.21,283.02,283.02
2020-04-27T15:31:00Z,283.05,283.1382,282.9,283.1382
2020-04-27T15:32:00Z,283.1,283.25,282.87,282.92
2020-04-27T15:33:00Z,282.92,283.25,282.92,283.2
2020-04-27T15:34:00Z,283.19,283.33,282.9844,282.9844
2020-04-27T15:35:00Z,283,283.07,282.82,283.04
2020-04-27T15:36:00Z,283.0615,283.09,282.95,282.97
2020-04-27T15:37:00Z,282.9813,283.15,282.98,283.06
2020-04-27T15:38:00Z,283.06,283.25,283.0301,283.13
2020-04-27T15:39:00Z,283.12,283.19,282.95,282.95
2020-04-27T15:40:00Z,282.9356,283.06,282.82,282.8562
2020-04-27T15:41:00Z,282.89,282.91,282.68,282.81
2020-04-27T15:42:00Z,282.815,282.82,282.68,282.77
2020-04-27T15:43:00Z,282.78,282.91,282.76,282.845
2020-04-27T15:44:00Z,282.851,282.915,282.65,282.9
2020-04-27T15:45:00Z,282.9017,282.95,282.8,282.8499
2020-04-27T15:46:00Z,282.83,282.9896,282.82,282.93
2020-04-27T15:47:00Z,282.945,283.05,282.87,282.91
2020-04-27T15:48:00Z,282.9099,282.94,282.6101,282.79
2020-04-27T15:49:00Z,282.785,282.815,282.5802,282.64
2020-04-27T15:50:00Z,282.635,282.79,282.56,282.5854
2020-04-27T15:51:00Z,282.59,282.66,282.46,282.58
2020-04-27T15:52:00Z,282.5601,282.6499,282.27,282.3451
2020-04-27T15:53:00Z,282.3391,282.51,282.32,282.4186
2020-04-27T15:54:00Z,282.41,282.48,282.27,282.31
2020-04-27T15:55:00Z,282.32,282.6,282.32,282.4
2020-04-27T15:56:00Z,282.3807,282.3807,282.2,282.31
2020-04-27T15:57:00Z,282.27,282.39,282.25,282.36
2020-04-27T15:58:00Z,282.37,282.37,282.11,282.14
2020-04-27T15:59:00Z,282.1403,282.2599,282.11,282.231
2020-04-27T16:00:00Z,282.24,282.4599,281.96,281.96
2020-04-27T16:01:00Z,281.96,282.1027,281.9,282.03
2020-04-27T16:02:00Z,282.03,282.0699,281.8,281.83
2020-04-27T16:03:00Z,281.821,281.8253,281.5,281.6693
2020-04-27T16:04:00Z,281.635,281.7,281.38,281.4
2020-04-27T16:05:00Z,281.42,281.67,281.42,281.475
2020-04-27T16:06:00Z,281.48,281.74,281.4,281.5534
2020-04-27T16:07:00Z,281.54,281.71,281.54,281.64
2020-04-27T16:08:00Z,281.69,281.82,281.54,281.54
2020-04-27T16:09:00Z,281.51,281.62,281.4375,281.54
2020-04-27T16:10:00Z,281.52,281.66,281.25,281.36
2020-04-27T16:11:00Z,281.41,281.4707,281.3,281.41
2020-04-27T16:12:00Z,281.46,281.47,281.2,281.31
2020-04-27T16:13:00Z,281.3,281.3172,281.1,281.2675
2020-04-27T16:14:00Z,281.25,281.4913,281.18,281.465
2020-04-27T16:15:00Z,281.462,281.88,281.38,281.88
2020-04-27T16:16:00Z,281.9,282.075,281.88,282.01
2020-04-27T16:17:00Z,282,282.17,281.97,282.03
2020-04-27T16:18:00Z,282.02,282.09,281.92,281.9416
2020-04-27T16:19:00Z,281.9356,282.04,281.9356,282
2020-04-27T16:20:00Z,281.995,282.02,281.87,281.8899
2020-04-27T16:21:00Z,281.87,282.0563,281.7102,282
2020-04-27T16:22:00Z,282.0099,282.1398,281.99,282.03
2020-04-27T16:23:00Z,282.02,282.02,281.83,281.9616
2020-04-27T16:24:00Z,281.9501,282.056,281.9,282.04
2020-04-27T16:25:00Z,282.03,282.1,281.96,282.03
2020-04-27T16:26:00Z,282.016,282.08,281.92,282.03
2020-04-27T16:27:00Z,282.0188,282.0188,281.8,281.8
2020-04-27T16:28:00Z,281.8,281.8,281.52,281.71
2020-04-27T16:29:00Z,281.73,281.79,281.68,281.75
2020-04-27T16:30:00Z,281.77,281.918,281.76,281.8301
2020-04-27T16:31:00Z,281.85,282.0699,281.85,282.0618
2020-04-27T16:32:00Z,282.058,282.23,282.0444,282.1701
2020-04-27T16:33:00Z,282.15,282.15,281.88,282.1087
2020-04-27T16:34:00Z,282.1,282.21,282.08,282.1321
2020-04-27T16:35:00Z,282.1206,282.42,282.1013,282.22
2020-04-27T16:36:00Z,282.22,282.36,282.15,282.155
2020-04-27T16:37:00Z,282.1284,282.16,281.88,282.04
2020-04-27T16:38:00Z,282.03,282.1,281.99,282.03
2020-04-27T16:39:00Z,282,282.06,281.85,282.06
2020-04-27T16:40:00Z,282.04,282.08,281.73,281.85
2020-04-27T16:41:00Z,281.87,281.94,281.76,281.87
2020-04-27T16:42:00Z,281.8599,281.8599,281.62,281.6758
2020-04-27T16:43:00Z,281.7,281.925,281.64,281.9
2020-04-27T16:44:00Z,281.91,281.99,281.75,281.93
2020-04-27T16:45:00Z,281.92,281.96,281.64,281.71
2020-04-27T16:46:00Z,281.73,281.73,281.48,281.53
2020-04-27T16:47:00Z,281.524,281.67,281.5,281.65
2020-04-27T16:48:00Z,281.66,281.8,281.62,281.74
2020-04-27T16:49:00Z,281.74,281.775,281.68,281.6958
2020-04-27T16:50:00Z,281.71,281.87,281.68,281.865
2020-04-27T16:51:00Z,281.86,281.86,281.6,281.66
2020-04-27T16:52:00Z,281.68,281.68,281.54,281.58
2020-04-27T16:53:00Z,281.6,281.69,281.5532,281.69
2020-04-27T16:54:00Z,281.69,281.72,281.55,281.63
2020-04-27T16:55:00Z,281.62,281.87,281.62,281.755
2020-04-27T16:56:00Z,281.77,281.83,281.71,281.82
2020-04-27T16:57:00Z,281.83,281.94,281.75,281.87
2020-04-27T16:58:00Z,281.855,281.94,281.755,281.8482
2020-04-27T16:59:00Z,281.82,281.83,281.58,281.8
2020-04-27T17:00:00Z,281.8064,281.82,281.61,281.625
2020-04-27T17:01:00Z,281.61,281.6588,281.28,281.32
2020-04-27T17:02:00Z,281.348,281.425,281.29,281.32
2020-04-27T17:03:00Z,281.3502,281.37,281.03,281.1
2020-04-27T17:04:00Z,281.1,281.2619,281.1,281.2
2020-04-27T17:05:00Z,281.2,281.4,281.2,281.4
2020-04-27T17:06:00Z,281.42,281.42,281.27,281.2814
2020-04-27T17:07:00Z,281.27,281.3,281.21,281.3
2020-04-27T17:08:00Z,281.295,281.31,281.16,281.26
2020-04-27T17:09:00Z,281.255,281.28,281.1079,281.186
2020-04-27T17:10:00Z,281.19,281.305,281.18,281.22
2020-04-27T17:11:00Z,281.2,281.24,281.1,281.1621
2020-04-27T17:12:00Z,281.1579,281.3697,281.1579,281.29
2020-04-27T17:13:00Z,281.31,281.4599,281.2799,281.3429
2020-04-27T17:14:00Z,281.3442,281.41,281.29,281.36
2020-04-27T17:15:00Z,281.3461,281.44,281.12,281.165
2020-04-27T17:16:00Z,281.14,281.15,280.7183,281.03
2020-04-27T17:17:00Z,281.02,281.1498,281,281.0842
2020-04-27T17:18:00Z,281.0619,281.155,280.8501,280.878
2020-04-27T17:19:00Z,280.88,280.96,280.625,280.7899
2020-04-27T17:20:00Z,280.8,280.85,280.6801,280.7
2020-04-27T17:21:00Z,280.72,280.8099,280.63,280.7396
2020-04-27T17:22:00Z,280.73,280.97,280.73,280.7799
2020-04-27T17:23:00Z,280.767,280.77,280.545,280.545
2020-04-27T17:24:00Z,280.53,280.59,280.3522,280.41
2020-04-27T17:25:00Z,280.3848,280.7,280.36,280.62
2020-04-27T17:26:00Z,280.63,281.71,280.6111,280.88
2020-04-27T17:27:00Z,280.87,281.09,280.87,281.04
2020-04-27T17:28:00Z,281.02,281.11,281.01,281.04
2020-04-27T17:29:00Z,281.08,281.175,281.01,281.05
2020-04-27T17:30:00Z,281.06,281.15,280.895,281.11
2020-04-27T17:31:00Z,281.1,281.1065,280.93,281.01
2020-04-27T17:32:00Z,281.01,281.056,280.78,280.91
2020-04-27T17:33:00Z,280.92,280.9693,280.85,280.86
2020-04-27T17:34:00Z,280.845,280.9399,280.75,280.9261
2020-04-27T17:35:00Z,280.91,281.01,280.56,280.71
2020-04-27T17:36:00Z,280.738,281.01,280.71,281.01
2020-04-27T17:37:00Z,280.99,281.31,280.99,281.31
2020-04-27T17:38:00Z,281.32,281.341,281.15,281.21
2020-04-27T17:39:00Z,281.235,281.29,281.16,281.22
2020-04-27T17:40:00Z,281.22,281.47,281.2,281.4
2020-04-27T17:41:00Z,281.37,281.5597,281.3,281.4365
2020-04-27T17:42:00Z,281.4277,281.4301,281.13,281.19
2020-04-27T17:43:00Z,281.2,281.41,281.2,281.3251
2020-04-27T17:44:00Z,281.295,281.52,281.24,281.3999
2020-04-27T17:45:00Z,281.3691,281.4,281.2,281.4
2020-04-27T17:46:00Z,281.39,281.39,281.21,281.24
2020-04-27T17:47:00Z,281.2352,281.57,281.21,281.38
2020-04-27T17:48:00Z,281.36,281.4399,281.28,281.305
2020-04-27T17:49:00Z,281.32,281.45,281.2132,281.36
2020-04-27T17:50:00Z,281.35,281.6174,281.32,281.59
2020-04-27T17:51:00Z,281.62,281.7807,281.59,281.74
2020-04-27T17:52:00Z,281.7366,281.84,281.64,281.77
2020-04-27T17:53:00Z,281.78,281.78,281.63,281.71
2020-04-27T17:54:00Z,281.71,281.81,281.65,281.78
2020-04-27T17:55:00Z,281.7876,281.97,281.69,281.8062
2020-04-27T17:56:00Z,281.81,281.88,281.7,281.82
2020-04-27T17:57:00Z,281.83,281.85,281.75,281.75
2020-04-27T17:58:00Z,281.72,281.7299,281.56,281.68
2020-04-27T17:59:00Z,281.75,281.81,281.59,281.7194
2020-04-27T18:00:00Z,281.695,282.09,281.695,281.9
2020-04-27T18:01:00Z,281.9125,282.12,281.8801,282.0865
2020-04-27T18:02:00Z,282.055,282.18,281.94,281.98
2020-04-27T18:03:00Z,281.96,282.16,281.92,282.08
2020-04-27T18:04:00Z,282.0727,282.2,282.0101,282.0698
2020-04-27T18:05:00Z,282.0726,282.35,281.93,282.19
2020-04-27T18:06:00Z,282.18,282.26,282.11,282.1837
2020-04-27T18:07:00Z,282.19,282.24,281.9301,282.07
2020-04-27T18:08:00Z,282.05,282.16,282.03,282.135
2020-04-27T18:09:00Z,282.11,282.11,281.95,282.0699
2020-04-27T18:10:00Z,282.0399,282.23,282.01,282.18
2020-04-27T18:11:00Z,282.16,282.25,282.14,282.21
2020-04-27T18:12:00Z,282.22,282.25,282.17,282.17
2020-04-27T18:13:00Z,282.165,282.22,282.0994,282.185
2020-04-27T18:14:00Z,282.17,282.3,282.11,282.11
2020-04-27T18:15:00Z,282.1,282.2201,282.0201,282.11
2020-04-27T18:16:00Z,282.1,282.11,281.9088,282.05
2020-04-27T18:17:00Z,282.06,282.2,282.06,282.16
2020-04-27T18:18:00Z,282.1401,282.22,282.14,282.171
2020-04-27T18:19:00Z,282.16,282.36,282.16,282.235
2020-04-27T18:20:00Z,282.24,282.45,282.22,282.4214
2020-04-27T18:21:00Z,282.42,282.48,282.34,282.455
2020-04-27T18:22:00Z,282.4684,282.4756,282.32,282.33
2020-04-27T18:23:00Z,282.33,282.47,282.29,282.47
2020-04-27T18:24:00Z,282.48,282.65,282.48,282.49
2020-04-27T18:25:00Z,282.5,282.56,282.376,282.4514
2020-04-27T18:26:00Z,282.4348,282.435,282.3353,282.41
2020-04-27T18:27:00Z,282.42,282.51,282.38,282.41
2020-04-27T18:28:00Z,282.46,282.5,282.38,282.4
2020-04-27T18:29:00Z,282.41,282.56,282.41,282.46
2020-04-27T18:30:00Z,282.485,282.58,282.361,282.39
2020-04-27T18:31:00Z,282.4,282.6,282.35,282.58
2020-04-27T18:32:00Z,282.585,282.7,282.54,282.67
2020-04-27T18:33:00Z,282.651,282.77,282.651,282.71
2020-04-27T18:34:00Z,282.69,282.76,282.66,282.705
2020-04-27T18:35:00Z,282.7005,282.82,282.6504,282.72
2020-04-27T18:36:00Z,282.73,282.86,282.73,282.85
2020-04-27T18:37:00Z,282.84,282.9727,282.8303,282.935
2020-04-27T18:38:00Z,282.93,283.01,282.82,282.93
2020-04-27T18:39:00Z,282.926,282.935,282.7309,282.82
2020-04-27T18:40:00Z,282.8039,283.02,282.8039,282.945
2020-04-27T18:41:00Z,282.9292,283,282.92,282.95
2020-04-27T18:42:00Z,282.96,283,282.87,282.92
2020-04-27T18:43:00Z,282.92,282.97,282.77,282.94
2020-04-27T18:44:00Z,282.94,282.95,282.865,282.8999
2020-04-27T18:45:00Z,282.89,282.96,282.76,282.82
2020-04-27T18:46:00Z,282.82,282.85,282.78,282.81
2020-04-27T18:47:00Z,282.8239,282.83,282.7501,282.77
2020-04-27T18:48:00Z,282.786,282.786,282.55,282.7104
2020-04-27T18:49:00Z,282.72,282.95,282.71,282.82
2020-04-27T18:50:00Z,282.81,282.815,282.6,282.7528
2020-04-27T18:51:00Z,282.76,282.765,282.45,282.5929
2020-04-27T18:52:00Z,282.595,282.595,282.4401,282.5218
2020-04-27T18:53:00Z,282.53,282.67,282.5073,282.59
2020-04-27T18:54:00Z,282.6,282.61,282.49,282.58
2020-04-27T18:55:00Z,282.6194,282.6194,282.48,282.55
2020-04-27T18:56:00Z,282.55,282.69,282.5411,282.5835
2020-04-27T18:57:00Z,282.58,282.83,282.58,282.8299
2020-04-27T18:58:00Z,282.84,282.84,282.62,282.65
2020-04-27T18:59:00Z,282.665,282.69,282.48,282.586
2020-04-27T19:00:00Z,282.6002,282.6475,282.4851,282.54
2020-04-27T19:01:00Z,282.5401,282.7399,282.52,282.71
2020-04-27T19:02:00Z,282.71,282.748,282.555,282.745
2020-04-27T19:03:00Z,282.75,282.96,282.7,282.96
2020-04-27T19:04:00Z,282.965,282.9797,282.796,282.815
2020-04-27T19:05:00Z,282.81,282.94,282.65,282.67
2020-04-27T19:06:00Z,282.6796,282.81,282.33,282.3386
2020-04-27T19:07:00Z,282.35,282.55,282.3345,282.531
2020-04-27T19:08:00Z,282.52,282.56,282.48,282.53
2020-04-27T19:09:00Z,282.5453,282.64,282.4,282.436
2020-04-27T19:10:00Z,282.45,282.49,282.37,282.4
2020-04-27T19:11:00Z,282.39,282.575,282.38,282.54
2020-04-27T19:12:00Z,282.55,282.59,282.45,282.56
2020-04-27T19:13:00Z,282.53,282.7,282.53,282.7
2020-04-27T19:14:00Z,282.7074,282.8156,282.67,282.73
2020-04-27T19:15:00Z,282.7261,282.85,282.64,282.7523
2020-04-27T19:16:00Z,282.7453,282.8,282.65,282.79
2020-04-27T19:17:00Z,282.8,282.94,282.69,282.72
2020-04-27T19:18:00Z,282.71,282.8699,282.6842,282.765
2020-04-27T19:19:00Z,282.769,282.95,282.7,282.86
2020-04-27T19:20:00Z,282.87,283.18,282.8632,283.0878
2020-04-27T19:21:00Z,283.07,283.1062,282.96,283.02
2020-04-27T19:22:00Z,283,283.1,282.95,283.0547
2020-04-27T19:23:00Z,283.0605,283.14,283.02,283.05
2020-04-27T19:24:00Z,283.05,283.17,282.97,283.0601
2020-04-27T19:25:00Z,283.0775,283.0775,282.72,282.8577
2020-04-27T19:26:00Z,282.8504,282.99,282.78,282.84
2020-04-27T19:27:00Z,282.84,282.906,282.5,282.59
2020-04-27T19:28:00Z,282.57,282.71,282.4228,282.4828
2020-04-27T19:29:00Z,282.47,282.64,282.47,282.5548
2020-04-27T19:30:00Z,282.59,282.771,282.54,282.67
2020-04-27T19:31:00Z,282.66,282.8,282.62,282.78
2020-04-27T19:32:00Z,282.74,282.74,282.41,282.42
2020-04-27T19:33:00Z,282.41,282.77,282.41,282.62
2020-04-27T19:34:00Z,282.6299,282.8,282.57,282.8
2020-04-27T19:35:00Z,282.81,282.92,282.76,282.85
2020-04-27T19:36:00Z,282.85,282.85,282.6529,282.6811
2020-04-27T19:37:00Z,282.67,282.77,282.55,282.77
2020-04-27T19:38:00Z,282.775,282.92,282.77,282.8422
2020-04-27T19:39:00Z,282.84,282.84,282.6686,282.6858
2020-04-27T19:40:00Z,282.6998,282.85,282.68,282.83
2020-04-27T19:41:00Z,282.83,282.91,282.8,282.88
2020-04-27T19:42:00Z,282.87,282.93,282.73,282.87
2020-04-27T19:43:00Z,282.86,282.94,282.83,282.9
2020-04-27T19:44:00Z,282.909,283,282.81,282.995
2020-04-27T19:45:00Z,282.98,283.03,282.87,283.03
2020-04-27T19:46:00Z,283.02,283.1,282.99,283.03
2020-04-27T19:47:00Z,283.04,283.1,282.9428,283.01
2020-04-27T19:48:00Z,283.05,283.0798,282.96,282.9888
2020-04-27T19:49:00Z,282.98,283.19,282.96,283.13
2020-04-27T19:50:00Z,283.19,283.62,282.6,283.085
2020-04-27T19:51:00Z,283.11,283.18,282.87,282.93
2020-04-27T19:52:00Z,282.9222,283,282.76,282.9
2020-04-27T19:53:00Z,282.8821,283.05,282.83,282.9761
2020-04-27T19:54:00Z,282.95,283.15,282.8,283.03
2020-04-27T19:55:00Z,283.03,283.05,282.82,282.91
2020-04-27T19:56:00Z,282.9114,283.09,282.88,283.0685
2020-04-27T19:57:00Z,283.1,283.4,283.07,283.36
2020-04-27T19:58:00Z,283.37,283.45,283.12,283.15
2020-04-27T19:59:00Z,283.13,283.39,282.68,283.25
