2017-07-25T13:30:00Z,151.8,152.4319,151.8,152.3646
2017-07-25T13:31:00Z,152.34,152.45,152.34,152.45
2017-07-25T13:32:00Z,152.4473,152.66,152.42,152.65
2017-07-25T13:33:00Z,152.6599,152.94,152.655,152.89
2017-07-25T13:34:00Z,152.89,152.93,152.67,152.761
2017-07-25T13:35:00Z,152.76,152.92,152.751,152.865
2017-07-25T13:36:00Z,152.8625,152.9,152.78,152.79
2017-07-25T13:37:00Z,152.79,152.84,152.73,152.801
2017-07-25T13:38:00Z,152.81,152.99,152.72,152.9662
2017-07-25T13:39:00Z,152.965,152.97,152.81,152.8892
2017-07-25T13:40:00Z,152.89,152.93,152.805,152.93
2017-07-25T13:41:00Z,152.94,152.98,152.82,152.97
2017-07-25T13:42:00Z,152.971,153.23,152.95,153.21
2017-07-25T13:43:00Z,153.2,153.372,153.16,153.3599
2017-07-25T13:44:00Z,153.348,153.43,153.3,153.4
2017-07-25T13:45:00Z,153.41,153.41,153.19,153.19
2017-07-25T13:46:00Z,153.2308,153.31,153.15,153.2503
2017-07-25T13:47:00Z,153.24,153.26,153.17,153.21
2017-07-25T13:48:00Z,153.21,153.25,153.15,153.19
2017-07-25T13:49:00Z,153.2,153.21,153.06,153.11
2017-07-25T13:50:00Z,153.09,153.18,153.01,153.14
2017-07-25T13:51:00Z,153.14,153.32,153.1102,153.19
2017-07-25T13:52:00Z,153.19,153.255,153.17,153.2444
2017-07-25T13:53:00Z,153.245,153.37,153.16,153.29
2017-07-25T13:54:00Z,153.295,153.46,153.29,153.445
2017-07-25T13:55:00Z,153.45,153.47,153.37,153.46
2017-07-25T13:56:00Z,153.46,153.56,153.455,153.53
2017-07-25T13:57:00Z,153.53,153.55,153.48,153.51
2017-07-25T13:58:00Z,153.53,153.69,153.51,153.6654
2017-07-25T13:59:00Z,153.67,153.695,153.5945,153.5945
2017-07-25T14:00:00Z,153.6,153.71,153.57,153.57
2017-07-25T14:01:00Z,153.5764,153.58,153.43,153.49
2017-07-25T14:02:00Z,153.491,153.53,153.45,153.53
2017-07-25T14:03:00Z,153.54,153.56,153.48,153.5302
2017-07-25T14:04:00Z,153.55,153.64,153.55,153.575
2017-07-25T14:05:00Z,153.58,153.6,153.55,153.575
2017-07-25T14:06:00Z,153.57,153.58,153.53,153.53
2017-07-25T14:07:00Z,153.54,153.545,153.42,153.439
2017-07-25T14:08:00Z,153.448,153.455,153.32,153.36
2017-07-25T14:09:00Z,153.36,153.37,153.26,153.3207
2017-07-25T14:10:00Z,153.33,153.44,153.3,153.43
2017-07-25T14:11:00Z,153.45,153.55,153.425,153.53
2017-07-25T14:12:00Z,153.53,153.58,153.48,153.53
2017-07-25T14:13:00Z,153.52,153.53,153.44,153.49
2017-07-25T14:14:00Z,153.485,153.485,153.36,153.38
2017-07-25T14:15:00Z,153.3855,153.5,153.37,153.48
2017-07-25T14:16:00Z,153.49,153.55,153.4828,153.52
2017-07-25T14:17:00Z,153.53,153.615,153.51,153.5488
2017-07-25T14:18:00Z,153.55,153.61,153.55,153.5718
2017-07-25T14:19:00Z,153.5688,153.63,153.54,153.5699
2017-07-25T14:20:00Z,153.57,153.6946,153.57,153.68
2017-07-25T14:21:00Z,153.69,153.7,153.592,153.62
2017-07-25T14:22:00Z,153.62,153.62,153.47,153.58
2017-07-25T14:23:00Z,153.585,153.6126,153.54,153.555
2017-07-25T14:24:00Z,153.555,153.56,153.46,153.47
2017-07-25T14:25:00Z,153.47,153.54,153.46,153.52
2017-07-25T14:26:00Z,153.52,153.53,153.47,153.5034
2017-07-25T14:27:00Z,153.5,153.5446,153.49,153.5241
2017-07-25T14:28:00Z,153.525,153.525,153.48,153.5
2017-07-25T14:29:00Z,153.5,153.53,153.47,153.4737
2017-07-25T14:30:00Z,153.49,153.499,153.38,153.46
2017-07-25T14:31:00Z,153.47,153.49,153.45,153.475
2017-07-25T14:32:00Z,153.48,153.48,153.42,153.42
2017-07-25T14:33:00Z,153.43,153.43,153.37,153.38
2017-07-25T14:34:00Z,153.37,153.37,153.2601,153.28
2017-07-25T14:35:00Z,153.28,153.29,153.17,153.2
2017-07-25T14:36:00Z,153.2,153.22,153.13,153.19
2017-07-25T14:37:00Z,153.2,153.24,153.15,153.2
2017-07-25T14:38:00Z,153.2,153.21,153.15,153.16
2017-07-25T14:39:00Z,153.16,153.2,153.145,153.18
2017-07-25T14:40:00Z,153.19,153.26,153.18,153.24
2017-07-25T14:41:00Z,153.25,153.26,153.23,153.24
2017-07-25T14:42:00Z,153.24,153.26,153.19,153.24
2017-07-25T14:43:00Z,153.23,153.34,153.23,153.32
2017-07-25T14:44:00Z,153.325,153.3438,153.29,153.32
2017-07-25T14:45:00Z,153.3246,153.33,153.26,153.27
2017-07-25T14:46:00Z,153.2601,153.28,153.19,153.21
2017-07-25T14:47:00Z,153.21,153.2508,153.21,153.215
2017-07-25T14:48:00Z,153.22,153.22,153.16,153.1798
2017-07-25T14:49:00Z,153.19,153.3,153.19,153.3
2017-07-25T14:50:00Z,153.3,153.3062,153.25,153.29
2017-07-25T14:51:00Z,153.2964,153.32,153.27,153.27
2017-07-25T14:52:00Z,153.2693,153.325,153.24,153.32
2017-07-25T14:53:00Z,153.3158,153.32,153.25,153.2601
2017-07-25T14:54:00Z,153.2638,153.28,153.21,153.235
2017-07-25T14:55:00Z,153.24,153.3,153.23,153.29
2017-07-25T14:56:00Z,153.28,153.2899,153.205,153.2339
2017-07-25T14:57:00Z,153.24,153.26,153.23,153.24
2017-07-25T14:58:00Z,153.25,153.27,153.23,153.2501
2017-07-25T14:59:00Z,153.255,153.31,153.24,153.3053
2017-07-25T15:00:00Z,153.305,153.43,153.305,153.39
2017-07-25T15:01:00Z,153.385,153.49,153.38,153.46
2017-07-25T15:02:00Z,153.45,153.5,153.4201,153.4937
2017-07-25T15:03:00Z,153.5,153.53,153.49,153.524
2017-07-25T15:04:00Z,153.5238,153.54,153.48,153.52
2017-07-25T15:05:00Z,153.52,153.52,153.4713,153.4713
2017-07-25T15:06:00Z,153.4781,153.49,153.43,153.48
2017-07-25T15:07:00Z,153.49,153.51,153.43,153.43
2017-07-25T15:08:00Z,153.44,153.49,153.43,153.45
2017-07-25T15:09:00Z,153.46,153.505,153.44,153.48
2017-07-25T15:10:00Z,153.49,153.495,153.38,153.39
2017-07-25T15:11:00Z,153.39,153.61,153.38,153.53
2017-07-25T15:12:00Z,153.5248,153.54,153.49,153.5
2017-07-25T15:13:00Z,153.505,153.52,153.47,153.49
2017-07-25T15:14:00Z,153.4936,153.499,153.42,153.42
2017-07-25T15:15:00Z,153.4301,153.435,153.331,153.34
2017-07-25T15:16:00Z,153.348,153.348,153.24,153.2692
2017-07-25T15:17:00Z,153.26,153.37,153.24,153.36
2017-07-25T15:18:00Z,153.365,153.42,153.36,153.41
2017-07-25T15:19:00Z,153.41,153.4827,153.39,153.4827
2017-07-25T15:20:00Z,153.4871,153.52,153.48,153.4999
2017-07-25T15:21:00Z,153.495,153.52,153.44,153.45
2017-07-25T15:22:00Z,153.46,153.46,153.43,153.45
2017-07-25T15:23:00Z,153.4502,153.53,153.4502,153.48
2017-07-25T15:24:00Z,153.485,153.485,153.45,153.4646
2017-07-25T15:25:00Z,153.47,153.5,153.46,153.46
2017-07-25T15:26:00Z,153.47,153.52,153.4601,153.505
2017-07-25T15:27:00Z,153.5,153.505,153.4552,153.48
2017-07-25T15:28:00Z,153.49,153.5448,153.49,153.54
2017-07-25T15:29:00Z,153.55,153.56,153.46,153.485
2017-07-25T15:30:00Z,153.48,153.48,153.39,153.42
2017-07-25T15:31:00Z,153.42,153.4768,153.3848,153.47
2017-07-25T15:32:00Z,153.46,153.465,153.42,153.4525
2017-07-25T15:33:00Z,153.445,153.48,153.4101,153.47
2017-07-25T15:34:00Z,153.48,153.52,153.475,153.5038
2017-07-25T15:35:00Z,153.5001,153.53,153.47,153.5
2017-07-25T15:36:00Z,153.5,153.6,153.47,153.6
2017-07-25T15:37:00Z,153.61,153.71,153.61,153.7
2017-07-25T15:38:00Z,153.71,153.73,153.69,153.7
2017-07-25T15:39:00Z,153.71,153.73,153.69,153.72
2017-07-25T15:40:00Z,153.72,153.77,153.71,153.75
2017-07-25T15:41:00Z,153.74,153.81,153.73,153.7852
2017-07-25T15:42:00Z,153.79,153.81,153.735,153.75
2017-07-25T15:43:00Z,153.75,153.82,153.74,153.815
2017-07-25T15:44:00Z,153.8158,153.835,153.75,153.755
2017-07-25T15:45:00Z,153.76,153.7835,153.74,153.78
2017-07-25T15:46:00Z,153.79,153.8138,153.76,153.7658
2017-07-25T15:47:00Z,153.77,153.81,153.77,153.77
2017-07-25T15:48:00Z,153.7712,153.7799,153.75,153.7633
2017-07-25T15:49:00Z,153.765,153.77,153.72,153.7201
2017-07-25T15:50:00Z,153.7201,153.78,153.7201,153.7757
2017-07-25T15:51:00Z,153.78,153.815,153.7701,153.8054
2017-07-25T15:52:00Z,153.81,153.84,153.79,153.79
2017-07-25T15:53:00Z,153.79,153.8,153.74,153.74
2017-07-25T15:54:00Z,153.7327,153.7327,153.6639,153.685
2017-07-25T15:55:00Z,153.69,153.759,153.6854,153.7441
2017-07-25T15:56:00Z,153.75,153.76,153.7215,153.76
2017-07-25T15:57:00Z,153.755,153.77,153.71,153.75
2017-07-25T15:58:00Z,153.745,153.76,153.73,153.73
2017-07-25T15:59:00Z,153.73,153.736,153.67,153.68
2017-07-25T16:00:00Z,153.6765,153.7,153.65,153.7
2017-07-25T16:01:00Z,153.71,153.73,153.66,153.66
2017-07-25T16:02:00Z,153.66,153.66,153.58,153.5965
2017-07-25T16:03:00Z,153.6099,153.61,153.56,153.56
2017-07-25T16:04:00Z,153.57,153.67,153.57,153.62
2017-07-25T16:05:00Z,153.61,153.68,153.61,153.655
2017-07-25T16:06:00Z,153.65,153.65,153.61,153.6186
2017-07-25T16:07:00Z,153.6144,153.64,153.59,153.5901
2017-07-25T16:08:00Z,153.595,153.63,153.59,153.6
2017-07-25T16:09:00Z,153.5953,153.61,153.58,153.59
2017-07-25T16:10:00Z,153.59,153.59,153.5201,153.54
2017-07-25T16:11:00Z,153.545,153.55,153.51,153.52
2017-07-25T16:12:00Z,153.515,153.52,153.46,153.465
2017-07-25T16:13:00Z,153.465,153.47,153.42,153.4242
2017-07-25T16:14:00Z,153.42,153.435,153.4,153.4
2017-07-25T16:15:00Z,153.405,153.47,153.4,153.461
2017-07-25T16:16:00Z,153.48,153.5244,153.457,153.5222
2017-07-25T16:17:00Z,153.53,153.58,153.51,153.54
2017-07-25T16:18:00Z,153.54,153.55,153.5027,153.53
2017-07-25T16:19:00Z,153.53,153.54,153.39,153.395
2017-07-25T16:20:00Z,153.429,153.45,153.39,153.41
2017-07-25T16:21:00Z,153.4052,153.44,153.4,153.42
2017-07-25T16:22:00Z,153.43,153.45,153.4,153.45
2017-07-25T16:23:00Z,153.46,153.46,153.39,153.41
2017-07-25T16:24:00Z,153.41,153.41,153.3,153.305
2017-07-25T16:25:00Z,153.3,153.36,153.29,153.31
2017-07-25T16:26:00Z,153.3248,153.325,153.275,153.31
2017-07-25T16:27:00Z,153.31,153.375,153.3,153.3545
2017-07-25T16:28:00Z,153.3525,153.38,153.34,153.34
2017-07-25T16:29:00Z,153.349,153.37,153.33,153.355
2017-07-25T16:30:00Z,153.3599,153.42,153.3553,153.42
2017-07-25T16:31:00Z,153.42,153.44,153.38,153.39
2017-07-25T16:32:00Z,153.38,153.3804,153.32,153.36
2017-07-25T16:33:00Z,153.36,153.3756,153.35,153.36
2017-07-25T16:34:00Z,153.37,153.4,153.37,153.375
2017-07-25T16:35:00Z,153.38,153.43,153.38,153.41
2017-07-25T16:36:00Z,153.42,153.44,153.38,153.41
2017-07-25T16:37:00Z,153.41,153.41,153.39,153.41
2017-07-25T16:38:00Z,153.4146,153.42,153.37,153.4
2017-07-25T16:39:00Z,153.3901,153.43,153.38,153.41
2017-07-25T16:40:00Z,153.42,153.5099,153.419,153.49
2017-07-25T16:41:00Z,153.48,153.49,153.48,153.4801
2017-07-25T16:42:00Z,153.46,153.4898,153.46,153.46
2017-07-25T16:43:00Z,153.47,153.54,153.47,153.53
2017-07-25T16:44:00Z,153.53,153.54,153.48,153.5001
2017-07-25T16:45:00Z,153.5,153.52,153.49,153.49
2017-07-25T16:46:00Z,153.489,153.4899,153.46,153.46
2017-07-25T16:47:00Z,153.46,153.46,153.4083,153.425
2017-07-25T16:48:00Z,153.42,153.4263,153.39,153.405
2017-07-25T16:49:00Z,153.405,153.4299,153.39,153.415
2017-07-25T16:50:00Z,153.419,153.48,153.411,153.47
2017-07-25T16:51:00Z,153.475,153.485,153.4488,153.45
2017-07-25T16:52:00Z,153.45,153.45,153.41,153.4106
2017-07-25T16:53:00Z,153.41,153.4275,153.39,153.4275
2017-07-25T16:54:00Z,153.42,153.4436,153.4,153.4188
2017-07-25T16:55:00Z,153.42,153.4499,153.42,153.43
2017-07-25T16:56:00Z,153.42,153.429,153.41,153.415
2017-07-25T16:57:00Z,153.4146,153.425,153.3799,153.39
2017-07-25T16:58:00Z,153.4,153.41,153.37,153.37
2017-07-25T16:59:00Z,153.37,153.409,153.37,153.409
2017-07-25T17:00:00Z,153.4,153.41,153.37,153.3793
2017-07-25T17:01:00Z,153.38,153.41,153.37,153.4
2017-07-25T17:02:00Z,153.4,153.41,153.37,153.39
2017-07-25T17:03:00Z,153.3931,153.41,153.38,153.3957
2017-07-25T17:04:00Z,153.39,153.3988,153.37,153.37
2017-07-25T17:05:00Z,153.37,153.39,153.3664,153.3757
2017-07-25T17:06:00Z,153.37,153.39,153.36,153.378
2017-07-25T17:07:00Z,153.3746,153.3746,153.325,153.34
2017-07-25T17:08:00Z,153.345,153.349,153.32,153.341
2017-07-25T17:09:00Z,153.345,153.39,153.34,153.39
2017-07-25T17:10:00Z,153.4,153.42,153.385,153.42
2017-07-25T17:11:00Z,153.42,153.459,153.37,153.44
2017-07-25T17:12:00Z,153.4374,153.44,153.4247,153.439
2017-07-25T17:13:00Z,153.45,153.46,153.43,153.44
2017-07-25T17:14:00Z,153.4343,153.46,153.4,153.451
2017-07-25T17:15:00Z,153.4544,153.479,153.45,153.47
2017-07-25T17:16:00Z,153.475,153.51,153.475,153.5
2017-07-25T17:17:00Z,153.51,153.51,153.47,153.48
2017-07-25T17:18:00Z,153.485,153.4899,153.46,153.47
2017-07-25T17:19:00Z,153.475,153.49,153.47,153.48
2017-07-25T17:20:00Z,153.487,153.53,153.48,153.51
2017-07-25T17:21:00Z,153.5057,153.51,153.47,153.48
2017-07-25T17:22:00Z,153.4759,153.49,153.42,153.44
2017-07-25T17:23:00Z,153.43,153.44,153.4,153.4
2017-07-25T17:24:00Z,153.4,153.41,153.38,153.41
2017-07-25T17:25:00Z,153.41,153.4386,153.41,153.4344
2017-07-25T17:26:00Z,153.435,153.45,153.3996,153.4037
2017-07-25T17:27:00Z,153.405,153.41,152.28,153.39
2017-07-25T17:28:00Z,153.39,153.4,153.375,153.39
2017-07-25T17:29:00Z,153.41,153.48,153.41,153.44
2017-07-25T17:30:00Z,153.43,153.44,153.385,153.385
2017-07-25T17:31:00Z,153.3834,153.3869,153.365,153.37
2017-07-25T17:32:00Z,153.3748,153.3762,153.28,153.28
2017-07-25T17:33:00Z,153.28,153.3104,153.27,153.28
2017-07-25T17:34:00Z,153.3,153.33,153.29,153.29
2017-07-25T17:35:00Z,153.298,153.31,153.29,153.29
2017-07-25T17:36:00Z,153.29,153.325,153.279,153.3199
2017-07-25T17:37:00Z,153.32,153.36,153.31,153.34
2017-07-25T17:38:00Z,153.34,153.4,153.34,153.36
2017-07-25T17:39:00Z,153.36,153.44,153.36,153.41
2017-07-25T17:40:00Z,153.41,153.41,153.32,153.33
2017-07-25T17:41:00Z,153.32,153.3289,153.29,153.29
2017-07-25T17:42:00Z,153.2949,153.315,153.27,153.3065
2017-07-25T17:43:00Z,153.3,153.31,153.29,153.3
2017-07-25T17:44:00Z,153.305,153.305,153.26,153.285
2017-07-25T17:45:00Z,153.2852,153.2852,153.21,153.2343
2017-07-25T17:46:00Z,153.24,153.3065,153.14,153.1648
2017-07-25T17:47:00Z,153.18,153.22,153.18,153.205
2017-07-25T17:48:00Z,153.205,153.23,153.17,153.1866
2017-07-25T17:49:00Z,153.2,153.21,153.13,153.19
2017-07-25T17:50:00Z,153.1999,153.24,153.19,153.21
2017-07-25T17:51:00Z,153.22,153.245,153.1961,153.1984
2017-07-25T17:52:00Z,153.2,153.23,153.18,153.22
2017-07-25T17:53:00Z,153.22,153.2657,153.21,153.2657
2017-07-25T17:54:00Z,153.27,153.33,153.26,153.31
2017-07-25T17:55:00Z,153.32,153.36,153.3,153.3
2017-07-25T17:56:00Z,153.305,153.31,153.27,153.29
2017-07-25T17:57:00Z,153.29,153.3052,153.28,153.28
2017-07-25T17:58:00Z,153.27,153.29,153.23,153.2357
2017-07-25T17:59:00Z,153.23,153.26,153.21,153.22
2017-07-25T18:00:00Z,153.21,153.225,153.16,153.1657
2017-07-25T18:01:00Z,153.15,153.155,153.12,153.12
2017-07-25T18:02:00Z,153.1265,153.13,153.1,153.1
2017-07-25T18:03:00Z,153.1,153.15,153.08,153.1425
2017-07-25T18:04:00Z,153.14,153.16,153.08,153.1171
2017-07-25T18:05:00Z,153.12,153.1699,153.1,153.147
2017-07-25T18:06:00Z,153.1452,153.1557,153.1201,153.1332
2017-07-25T18:07:00Z,153.13,153.15,153.11,153.1423
2017-07-25T18:08:00Z,153.145,153.19,153.145,153.17
2017-07-25T18:09:00Z,153.175,153.2067,153.17,153.19
2017-07-25T18:10:00Z,153.2,153.23,153.19,153.22
2017-07-25T18:11:00Z,153.23,153.25,153.16,153.17
2017-07-25T18:12:00Z,153.17,153.195,153.17,153.18
2017-07-25T18:13:00Z,153.165,153.215,153.15,153.15
2017-07-25T18:14:00Z,153.165,153.18,153.14,153.16
2017-07-25T18:15:00Z,153.16,153.16,153.14,153.16
2017-07-25T18:16:00Z,153.1669,153.17,153.07,153.07
2017-07-25T18:17:00Z,153.0699,153.17,153.02,153.12
2017-07-25T18:18:00Z,153.1148,153.12,153.04,153.0404
2017-07-25T18:19:00Z,153.04,153.05,153.02,153.0271
2017-07-25T18:20:00Z,153.0299,153.09,153.02,153.03
2017-07-25T18:21:00Z,153.0256,153.04,152.96,153.0034
2017-07-25T18:22:00Z,153.01,153.0232,152.995,153.02
2017-07-25T18:23:00Z,153.02,153.058,152.9945,153.03
2017-07-25T18:24:00Z,153.0301,153.09,153.0301,153.07
2017-07-25T18:25:00Z,153.08,153.12,153.0799,153.115
2017-07-25T18:26:00Z,153.12,153.12,153.04,153.04
2017-07-25T18:27:00Z,153.04,153.05,153.02,153.05
2017-07-25T18:28:00Z,153.05,153.05,153.02,153.03
2017-07-25T18:29:00Z,153.0301,153.0452,153,153.04
2017-07-25T18:30:00Z,153.04,153.05,152.99,153.05
2017-07-25T18:31:00Z,153.05,153.05,152.88,152.9
2017-07-25T18:32:00Z,152.9,152.95,152.87,152.93
2017-07-25T18:33:00Z,152.94,152.94,152.89,152.915
2017-07-25T18:34:00Z,152.92,152.955,152.92,152.95
2017-07-25T18:35:00Z,152.955,152.99,152.95,152.96
2017-07-25T18:36:00Z,152.9501,153,152.9501,153
2017-07-25T18:37:00Z,153,153.0693,153,153.0599
2017-07-25T18:38:00Z,153.0519,153.0519,153.01,153.011
2017-07-25T18:39:00Z,153.02,153.02,152.97,152.98
2017-07-25T18:40:00Z,152.99,153.02,152.99,153.01
2017-07-25T18:41:00Z,153.005,153.03,153,153.0035
2017-07-25T18:42:00Z,153.009,153.009,152.96,152.97
2017-07-25T18:43:00Z,152.97,153.04,152.97,153.03
2017-07-25T18:44:00Z,153.03,153.05,152.99,153.02
2017-07-25T18:45:00Z,153.02,153.02,152.99,152.99
2017-07-25T18:46:00Z,152.98,152.9801,152.91,152.955
2017-07-25T18:47:00Z,152.95,152.9665,152.9,152.94
2017-07-25T18:48:00Z,152.94,152.9538,152.91,152.95
2017-07-25T18:49:00Z,152.955,152.955,152.91,152.9184
2017-07-25T18:50:00Z,152.91,152.92,152.8831,152.92
2017-07-25T18:51:00Z,152.9299,152.94,152.92,152.925
2017-07-25T18:52:00Z,152.92,153,152.92,152.98
2017-07-25T18:53:00Z,152.99,153.03,152.9801,152.99
2017-07-25T18:54:00Z,152.99,152.9999,152.9701,152.985
2017-07-25T18:55:00Z,152.985,153.01,152.98,153.01
2017-07-25T18:56:00Z,153.005,153.04,152.99,153.01
2017-07-25T18:57:00Z,153.01,153.04,152.991,153.035
2017-07-25T18:58:00Z,153.041,153.0899,153.02,153.0599
2017-07-25T18:59:00Z,153.06,153.1,153.04,153.08
2017-07-25T19:00:00Z,153.08,153.14,153.08,153.12
2017-07-25T19:01:00Z,153.12,153.12,153.075,153.11
2017-07-25T19:02:00Z,153.101,153.15,153.1,153.12
2017-07-25T19:03:00Z,153.12,153.14,153.11,153.13
2017-07-25T19:04:00Z,153.13,153.1366,153.11,153.12
2017-07-25T19:05:00Z,153.115,153.115,153.06,153.08
2017-07-25T19:06:00Z,153.07,153.07,153.02,153.046
2017-07-25T19:07:00Z,153.05,153.09,153.05,153.0601
2017-07-25T19:08:00Z,153.07,153.11,153.06,153.0715
2017-07-25T19:09:00Z,153.08,153.1,153.06,153.079
2017-07-25T19:10:00Z,153.08,153.12,153.07,153.105
2017-07-25T19:11:00Z,153.11,153.17,153.1,153.105
2017-07-25T19:12:00Z,153.105,153.13,153.07,153.0715
2017-07-25T19:13:00Z,153.08,153.09,153.0433,153.07
2017-07-25T19:14:00Z,153.07,153.08,153,153.075
2017-07-25T19:15:00Z,153.07,153.09,153.065,153.07
2017-07-25T19:16:00Z,153.08,153.13,153.08,153.11
2017-07-25T19:17:00Z,153.11,153.13,153.1,153.1001
2017-07-25T19:18:00Z,153.1,153.12,153.07,153.07
2017-07-25T19:19:00Z,153.07,153.07,153,153
2017-07-25T19:20:00Z,153.0099,153.039,153,153.0345
2017-07-25T19:21:00Z,153.03,153.04,153.02,153.03
2017-07-25T19:22:00Z,153.03,153.03,152.96,152.975
2017-07-25T19:23:00Z,152.98,152.98,152.83,152.83
2017-07-25T19:24:00Z,152.835,152.88,152.78,152.84
2017-07-25T19:25:00Z,152.83,152.93,152.8202,152.925
2017-07-25T19:26:00Z,152.93,152.97,152.925,152.93
2017-07-25T19:27:00Z,152.93,152.97,152.9,152.97
2017-07-25T19:28:00Z,152.973,153.06,152.94,153.06
2017-07-25T19:29:00Z,153.055,153.08,153.0131,153.05
2017-07-25T19:30:00Z,153.04,153.04,152.97,153
2017-07-25T19:31:00Z,152.98,153.03,152.98,153
2017-07-25T19:32:00Z,152.99,153,152.915,152.915
2017-07-25T19:33:00Z,152.92,153.0299,152.92,152.98
2017-07-25T19:34:00Z,152.98,152.99,152.91,152.91
2017-07-25T19:35:00Z,152.92,152.99,152.9,152.96
2017-07-25T19:36:00Z,152.96,152.99,152.84,152.845
2017-07-25T19:37:00Z,152.845,152.88,152.7568,152.77
2017-07-25T19:38:00Z,152.765,152.8,152.7,152.76
2017-07-25T19:39:00Z,152.769,152.8,152.7,152.735
2017-07-25T19:40:00Z,152.735,152.85,152.735,152.82
2017-07-25T19:41:00Z,152.826,152.826,152.76,152.77
2017-07-25T19:42:00Z,152.77,152.83,152.72,152.8152
2017-07-25T19:43:00Z,152.82,152.83,152.8,152.8046
2017-07-25T19:44:00Z,152.8052,152.88,152.7942,152.8169
2017-07-25T19:45:00Z,152.81,152.8259,152.78,152.82
2017-07-25T19:46:00Z,152.815,152.86,152.81,152.83
2017-07-25T19:47:00Z,152.84,152.84,152.785,152.83
2017-07-25T19:48:00Z,152.82,152.84,152.78,152.829
2017-07-25T19:49:00Z,152.82,152.82,152.755,152.76
2017-07-25T19:50:00Z,152.76,152.8,152.7,152.77
2017-07-25T19:51:00Z,152.78,152.84,152.73,152.84
2017-07-25T19:52:00Z,152.83,152.83,152.66,152.6866
2017-07-25T19:53:00Z,152.69,152.7031,152.65,152.69
2017-07-25T19:54:00Z,152.69,152.769,152.68,152.75
2017-07-25T19:55:00Z,152.76,152.795,152.7,152.7
2017-07-25T19:56:00Z,152.7,152.79,152.69,152.7857
2017-07-25T19:57:00Z,152.77,152.8001,152.765,152.8001
2017-07-25T19:58:00Z,152.7952,152.8699,152.79,152.8699
2017-07-25T19:59:00Z,152.87,152.95,152.75,152.75
