2021-05-06T13:30:00Z,127.9,128.01,127.63,127.69
2021-05-06T13:31:00Z,127.685,127.7,127.32,127.345
2021-05-06T13:32:00Z,127.34,127.59,127.252,127.43
2021-05-06T13:33:00Z,127.41,127.44,127.21,127.41
2021-05-06T13:34:00Z,127.4088,127.43,127.22,127.25
2021-05-06T13:35:00Z,127.25,127.43,127.13,127.43
2021-05-06T13:36:00Z,127.43,127.5288,127.23,127.27
2021-05-06T13:37:00Z,127.27,127.6699,127.23,127.635
2021-05-06T13:38:00Z,127.63,127.92,127.62,127.9029
2021-05-06T13:39:00Z,127.919,128.21,127.86,128.17
2021-05-06T13:40:00Z,128.17,128.1886,127.92,128.1182
2021-05-06T13:41:00Z,128.12,128.17,127.88,127.98
2021-05-06T13:42:00Z,127.981,128.03,127.88,127.9299
2021-05-06T13:43:00Z,127.926,127.98,127.74,127.96
2021-05-06T13:44:00Z,127.97,128.119,127.96,127.97
2021-05-06T13:45:00Z,127.97,128.02,127.83,127.96
2021-05-06T13:46:00Z,127.96,128.28,127.94,128.2402
2021-05-06T13:47:00Z,128.245,128.3989,128.23,128.35
2021-05-06T13:48:00Z,128.36,128.36,128.19,128.23
2021-05-06T13:49:00Z,128.23,128.3701,128.17,128.24
2021-05-06T13:50:00Z,128.25,128.358,128.19,128.28
2021-05-06T13:51:00Z,128.29,128.52,128.29,128.415
2021-05-06T13:52:00Z,128.405,128.55,128.37,128.43
2021-05-06T13:53:00Z,128.425,128.44,128.21,128.2244
2021-05-06T13:54:00Z,128.23,128.2599,127.54,128.05
2021-05-06T13:55:00Z,128.05,128.05,127.54,127.75
2021-05-06T13:56:00Z,127.75,127.8983,127.71,127.81
2021-05-06T13:57:00Z,127.8085,127.89,127.53,127.54
2021-05-06T13:58:00Z,127.53,127.57,127.42,127.56
2021-05-06T13:59:00Z,127.56,127.65,127.55,127.585
2021-05-06T14:00:00Z,127.585,127.71,127.475,127.6299
2021-05-06T14:01:00Z,127.625,127.64,127.32,127.3599
2021-05-06T14:02:00Z,127.355,127.6,127.345,127.5538
2021-05-06T14:03:00Z,127.5499,127.7386,127.53,127.57
2021-05-06T14:04:00Z,127.5796,127.84,127.56,127.78
2021-05-06T14:05:00Z,127.81,127.82,127.59,127.6
2021-05-06T14:06:00Z,127.61,127.7284,127.605,127.695
2021-05-06T14:07:00Z,127.6946,127.833,127.66,127.69
2021-05-06T14:08:00Z,127.68,127.7159,127.58,127.695
2021-05-06T14:09:00Z,127.69,127.76,127.52,127.52
2021-05-06T14:10:00Z,127.51,127.73,127.505,127.68
2021-05-06T14:11:00Z,127.67,127.83,127.65,127.75
2021-05-06T14:12:00Z,127.75,127.79,127.65,127.735
2021-05-06T14:13:00Z,127.73,127.75,127.62,127.64
2021-05-06T14:14:00Z,127.63,127.7599,127.6,127.745
2021-05-06T14:15:00Z,127.74,127.749,127.63,127.72
2021-05-06T14:16:00Z,127.73,127.8299,127.63,127.64
2021-05-06T14:17:00Z,127.64,127.68,127.51,127.53
2021-05-06T14:18:00Z,127.535,127.57,127.34,127.34
2021-05-06T14:19:00Z,127.34,127.476,127.331,127.395
2021-05-06T14:20:00Z,127.39,127.51,127.37,127.475
2021-05-06T14:21:00Z,127.4718,127.49,127.38,127.49
2021-05-06T14:22:00Z,127.49,127.6272,127.48,127.575
2021-05-06T14:23:00Z,127.565,127.6933,127.5499,127.611
2021-05-06T14:24:00Z,127.61,127.83,127.57,127.8001
2021-05-06T14:25:00Z,127.7957,127.87,127.73,127.8478
2021-05-06T14:26:00Z,127.8487,127.91,127.8,127.9095
2021-05-06T14:27:00Z,127.9,127.9,127.77,127.8355
2021-05-06T14:28:00Z,127.83,127.95,127.8101,127.9498
2021-05-06T14:29:00Z,127.949,128.02,127.815,127.83
2021-05-06T14:30:00Z,127.83,128,127.77,127.97
2021-05-06T14:31:00Z,127.96,128.175,127.96,128.11
2021-05-06T14:32:00Z,128.11,128.155,128.04,128.115
2021-05-06T14:33:00Z,128.11,128.1399,127.9885,128.08
2021-05-06T14:34:00Z,128.09,128.19,128.05,128.155
2021-05-06T14:35:00Z,128.1599,128.23,128.08,128.2199
2021-05-06T14:36:00Z,128.2101,128.4099,128.17,128.3499
2021-05-06T14:37:00Z,128.35,128.4409,128.325,128.3418
2021-05-06T14:38:00Z,128.35,128.4,128.3201,128.34
2021-05-06T14:39:00Z,128.34,128.385,128.31,128.37
2021-05-06T14:40:00Z,128.36,128.46,128.36,128.395
2021-05-06T14:41:00Z,128.39,128.4696,128.33,128.43
2021-05-06T14:42:00Z,128.43,128.46,128.34,128.3513
2021-05-06T14:43:00Z,128.35,128.36,128.16,128.18
2021-05-06T14:44:00Z,128.185,128.1956,128.0815,128.14
2021-05-06T14:45:00Z,128.15,128.25,128.15,128.19
2021-05-06T14:46:00Z,128.18,128.34,128.145,128.32
2021-05-06T14:47:00Z,128.315,128.41,128.27,128.2997
2021-05-06T14:48:00Z,128.3,128.34,128.28,128.29
2021-05-06T14:49:00Z,128.29,128.3187,128.21,128.26
2021-05-06T14:50:00Z,128.2601,128.365,128.23,128.25
2021-05-06T14:51:00Z,128.24,128.375,128.22,128.3291
2021-05-06T14:52:00Z,128.3242,128.38,128.305,128.3668
2021-05-06T14:53:00Z,128.37,128.51,128.3658,128.47
2021-05-06T14:54:00Z,128.47,128.48,128.33,128.4
2021-05-06T14:55:00Z,128.4,128.47,128.31,128.37
2021-05-06T14:56:00Z,128.38,128.421,128.13,128.14
2021-05-06T14:57:00Z,128.1401,128.1934,128.045,128.13
2021-05-06T14:58:00Z,128.1388,128.1875,128.105,128.11
2021-05-06T14:59:00Z,128.1,128.177,128.01,128.13
2021-05-06T15:00:00Z,128.135,128.19,128.01,128.0545
2021-05-06T15:01:00Z,128.06,128.115,128.03,128.08
2021-05-06T15:02:00Z,128.08,128.12,127.985,128.02
2021-05-06T15:03:00Z,128.02,128.1,127.985,128.0499
2021-05-06T15:04:00Z,128.045,128.21,128.03,128.188
2021-05-06T15:05:00Z,128.185,128.25,128,128.005
2021-05-06T15:06:00Z,128.01,128.04,127.92,127.98
2021-05-06T15:07:00Z,127.98,128.009,127.69,127.785
2021-05-06T15:08:00Z,127.785,127.87,127.755,127.76
2021-05-06T15:09:00Z,127.765,127.8102,127.69,127.765
2021-05-06T15:10:00Z,127.76,127.85,127.69,127.7607
2021-05-06T15:11:00Z,127.7684,127.7699,127.63,127.6488
2021-05-06T15:12:00Z,127.65,127.7724,127.62,127.76
2021-05-06T15:13:00Z,127.775,127.79,127.645,127.715
2021-05-06T15:14:00Z,127.71,127.72,127.63,127.66
2021-05-06T15:15:00Z,127.65,127.7299,127.64,127.6817
2021-05-06T15:16:00Z,127.69,127.8399,127.665,127.8
2021-05-06T15:17:00Z,127.8,127.885,127.785,127.79
2021-05-06T15:18:00Z,127.79,127.84,127.745,127.84
2021-05-06T15:19:00Z,127.84,127.845,127.72,127.785
2021-05-06T15:20:00Z,127.78,127.94,127.745,127.915
2021-05-06T15:21:00Z,127.915,127.955,127.845,127.845
2021-05-06T15:22:00Z,127.84,127.96,127.84,127.905
2021-05-06T15:23:00Z,127.905,128.09,127.88,128.0451
2021-05-06T15:24:00Z,128.045,128.17,128.03,128.1188
2021-05-06T15:25:00Z,128.11,128.18,128.1,128.17
2021-05-06T15:26:00Z,128.18,128.28,128.102,128.2399
2021-05-06T15:27:00Z,128.24,128.34,128.17,128.34
2021-05-06T15:28:00Z,128.34,128.5,128.32,128.485
2021-05-06T15:29:00Z,128.4889,128.515,128.45,128.4701
2021-05-06T15:30:00Z,128.48,128.54,128.39,128.5343
2021-05-06T15:31:00Z,128.5391,128.5699,128.36,128.39
2021-05-06T15:32:00Z,128.385,128.48,128.37,128.44
2021-05-06T15:33:00Z,128.45,128.59,128.45,128.585
2021-05-06T15:34:00Z,128.5857,128.805,128.58,128.7701
2021-05-06T15:35:00Z,128.7771,128.791,128.67,128.75
2021-05-06T15:36:00Z,128.75,128.8852,128.72,128.865
2021-05-06T15:37:00Z,128.8699,128.8699,128.75,128.75
2021-05-06T15:38:00Z,128.75,128.8029,128.74,128.75
2021-05-06T15:39:00Z,128.7599,128.84,128.75,128.8
2021-05-06T15:40:00Z,128.81,128.9493,128.7914,128.945
2021-05-06T15:41:00Z,128.95,128.96,128.87,128.875
2021-05-06T15:42:00Z,128.875,128.96,128.85,128.9301
2021-05-06T15:43:00Z,128.935,129.02,128.93,128.96
2021-05-06T15:44:00Z,128.9611,129.06,128.96,128.995
2021-05-06T15:45:00Z,128.995,128.995,128.91,128.9417
2021-05-06T15:46:00Z,128.93,128.9688,128.8801,128.9085
2021-05-06T15:47:00Z,128.9099,128.9501,128.84,128.925
2021-05-06T15:48:00Z,128.93,129.01,128.845,128.86
2021-05-06T15:49:00Z,128.8589,128.86,128.8154,128.8201
2021-05-06T15:50:00Z,128.83,128.91,128.81,128.8691
2021-05-06T15:51:00Z,128.87,128.915,128.71,128.76
2021-05-06T15:52:00Z,128.75,128.87,128.73,128.74
2021-05-06T15:53:00Z,128.755,128.818,128.74,128.81
2021-05-06T15:54:00Z,128.81,128.84,128.7,128.7
2021-05-06T15:55:00Z,128.7,128.83,128.695,128.8287
2021-05-06T15:56:00Z,128.83,128.95,128.79,128.8
2021-05-06T15:57:00Z,128.802,128.855,128.7201,128.7591
2021-05-06T15:58:00Z,128.7573,128.825,128.7301,128.8111
2021-05-06T15:59:00Z,128.82,128.825,128.71,128.7299
2021-05-06T16:00:00Z,128.73,128.77,128.66,128.69
2021-05-06T16:01:00Z,128.7,128.73,128.61,128.65
2021-05-06T16:02:00Z,128.65,128.68,128.6,128.6755
2021-05-06T16:03:00Z,128.6724,128.71,128.61,128.6102
2021-05-06T16:04:00Z,128.61,128.74,128.61,128.74
2021-05-06T16:05:00Z,128.745,128.8,128.7,128.715
2021-05-06T16:06:00Z,128.72,128.72,128.65,128.7
2021-05-06T16:07:00Z,128.71,128.8,128.6811,128.7999
2021-05-06T16:08:00Z,128.8,128.92,128.8,128.8253
2021-05-06T16:09:00Z,128.82,128.87,128.77,128.81
2021-05-06T16:10:00Z,128.8085,128.8085,128.71,128.7101
2021-05-06T16:11:00Z,128.71,128.77,128.69,128.69
2021-05-06T16:12:00Z,128.6899,128.77,128.68,128.74
2021-05-06T16:13:00Z,128.7465,128.7465,128.66,128.7
2021-05-06T16:14:00Z,128.7,128.705,128.149,128.615
2021-05-06T16:15:00Z,128.615,128.71,128.605,128.6699
2021-05-06T16:16:00Z,128.67,128.7,128.635,128.69
2021-05-06T16:17:00Z,128.6884,128.8084,128.66,128.8
2021-05-06T16:18:00Z,128.805,128.9099,128.8,128.8374
2021-05-06T16:19:00Z,128.83,128.88,128.8001,128.82
2021-05-06T16:20:00Z,128.815,128.91,128.79,128.905
2021-05-06T16:21:00Z,128.905,129,128.905,128.93
2021-05-06T16:22:00Z,128.9336,128.9336,128.82,128.8815
2021-05-06T16:23:00Z,128.88,128.92,128.84,128.9101
2021-05-06T16:24:00Z,128.9134,128.941,128.86,128.93
2021-05-06T16:25:00Z,128.94,129.16,128.92,129.1099
2021-05-06T16:26:00Z,129.11,129.15,129.07,129.08
2021-05-06T16:27:00Z,129.0714,129.17,129.07,129.14
2021-05-06T16:28:00Z,129.13,129.188,129.071,129.122
2021-05-06T16:29:00Z,129.12,129.16,129.12,129.14
2021-05-06T16:30:00Z,129.1359,129.16,129.08,129.1178
2021-05-06T16:31:00Z,129.1192,129.14,129.09,129.1201
2021-05-06T16:32:00Z,129.125,129.23,129.1,129.22
2021-05-06T16:33:00Z,129.22,129.23,129.13,129.17
2021-05-06T16:34:00Z,129.16,129.199,129.08,129.085
2021-05-06T16:35:00Z,129.09,129.15,128.94,129.0868
2021-05-06T16:36:00Z,129.085,129.13,129.05,129.075
2021-05-06T16:37:00Z,129.08,129.09,128.96,128.995
2021-05-06T16:38:00Z,128.9987,129.05,128.98,129.01
2021-05-06T16:39:00Z,129.005,129.065,128.995,129.04
2021-05-06T16:40:00Z,129.0485,129.07,128.97,129.03
2021-05-06T16:41:00Z,129.04,129.09,128.97,129.09
2021-05-06T16:42:00Z,129.081,129.1,129.0106,129.07
2021-05-06T16:43:00Z,129.07,129.1,129.015,129.045
2021-05-06T16:44:00Z,129.0413,129.06,128.9701,128.985
2021-05-06T16:45:00Z,128.99,129.06,128.935,128.97
2021-05-06T16:46:00Z,128.97,129.02,128.94,128.96
2021-05-06T16:47:00Z,128.9601,128.9687,128.84,128.8543
2021-05-06T16:48:00Z,128.86,128.9185,128.8,128.82
2021-05-06T16:49:00Z,128.82,128.93,128.8,128.9275
2021-05-06T16:50:00Z,128.93,128.98,128.93,128.9491
2021-05-06T16:51:00Z,128.955,128.9699,128.93,128.95
2021-05-06T16:52:00Z,128.945,129.1,128.9401,129.085
2021-05-06T16:53:00Z,129.085,129.1,128.99,129.0188
2021-05-06T16:54:00Z,129.0112,129.075,129.004,129.04
2021-05-06T16:55:00Z,129.04,129.04,128.92,128.955
2021-05-06T16:56:00Z,128.95,129.0099,128.87,128.91
2021-05-06T16:57:00Z,128.92,128.9899,128.92,128.97
2021-05-06T16:58:00Z,128.97,128.97,128.86,128.885
2021-05-06T16:59:00Z,128.89,128.94,128.86,128.8804
2021-05-06T17:00:00Z,128.88,128.96,128.83,128.93
2021-05-06T17:01:00Z,128.94,129.01,128.91,128.9299
2021-05-06T17:02:00Z,128.9299,129.0099,128.9299,128.96
2021-05-06T17:03:00Z,128.96,128.98,128.9267,128.96
2021-05-06T17:04:00Z,128.9501,128.96,128.9,128.935
2021-05-06T17:05:00Z,128.93,128.95,128.8899,128.89
2021-05-06T17:06:00Z,128.8954,128.8954,128.7813,128.865
2021-05-06T17:07:00Z,128.8635,128.89,128.82,128.8419
2021-05-06T17:08:00Z,128.83,128.91,128.83,128.8957
2021-05-06T17:09:00Z,128.9,128.92,128.8921,128.9
2021-05-06T17:10:00Z,128.9,128.91,128.8201,128.9099
2021-05-06T17:11:00Z,128.9048,128.915,128.86,128.8641
2021-05-06T17:12:00Z,128.86,128.88,128.83,128.845
2021-05-06T17:13:00Z,128.85,128.87,128.8127,128.87
2021-05-06T17:14:00Z,128.88,128.9,128.64,128.67
2021-05-06T17:15:00Z,128.6714,128.7802,128.66,128.74
2021-05-06T17:16:00Z,128.73,128.735,128.68,128.735
2021-05-06T17:17:00Z,128.74,128.79,128.72,128.7625
2021-05-06T17:18:00Z,128.7613,128.77,128.6821,128.7425
2021-05-06T17:19:00Z,128.75,128.755,128.67,128.69
2021-05-06T17:20:00Z,128.7,128.7395,128.67,128.675
2021-05-06T17:21:00Z,128.675,128.7101,128.635,128.68
2021-05-06T17:22:00Z,128.707,128.75,128.6801,128.6908
2021-05-06T17:23:00Z,128.69,128.6906,128.6,128.61
2021-05-06T17:24:00Z,128.605,128.615,128.5584,128.6082
2021-05-06T17:25:00Z,128.6,128.6599,128.5962,128.61
2021-05-06T17:26:00Z,128.6,128.74,128.59,128.7392
2021-05-06T17:27:00Z,128.7301,128.79,128.7201,128.7515
2021-05-06T17:28:00Z,128.76,128.77,128.73,128.735
2021-05-06T17:29:00Z,128.7328,128.75,128.7,128.73
2021-05-06T17:30:00Z,128.73,128.78,128.715,128.7732
2021-05-06T17:31:00Z,128.775,128.81,128.775,128.795
2021-05-06T17:32:00Z,128.79,128.8401,128.7601,128.84
2021-05-06T17:33:00Z,128.84,128.8699,128.813,128.855
2021-05-06T17:34:00Z,128.86,128.8999,128.8,128.855
2021-05-06T17:35:00Z,128.8612,128.95,128.845,128.95
2021-05-06T17:36:00Z,128.94,128.95,128.89,128.9117
2021-05-06T17:37:00Z,128.9114,128.9674,128.9081,128.955
2021-05-06T17:38:00Z,128.9587,128.9799,128.94,128.97
2021-05-06T17:39:00Z,128.9707,128.9707,128.87,128.8901
2021-05-06T17:40:00Z,128.8976,128.915,128.785,128.83
2021-05-06T17:41:00Z,128.82,128.827,128.6612,128.7
2021-05-06T17:42:00Z,128.705,128.76,128.6801,128.737
2021-05-06T17:43:00Z,128.735,128.85,128.7,128.85
2021-05-06T17:44:00Z,128.8401,128.8799,128.78,128.79
2021-05-06T17:45:00Z,128.8,128.81,128.72,128.765
2021-05-06T17:46:00Z,128.76,128.82,128.73,128.77
2021-05-06T17:47:00Z,128.77,128.82,128.73,128.81
2021-05-06T17:48:00Z,128.81,128.84,128.77,128.815
2021-05-06T17:49:00Z,128.815,128.8934,128.813,128.885
2021-05-06T17:50:00Z,128.88,128.88,128.84,128.87
2021-05-06T17:51:00Z,128.87,128.875,128.8201,128.8316
2021-05-06T17:52:00Z,128.835,128.86,128.71,128.71
2021-05-06T17:53:00Z,128.72,128.728,128.6391,128.66
2021-05-06T17:54:00Z,128.665,128.73,128.665,128.6799
2021-05-06T17:55:00Z,128.68,128.72,128.64,128.6599
2021-05-06T17:56:00Z,128.655,128.71,128.64,128.6812
2021-05-06T17:57:00Z,128.6818,128.74,128.6818,128.6975
2021-05-06T17:58:00Z,128.7,128.72,128.64,128.7
2021-05-06T17:59:00Z,128.7,128.7288,128.6901,128.725
2021-05-06T18:00:00Z,128.72,128.84,128.69,128.795
2021-05-06T18:01:00Z,128.8,128.8,128.7301,128.75
2021-05-06T18:02:00Z,128.76,128.85,128.72,128.825
2021-05-06T18:03:00Z,128.82,128.835,128.77,128.8136
2021-05-06T18:04:00Z,128.81,128.8599,128.7891,128.825
2021-05-06T18:05:00Z,128.825,128.825,128.75,128.76
2021-05-06T18:06:00Z,128.7623,128.83,128.7623,128.82
2021-05-06T18:07:00Z,128.8219,128.87,128.78,128.78
2021-05-06T18:08:00Z,128.78,128.88,128.77,128.86
2021-05-06T18:09:00Z,128.86,128.86,128.81,128.815
2021-05-06T18:10:00Z,128.815,128.86,128.795,128.84
2021-05-06T18:11:00Z,128.8411,128.94,128.8401,128.9314
2021-05-06T18:12:00Z,128.94,128.98,128.5,128.595
2021-05-06T18:13:00Z,128.59,128.8,128.54,128.8
2021-05-06T18:14:00Z,128.81,128.83,128.72,128.7788
2021-05-06T18:15:00Z,128.77,128.8,128.6801,128.72
2021-05-06T18:16:00Z,128.711,128.81,128.63,128.81
2021-05-06T18:17:00Z,128.81,128.87,128.78,128.7901
2021-05-06T18:18:00Z,128.79,128.8099,128.72,128.7762
2021-05-06T18:19:00Z,128.78,128.8614,128.78,128.81
2021-05-06T18:20:00Z,128.82,128.82,128.6602,128.69
2021-05-06T18:21:00Z,128.695,128.83,128.675,128.79
2021-05-06T18:22:00Z,128.785,128.8701,128.7487,128.84
2021-05-06T18:23:00Z,128.85,128.935,128.82,128.935
2021-05-06T18:24:00Z,128.9301,128.97,128.88,128.955
2021-05-06T18:25:00Z,128.955,129.04,128.95,128.955
2021-05-06T18:26:00Z,128.95,128.95,128.78,128.78
2021-05-06T18:27:00Z,128.79,128.8,128.7,128.7088
2021-05-06T18:28:00Z,128.7,128.7192,128.51,128.53
2021-05-06T18:29:00Z,128.52,128.5899,128.46,128.52
2021-05-06T18:30:00Z,128.515,128.59,128.48,128.5513
2021-05-06T18:31:00Z,128.555,128.5901,128.494,128.5001
2021-05-06T18:32:00Z,128.5008,128.5012,128.3544,128.38
2021-05-06T18:33:00Z,128.37,128.45,128.35,128.3815
2021-05-06T18:34:00Z,128.385,128.405,128.325,128.38
2021-05-06T18:35:00Z,128.3716,128.4,128.325,128.375
2021-05-06T18:36:00Z,128.375,128.4392,128.325,128.3801
2021-05-06T18:37:00Z,128.39,128.48,128.332,128.435
2021-05-06T18:38:00Z,128.4326,128.47,128.4,128.4101
2021-05-06T18:39:00Z,128.4143,128.44,128.34,128.3815
2021-05-06T18:40:00Z,128.39,128.43,128.3808,128.43
2021-05-06T18:41:00Z,128.44,128.53,128.44,128.4799
2021-05-06T18:42:00Z,128.4699,128.47,128.41,128.46
2021-05-06T18:43:00Z,128.461,128.465,128.35,128.395
2021-05-06T18:44:00Z,128.39,128.44,128.36,128.43
2021-05-06T18:45:00Z,128.435,128.5501,128.42,128.5316
2021-05-06T18:46:00Z,128.53,128.65,128.505,128.62
2021-05-06T18:47:00Z,128.62,128.7,128.62,128.655
2021-05-06T18:48:00Z,128.6501,128.66,128.6,128.638
2021-05-06T18:49:00Z,128.64,128.685,128.625,128.67
2021-05-06T18:50:00Z,128.6789,128.7,128.61,128.63
2021-05-06T18:51:00Z,128.63,128.7615,128.62,128.7615
2021-05-06T18:52:00Z,128.76,128.83,128.74,128.805
2021-05-06T18:53:00Z,128.801,128.88,128.76,128.79
2021-05-06T18:54:00Z,128.785,128.795,128.76,128.78
2021-05-06T18:55:00Z,128.785,128.87,128.7559,128.855
2021-05-06T18:56:00Z,128.855,128.855,128.76,128.79
2021-05-06T18:57:00Z,128.78,128.78,128.67,128.6717
2021-05-06T18:58:00Z,128.67,128.76,128.665,128.72
2021-05-06T18:59:00Z,128.71,128.775,128.67,128.6799
2021-05-06T19:00:00Z,128.68,128.795,128.68,128.78
2021-05-06T19:01:00Z,128.8,128.86,128.7399,128.76
2021-05-06T19:02:00Z,128.755,128.755,128.6,128.67
2021-05-06T19:03:00Z,128.6616,128.8001,128.66,128.8
2021-05-06T19:04:00Z,128.8101,128.85,128.745,128.82
2021-05-06T19:05:00Z,128.8099,128.88,128.795,128.84
2021-05-06T19:06:00Z,128.8449,128.8699,128.81,128.83
2021-05-06T19:07:00Z,128.8247,128.85,128.79,128.795
2021-05-06T19:08:00Z,128.7901,128.955,128.79,128.8787
2021-05-06T19:09:00Z,128.8763,128.9699,128.87,128.9523
2021-05-06T19:10:00Z,128.95,128.95,128.9001,128.9299
2021-05-06T19:11:00Z,128.92,128.98,128.88,128.9401
2021-05-06T19:12:00Z,128.945,129.1201,128.94,129.12
2021-05-06T19:13:00Z,129.13,129.16,129.0423,129.0423
2021-05-06T19:14:00Z,129.045,129.1499,129.045,129.135
2021-05-06T19:15:00Z,129.13,129.13,129.05,129.0647
2021-05-06T19:16:00Z,129.0679,129.13,129.03,129.0999
2021-05-06T19:17:00Z,129.1,129.107,129.03,129.0597
2021-05-06T19:18:00Z,129.06,129.1,128.97,129.065
2021-05-06T19:19:00Z,129.08,129.14,129.08,129.1251
2021-05-06T19:20:00Z,129.12,129.13,129.04,129.09
2021-05-06T19:21:00Z,129.09,129.14,129.075,129.12
2021-05-06T19:22:00Z,129.1201,129.1477,129.0323,129.08
2021-05-06T19:23:00Z,129.085,129.0899,129.0501,129.065
2021-05-06T19:24:00Z,129.06,129.13,129.05,129.08
2021-05-06T19:25:00Z,129.083,129.085,129.01,129.02
2021-05-06T19:26:00Z,129.025,129.07,129.01,129.045
2021-05-06T19:27:00Z,129.045,129.07,129.0201,129.065
2021-05-06T19:28:00Z,129.065,129.16,129.06,129.1599
2021-05-06T19:29:00Z,129.1599,129.19,129.1,129.1299
2021-05-06T19:30:00Z,129.13,129.14,129.025,129.025
2021-05-06T19:31:00Z,129.025,129.1,129.012,129.0811
2021-05-06T19:32:00Z,129.08,129.13,129.04,129.105
2021-05-06T19:33:00Z,129.105,129.105,128.995,129.02
2021-05-06T19:34:00Z,129.03,129.065,128.98,129.03
2021-05-06T19:35:00Z,129.04,129.09,129.0317,129.05
2021-05-06T19:36:00Z,129.055,129.14,129.05,129.14
2021-05-06T19:37:00Z,129.14,129.2309,129.1398,129.215
2021-05-06T19:38:00Z,129.21,129.355,129.2023,129.3299
2021-05-06T19:39:00Z,129.325,129.35,129.3,129.33
2021-05-06T19:40:00Z,129.34,129.3979,129.2828,129.315
2021-05-06T19:41:00Z,129.315,129.34,129.28,129.31
2021-05-06T19:42:00Z,129.305,129.3414,129.27,129.34
2021-05-06T19:43:00Z,129.3499,129.35,129.22,129.2599
2021-05-06T19:44:00Z,129.26,129.29,129.2401,129.28
2021-05-06T19:45:00Z,129.28,129.3,129.25,129.265
2021-05-06T19:46:00Z,129.27,129.2899,129.18,129.19
2021-05-06T19:47:00Z,129.19,129.26,129.18,129.235
2021-05-06T19:48:00Z,129.24,129.295,129.235,129.27
2021-05-06T19:49:00Z,129.27,129.38,129.265,129.37
2021-05-06T19:50:00Z,129.38,129.55,129.37,129.5075
2021-05-06T19:51:00Z,129.51,129.61,129.43,129.585
2021-05-06T19:52:00Z,129.59,129.63,129.11,129.37
2021-05-06T19:53:00Z,129.36,129.42,129.32,129.42
2021-05-06T19:54:00Z,129.42,129.56,129.39,129.56
2021-05-06T19:55:00Z,129.55,129.62,129.46,129.4701
2021-05-06T19:56:00Z,129.48,129.6,129.48,129.56
2021-05-06T19:57:00Z,129.555,129.69,129.555,129.665
2021-05-06T19:58:00Z,129.6624,129.72,129.61,129.63
2021-05-06T19:59:00Z,129.63,129.75,129.51,129.72
