2016-04-26T13:30:00Z,103.92,104.66,103.86,104.6411
2016-04-26T13:31:00Z,104.64,104.85,104.57,104.61
2016-04-26T13:32:00Z,104.58,104.73,104.5705,104.68
2016-04-26T13:33:00Z,104.68,104.98,104.64,104.88
2016-04-26T13:34:00Z,104.896,104.9,104.65,104.71
2016-04-26T13:35:00Z,104.7001,104.99,104.69,104.95
2016-04-26T13:36:00Z,104.9599,105,104.86,104.9439
2016-04-26T13:37:00Z,104.9401,104.99,104.91,104.9538
2016-04-26T13:38:00Z,104.95,104.97,104.84,104.85
2016-04-26T13:39:00Z,104.85,104.87,104.67,104.71
2016-04-26T13:40:00Z,104.72,104.84,104.71,104.835
2016-04-26T13:41:00Z,104.83,104.98,104.795,104.83
2016-04-26T13:42:00Z,104.835,105.09,104.78,104.953
2016-04-26T13:43:00Z,104.9501,104.98,104.86,104.942
2016-04-26T13:44:00Z,104.94,104.97,104.87,104.92
2016-04-26T13:45:00Z,104.9601,105.05,104.87,104.995
2016-04-26T13:46:00Z,104.9933,105.03,104.85,104.89
2016-04-26T13:47:00Z,104.894,104.98,104.89,104.98
2016-04-26T13:48:00Z,104.98,105.15,104.9701,105.12
2016-04-26T13:49:00Z,105.125,105.27,105.12,105.26
2016-04-26T13:50:00Z,105.2601,105.2811,105.14,105.21
2016-04-26T13:51:00Z,105.22,105.25,105.07,105.0911
2016-04-26T13:52:00Z,105.09,105.29,105.09,105.29
2016-04-26T13:53:00Z,105.29,105.3,105.245,105.2538
2016-04-26T13:54:00Z,105.255,105.29,105.21,105.275
2016-04-26T13:55:00Z,105.28,105.3,105.19,105.19
2016-04-26T13:56:00Z,105.191,105.2498,105.16,105.235
2016-04-26T13:57:00Z,105.24,105.26,105.165,105.19
2016-04-26T13:58:00Z,105.18,105.19,105.15,105.19
2016-04-26T13:59:00Z,105.1826,105.2,104.96,105
2016-04-26T14:00:00Z,105,105.13,104.96,104.985
2016-04-26T14:01:00Z,104.98,104.98,104.85,104.945
2016-04-26T14:02:00Z,104.95,104.96,104.85,104.9092
2016-04-26T14:03:00Z,104.93,104.96,104.86,104.89
2016-04-26T14:04:00Z,104.89,104.9,104.77,104.79
2016-04-26T14:05:00Z,104.792,104.89,104.77,104.8439
2016-04-26T14:06:00Z,104.8235,104.84,104.76,104.76
2016-04-26T14:07:00Z,104.77,104.78,104.66,104.67
2016-04-26T14:08:00Z,104.67,104.74,104.644,104.74
2016-04-26T14:09:00Z,104.735,104.74,104.65,104.6685
2016-04-26T14:10:00Z,104.669,104.885,104.669,104.885
2016-04-26T14:11:00Z,104.88,104.935,104.82,104.86
2016-04-26T14:12:00Z,104.88,104.97,104.85,104.85
2016-04-26T14:13:00Z,104.8599,104.87,104.74,104.79
2016-04-26T14:14:00Z,104.79,104.83,104.75,104.8241
2016-04-26T14:15:00Z,104.82,104.83,104.76,104.8
2016-04-26T14:16:00Z,104.78,104.86,104.78,104.85
2016-04-26T14:17:00Z,104.84,104.93,104.82,104.9
2016-04-26T14:18:00Z,104.893,104.97,104.87,104.95
2016-04-26T14:19:00Z,104.95,105.05,104.94,105.02
2016-04-26T14:20:00Z,105.03,105.03,104.94,104.97
2016-04-26T14:21:00Z,104.97,105.04,104.9676,105
2016-04-26T14:22:00Z,105,105,104.82,104.83
2016-04-26T14:23:00Z,104.82,104.9035,104.81,104.87
2016-04-26T14:24:00Z,104.87,104.89,104.79,104.79
2016-04-26T14:25:00Z,104.7901,104.88,104.77,104.78
2016-04-26T14:26:00Z,104.785,104.785,104.7,104.75
2016-04-26T14:27:00Z,104.76,104.77,104.66,104.72
2016-04-26T14:28:00Z,104.705,104.79,104.7035,104.72
2016-04-26T14:29:00Z,104.71,104.76,104.61,104.62
2016-04-26T14:30:00Z,104.61,104.715,104.6,104.61
2016-04-26T14:31:00Z,104.613,104.69,104.6,104.685
2016-04-26T14:32:00Z,104.69,104.71,104.66,104.705
2016-04-26T14:33:00Z,104.71,104.74,104.66,104.685
2016-04-26T14:34:00Z,104.683,104.75,104.68,104.73
2016-04-26T14:35:00Z,104.74,104.77,104.69,104.72
2016-04-26T14:36:00Z,104.72,104.76,104.685,104.75
2016-04-26T14:37:00Z,104.75,104.755,104.705,104.735
2016-04-26T14:38:00Z,104.737,104.79,104.67,104.755
2016-04-26T14:39:00Z,104.755,104.77,104.67,104.67
2016-04-26T14:40:00Z,104.68,104.7719,104.65,104.735
2016-04-26T14:41:00Z,104.73,104.8,104.73,104.77
2016-04-26T14:42:00Z,104.78,104.88,104.765,104.7901
2016-04-26T14:43:00Z,104.8,104.8201,104.73,104.76
2016-04-26T14:44:00Z,104.74,104.75,104.65,104.74
2016-04-26T14:45:00Z,104.7201,104.729,104.6,104.67
2016-04-26T14:46:00Z,104.665,104.7159,104.65,104.68
2016-04-26T14:47:00Z,104.68,104.7,104.53,104.53
2016-04-26T14:48:00Z,104.54,104.56,104.45,104.466
2016-04-26T14:49:00Z,104.465,104.481,104.29,104.36
2016-04-26T14:50:00Z,104.37,104.41,104.31,104.36
2016-04-26T14:51:00Z,104.36,104.4441,104.34,104.4441
2016-04-26T14:52:00Z,104.445,104.445,104.27,104.3
2016-04-26T14:53:00Z,104.2934,104.46,104.28,104.45
2016-04-26T14:54:00Z,104.44,104.44,104.36,104.375
2016-04-26T14:55:00Z,104.36,104.5,104.33,104.465
2016-04-26T14:56:00Z,104.4695,104.48,104.415,104.47
2016-04-26T14:57:00Z,104.47,104.49,104.46,104.475
2016-04-26T14:58:00Z,104.4702,104.48,104.425,104.465
2016-04-26T14:59:00Z,104.47,104.48,104.41,104.453
2016-04-26T15:00:00Z,104.4535,104.56,104.45,104.55
2016-04-26T15:01:00Z,104.55,104.59,104.43,104.4965
2016-04-26T15:02:00Z,104.5,104.5008,104.45,104.49
2016-04-26T15:03:00Z,104.5,104.54,104.48,104.5338
2016-04-26T15:04:00Z,104.533,104.54,104.42,104.42
2016-04-26T15:05:00Z,104.427,104.43,104.31,104.4198
2016-04-26T15:06:00Z,104.41,104.5,104.39,104.495
2016-04-26T15:07:00Z,104.5,104.5,104.4,104.47
2016-04-26T15:08:00Z,104.47,104.54,104.46,104.5039
2016-04-26T15:09:00Z,104.5135,104.54,104.49,104.5
2016-04-26T15:10:00Z,104.4935,104.54,104.47,104.51
2016-04-26T15:11:00Z,104.51,104.54,104.5,104.5381
2016-04-26T15:12:00Z,104.535,104.55,104.5,104.5232
2016-04-26T15:13:00Z,104.5201,104.54,104.46,104.49
2016-04-26T15:14:00Z,104.49,104.5,104.4,104.4
2016-04-26T15:15:00Z,104.41,104.455,104.39,104.45
2016-04-26T15:16:00Z,104.4563,104.46,104.3503,104.38
2016-04-26T15:17:00Z,104.38,104.38,104.32,104.32
2016-04-26T15:18:00Z,104.335,104.335,104.25,104.26
2016-04-26T15:19:00Z,104.26,104.3,104.25,104.28
2016-04-26T15:20:00Z,104.2799,104.4,104.27,104.39
2016-04-26T15:21:00Z,104.38,104.4,104.36,104.386
2016-04-26T15:22:00Z,104.3838,104.398,104.31,104.33
2016-04-26T15:23:00Z,104.3301,104.38,104.31,104.3375
2016-04-26T15:24:00Z,104.349,104.445,104.345,104.405
2016-04-26T15:25:00Z,104.405,104.48,104.37,104.47
2016-04-26T15:26:00Z,104.47,104.58,104.4501,104.56
2016-04-26T15:27:00Z,104.56,104.6,104.56,104.565
2016-04-26T15:28:00Z,104.57,104.59,104.51,104.53
2016-04-26T15:29:00Z,104.53,104.64,104.53,104.61
2016-04-26T15:30:00Z,104.61,104.63,104.59,104.6
2016-04-26T15:31:00Z,104.6074,104.61,104.48,104.54
2016-04-26T15:32:00Z,104.55,104.57,104.51,104.5253
2016-04-26T15:33:00Z,104.53,104.54,104.44,104.481
2016-04-26T15:34:00Z,104.48,104.51,104.42,104.47
2016-04-26T15:35:00Z,104.47,104.5016,104.45,104.5016
2016-04-26T15:36:00Z,104.5001,104.54,104.5,104.54
2016-04-26T15:37:00Z,104.54,104.54,104.48,104.485
2016-04-26T15:38:00Z,104.49,104.49,104.45,104.47
2016-04-26T15:39:00Z,104.46,104.5,104.45,104.492
2016-04-26T15:40:00Z,104.5,104.6,104.4989,104.5934
2016-04-26T15:41:00Z,104.6,104.61,104.53,104.535
2016-04-26T15:42:00Z,104.535,104.57,104.51,104.51
2016-04-26T15:43:00Z,104.52,104.58,104.51,104.564
2016-04-26T15:44:00Z,104.57,104.59,104.56,104.58
2016-04-26T15:45:00Z,104.58,104.59,104.5,104.5299
2016-04-26T15:46:00Z,104.529,104.58,104.51,104.53
2016-04-26T15:47:00Z,104.525,104.61,104.51,104.515
2016-04-26T15:48:00Z,104.51,104.5363,104.49,104.5363
2016-04-26T15:49:00Z,104.5438,104.666,104.5438,104.666
2016-04-26T15:50:00Z,104.67,104.735,104.65,104.7115
2016-04-26T15:51:00Z,104.72,104.72,104.58,104.62
2016-04-26T15:52:00Z,104.6215,104.64,104.61,104.615
2016-04-26T15:53:00Z,104.6105,104.72,104.61,104.691
2016-04-26T15:54:00Z,104.691,104.7,104.67,104.67
2016-04-26T15:55:00Z,104.68,104.71,104.65,104.654
2016-04-26T15:56:00Z,104.659,104.67,104.6,104.6371
2016-04-26T15:57:00Z,104.64,104.65,104.59,104.62
2016-04-26T15:58:00Z,104.61,104.655,104.61,104.611
2016-04-26T15:59:00Z,104.61,104.64,104.59,104.635
2016-04-26T16:00:00Z,104.6365,104.71,104.63,104.66
2016-04-26T16:01:00Z,104.66,104.7,104.63,104.6801
2016-04-26T16:02:00Z,104.69,104.69,104.64,104.68
2016-04-26T16:03:00Z,104.69,104.769,104.69,104.74
2016-04-26T16:04:00Z,104.74,104.75,104.68,104.7006
2016-04-26T16:05:00Z,104.7099,104.75,104.6778,104.741
2016-04-26T16:06:00Z,104.74,104.75,104.68,104.73
2016-04-26T16:07:00Z,104.7399,104.75,104.71,104.73
2016-04-26T16:08:00Z,104.7324,104.76,104.73,104.7501
2016-04-26T16:09:00Z,104.7512,104.76,104.71,104.721
2016-04-26T16:10:00Z,104.72,104.745,104.66,104.6899
2016-04-26T16:11:00Z,104.69,104.7,104.64,104.69
2016-04-26T16:12:00Z,104.686,104.7176,104.661,104.715
2016-04-26T16:13:00Z,104.72,104.75,104.71,104.74
2016-04-26T16:14:00Z,104.7365,104.7448,104.716,104.74
2016-04-26T16:15:00Z,104.74,104.78,104.74,104.775
2016-04-26T16:16:00Z,104.779,104.83,104.77,104.8228
2016-04-26T16:17:00Z,104.8261,104.88,104.81,104.864
2016-04-26T16:18:00Z,104.87,104.9,104.85,104.86
2016-04-26T16:19:00Z,104.86,104.9,104.84,104.8795
2016-04-26T16:20:00Z,104.875,104.88,104.85,104.8599
2016-04-26T16:21:00Z,104.85,104.885,104.83,104.83
2016-04-26T16:22:00Z,104.83,104.83,104.755,104.78
2016-04-26T16:23:00Z,104.77,104.77,104.74,104.77
2016-04-26T16:24:00Z,104.7601,104.77,104.7,104.715
2016-04-26T16:25:00Z,104.73,104.74,104.7,104.7
2016-04-26T16:26:00Z,104.705,104.71,104.59,104.685
2016-04-26T16:27:00Z,104.68,104.7,104.66,104.675
2016-04-26T16:28:00Z,104.68,104.69,104.6,104.64
2016-04-26T16:29:00Z,104.64,104.7,104.63,104.6864
2016-04-26T16:30:00Z,104.69,104.72,104.68,104.72
2016-04-26T16:31:00Z,104.715,104.72,104.7,104.71
2016-04-26T16:32:00Z,104.72,104.73,104.7,104.73
2016-04-26T16:33:00Z,104.74,104.75,104.74,104.75
2016-04-26T16:34:00Z,104.745,104.75,104.67,104.6735
2016-04-26T16:35:00Z,104.679,104.7,104.67,104.7
2016-04-26T16:36:00Z,104.706,104.728,104.69,104.695
2016-04-26T16:37:00Z,104.6919,104.71,104.62,104.64
2016-04-26T16:38:00Z,104.63,104.68,104.62,104.67
2016-04-26T16:39:00Z,104.675,104.68,104.64,104.6535
2016-04-26T16:40:00Z,104.6501,104.68,104.64,104.66
2016-04-26T16:41:00Z,104.66,104.6835,104.65,104.65
2016-04-26T16:42:00Z,104.66,104.68,104.64,104.675
2016-04-26T16:43:00Z,104.67,104.68,104.65,104.65
2016-04-26T16:44:00Z,104.64,104.65,104.57,104.5868
2016-04-26T16:45:00Z,104.5865,104.605,104.5,104.55
2016-04-26T16:46:00Z,104.5495,104.6,104.54,104.599
2016-04-26T16:47:00Z,104.6,104.64,104.5947,104.6
2016-04-26T16:48:00Z,104.6,104.605,104.55,104.55
2016-04-26T16:49:00Z,104.55,104.558,104.48,104.48
2016-04-26T16:50:00Z,104.489,104.55,104.485,104.53
2016-04-26T16:51:00Z,104.53,104.53,104.46,104.47
2016-04-26T16:52:00Z,104.464,104.48,104.42,104.45
2016-04-26T16:53:00Z,104.46,104.46,104.39,104.4
2016-04-26T16:54:00Z,104.41,104.45,104.4075,104.43
2016-04-26T16:55:00Z,104.44,104.45,104.43,104.44
2016-04-26T16:56:00Z,104.441,104.45,104.335,104.34
2016-04-26T16:57:00Z,104.3399,104.35,104.33,104.34
2016-04-26T16:58:00Z,104.345,104.35,104.3,104.32
2016-04-26T16:59:00Z,104.32,104.3444,104.32,104.323
2016-04-26T17:00:00Z,104.32,104.35,104.32,104.325
2016-04-26T17:01:00Z,104.3235,104.34,104.32,104.325
2016-04-26T17:02:00Z,104.33,104.34,104.32,104.3394
2016-04-26T17:03:00Z,104.335,104.34,104.32,104.3238
2016-04-26T17:04:00Z,104.3201,104.33,104.3,104.301
2016-04-26T17:05:00Z,104.3,104.3,104.25,104.2835
2016-04-26T17:06:00Z,104.28,104.28,104.25,104.26
2016-04-26T17:07:00Z,104.26,104.28,104.25,104.25
2016-04-26T17:08:00Z,104.2572,104.26,104.17,104.18
2016-04-26T17:09:00Z,104.1715,104.18,104.135,104.14
2016-04-26T17:10:00Z,104.14,104.15,104.055,104.064
2016-04-26T17:11:00Z,104.065,104.13,104.06,104.09
2016-04-26T17:12:00Z,104.095,104.15,104.0875,104.1401
2016-04-26T17:13:00Z,104.15,104.25,104.15,104.18
2016-04-26T17:14:00Z,104.1701,104.22,104.17,104.1935
2016-04-26T17:15:00Z,104.193,104.24,104.19,104.23
2016-04-26T17:16:00Z,104.22,104.275,104.22,104.2701
2016-04-26T17:17:00Z,104.27,104.36,104.25,104.36
2016-04-26T17:18:00Z,104.36,104.43,104.33,104.39
2016-04-26T17:19:00Z,104.3878,104.39,104.33,104.35
2016-04-26T17:20:00Z,104.36,104.41,104.36,104.395
2016-04-26T17:21:00Z,104.3901,104.41,104.38,104.381
2016-04-26T17:22:00Z,104.39,104.41,104.37,104.395
2016-04-26T17:23:00Z,104.39,104.41,104.38,104.38
2016-04-26T17:24:00Z,104.385,104.42,104.38,104.4
2016-04-26T17:25:00Z,104.4,104.405,104.37,104.395
2016-04-26T17:26:00Z,104.394,104.4,104.35,104.375
2016-04-26T17:27:00Z,104.37,104.38,104.32,104.325
2016-04-26T17:28:00Z,104.3265,104.4,104.3235,104.37
2016-04-26T17:29:00Z,104.37,104.39,104.36,104.37
2016-04-26T17:30:00Z,104.3795,104.43,104.375,104.43
2016-04-26T17:31:00Z,104.42,104.43,104.41,104.4265
2016-04-26T17:32:00Z,104.4295,104.43,104.41,104.42
2016-04-26T17:33:00Z,104.42,104.44,104.42,104.435
2016-04-26T17:34:00Z,104.44,104.45,104.41,104.42
2016-04-26T17:35:00Z,104.42,104.445,104.41,104.435
2016-04-26T17:36:00Z,104.4367,104.44,104.415,104.421
2016-04-26T17:37:00Z,104.424,104.43,104.4,104.4
2016-04-26T17:38:00Z,104.4038,104.41,104.38,104.38
2016-04-26T17:39:00Z,104.38,104.4,104.38,104.38
2016-04-26T17:40:00Z,104.387,104.39,104.37,104.38
2016-04-26T17:41:00Z,104.385,104.39,104.37,104.375
2016-04-26T17:42:00Z,104.375,104.375,104.36,104.3633
2016-04-26T17:43:00Z,104.36,104.37,104.285,104.3
2016-04-26T17:44:00Z,104.2901,104.3199,104.28,104.3101
2016-04-26T17:45:00Z,104.315,104.38,104.315,104.37
2016-04-26T17:46:00Z,104.37,104.43,104.37,104.41
2016-04-26T17:47:00Z,104.4151,104.48,104.41,104.48
2016-04-26T17:48:00Z,104.4753,104.49,104.46,104.47
2016-04-26T17:49:00Z,104.4611,104.475,104.46,104.47
2016-04-26T17:50:00Z,104.465,104.47,104.44,104.455
2016-04-26T17:51:00Z,104.46,104.4801,104.455,104.4601
2016-04-26T17:52:00Z,104.47,104.47,104.4,104.4301
2016-04-26T17:53:00Z,104.4335,104.45,104.42,104.44
2016-04-26T17:54:00Z,104.4499,104.49,104.44,104.48
2016-04-26T17:55:00Z,104.475,104.54,104.46,104.5
2016-04-26T17:56:00Z,104.509,104.52,104.5,104.51
2016-04-26T17:57:00Z,104.514,104.54,104.51,104.5101
2016-04-26T17:58:00Z,104.52,104.54,104.47,104.4701
2016-04-26T17:59:00Z,104.4765,104.48,104.45,104.46
2016-04-26T18:00:00Z,104.46,104.48,104.45,104.461
2016-04-26T18:01:00Z,104.46,104.51,104.46,104.4801
2016-04-26T18:02:00Z,104.48,104.49,104.45,104.4501
2016-04-26T18:03:00Z,104.455,104.455,104.35,104.375
2016-04-26T18:04:00Z,104.375,104.38,104.33,104.33
2016-04-26T18:05:00Z,104.335,104.35,104.33,104.35
2016-04-26T18:06:00Z,104.35,104.35,104.29,104.2919
2016-04-26T18:07:00Z,104.292,104.292,104.22,104.24
2016-04-26T18:08:00Z,104.25,104.26,104.2,104.258
2016-04-26T18:09:00Z,104.25,104.2538,104.14,104.1636
2016-04-26T18:10:00Z,104.1699,104.209,104.16,104.1935
2016-04-26T18:11:00Z,104.19,104.27,104.18,104.195
2016-04-26T18:12:00Z,104.1939,104.27,104.17,104.25
2016-04-26T18:13:00Z,104.255,104.27,104.2,104.23
2016-04-26T18:14:00Z,104.23,104.32,104.2299,104.31
2016-04-26T18:15:00Z,104.31,104.4,104.2801,104.4
2016-04-26T18:16:00Z,104.3979,104.42,104.37,104.42
2016-04-26T18:17:00Z,104.415,104.42,104.36,104.3632
2016-04-26T18:18:00Z,104.36,104.42,104.36,104.405
2016-04-26T18:19:00Z,104.41,104.46,104.41,104.4435
2016-04-26T18:20:00Z,104.45,104.47,104.431,104.44
2016-04-26T18:21:00Z,104.44,104.45,104.41,104.425
2016-04-26T18:22:00Z,104.425,104.429,104.38,104.403
2016-04-26T18:23:00Z,104.405,104.49,104.4,104.4636
2016-04-26T18:24:00Z,104.4699,104.4699,104.42,104.435
2016-04-26T18:25:00Z,104.435,104.4499,104.39,104.429
2016-04-26T18:26:00Z,104.425,104.455,104.42,104.435
2016-04-26T18:27:00Z,104.435,104.44,104.4101,104.4101
2016-04-26T18:28:00Z,104.42,104.42,104.335,104.335
2016-04-26T18:29:00Z,104.34,104.34,104.3,104.3
2016-04-26T18:30:00Z,104.3,104.34,104.28,104.33
2016-04-26T18:31:00Z,104.3236,104.36,104.31,104.355
2016-04-26T18:32:00Z,104.355,104.38,104.35,104.38
2016-04-26T18:33:00Z,104.3799,104.41,104.36,104.395
2016-04-26T18:34:00Z,104.3901,104.425,104.38,104.41
2016-04-26T18:35:00Z,104.415,104.43,104.41,104.425
2016-04-26T18:36:00Z,104.42,104.43,104.41,104.414
2016-04-26T18:37:00Z,104.415,104.45,104.41,104.448
2016-04-26T18:38:00Z,104.45,104.48,104.42,104.478
2016-04-26T18:39:00Z,104.471,104.53,104.47,104.515
2016-04-26T18:40:00Z,104.52,104.525,104.5,104.505
2016-04-26T18:41:00Z,104.505,104.52,104.49,104.5
2016-04-26T18:42:00Z,104.5,104.52,104.49,104.5
2016-04-26T18:43:00Z,104.495,104.54,104.49,104.51
2016-04-26T18:44:00Z,104.515,104.53,104.5,104.515
2016-04-26T18:45:00Z,104.52,104.555,104.51,104.549
2016-04-26T18:46:00Z,104.54,104.6,104.54,104.6
2016-04-26T18:47:00Z,104.5901,104.6,104.57,104.59
2016-04-26T18:48:00Z,104.5946,104.65,104.59,104.62
2016-04-26T18:49:00Z,104.62,104.67,104.58,104.59
2016-04-26T18:50:00Z,104.587,104.61,104.55,104.55
2016-04-26T18:51:00Z,104.55,104.555,104.49,104.49
2016-04-26T18:52:00Z,104.49,104.53,104.46,104.5299
2016-04-26T18:53:00Z,104.53,104.53,104.49,104.51
2016-04-26T18:54:00Z,104.51,104.56,104.46,104.54
2016-04-26T18:55:00Z,104.5508,104.5508,104.49,104.49
2016-04-26T18:56:00Z,104.491,104.5,104.46,104.4605
2016-04-26T18:57:00Z,104.4699,104.47,104.43,104.4508
2016-04-26T18:58:00Z,104.46,104.48,104.39,104.42
2016-04-26T18:59:00Z,104.42,104.435,104.4,104.404
2016-04-26T19:00:00Z,104.41,104.44,104.38,104.4303
2016-04-26T19:01:00Z,104.4301,104.5,104.4301,104.485
2016-04-26T19:02:00Z,104.4965,104.5,104.48,104.4899
2016-04-26T19:03:00Z,104.49,104.5,104.48,104.495
2016-04-26T19:04:00Z,104.4901,104.53,104.4901,104.52
2016-04-26T19:05:00Z,104.515,104.52,104.49,104.51
2016-04-26T19:06:00Z,104.5164,104.56,104.51,104.5399
2016-04-26T19:07:00Z,104.539,104.54,104.5,104.515
2016-04-26T19:08:00Z,104.51,104.57,104.51,104.555
2016-04-26T19:09:00Z,104.551,104.56,104.49,104.495
2016-04-26T19:10:00Z,104.5,104.52,104.49,104.495
2016-04-26T19:11:00Z,104.499,104.51,104.47,104.4836
2016-04-26T19:12:00Z,104.48,104.5,104.47,104.49
2016-04-26T19:13:00Z,104.4925,104.5,104.48,104.4808
2016-04-26T19:14:00Z,104.485,104.5,104.48,104.495
2016-04-26T19:15:00Z,104.494,104.52,104.48,104.48
2016-04-26T19:16:00Z,104.47,104.4765,104.42,104.44
2016-04-26T19:17:00Z,104.44,104.46,104.38,104.38
2016-04-26T19:18:00Z,104.3899,104.3999,104.33,104.33
2016-04-26T19:19:00Z,104.33,104.34,104.24,104.28
2016-04-26T19:20:00Z,104.29,104.29,104.2,104.235
2016-04-26T19:21:00Z,104.24,104.3291,104.24,104.3099
2016-04-26T19:22:00Z,104.3099,104.34,104.3,104.325
2016-04-26T19:23:00Z,104.32,104.33,104.25,104.26
2016-04-26T19:24:00Z,104.2601,104.27,104.19,104.2101
2016-04-26T19:25:00Z,104.2238,104.27,104.2,104.24
2016-04-26T19:26:00Z,104.2436,104.25,104.21,104.245
2016-04-26T19:27:00Z,104.25,104.26,104.17,104.195
2016-04-26T19:28:00Z,104.2,104.26,104.185,104.2
2016-04-26T19:29:00Z,104.2038,104.25,104.2,104.23
2016-04-26T19:30:00Z,104.23,104.27,104.22,104.258
2016-04-26T19:31:00Z,104.2553,104.315,104.24,104.315
2016-04-26T19:32:00Z,104.3199,104.34,104.27,104.3
2016-04-26T19:33:00Z,104.304,104.36,104.285,104.35
2016-04-26T19:34:00Z,104.355,104.36,104.33,104.3549
2016-04-26T19:35:00Z,104.36,104.41,104.35,104.3736
2016-04-26T19:36:00Z,104.3767,104.42,104.32,104.32
2016-04-26T19:37:00Z,104.32,104.32,104.28,104.31
2016-04-26T19:38:00Z,104.31,104.35,104.3,104.31
2016-04-26T19:39:00Z,104.3075,104.31,104.23,104.251
2016-04-26T19:40:00Z,104.26,104.29,104.23,104.245
2016-04-26T19:41:00Z,104.2438,104.27,104.2,104.235
2016-04-26T19:42:00Z,104.23,104.26,104.17,104.19
2016-04-26T19:43:00Z,104.18,104.21,104.14,104.18
2016-04-26T19:44:00Z,104.18,104.23,104.16,104.2138
2016-04-26T19:45:00Z,104.22,104.24,104.16,104.2001
2016-04-26T19:46:00Z,104.204,104.26,104.19,104.25
2016-04-26T19:47:00Z,104.25,104.27,104.21,104.265
2016-04-26T19:48:00Z,104.265,104.27,104.18,104.18
2016-04-26T19:49:00Z,104.18,104.2,104.1638,104.18
2016-04-26T19:50:00Z,104.18,104.28,104.18,104.19
2016-04-26T19:51:00Z,104.2,104.24,104.18,104.2199
2016-04-26T19:52:00Z,104.2161,104.23,104.2,104.2199
2016-04-26T19:53:00Z,104.215,104.24,104.175,104.18
2016-04-26T19:54:00Z,104.19,104.19,104.17,104.18
2016-04-26T19:55:00Z,104.18,104.22,104.17,104.1759
2016-04-26T19:56:00Z,104.1701,104.19,104.05,104.11
2016-04-26T19:57:00Z,104.11,104.165,104.08,104.14
2016-04-26T19:58:00Z,104.14,104.22,104.13,104.209
2016-04-26T19:59:00Z,104.2,104.32,104.15,104.3
