2018-03-07T13:30:00Z,175.42,175.48,175.4,175.48
2018-03-07T13:31:00Z,175.42,175.42,175.4,175.4
2018-03-07T13:32:00Z,175.35,175.44,175.35,175.44
2018-03-07T13:33:00Z,175.38,175.4,175.31,175.38
2018-03-07T13:34:00Z,175.38,175.38,175.31,175.31
2018-03-07T13:35:00Z,175.35,175.35,175.35,175.35
2018-03-07T13:36:00Z,175.37,175.38,175.35,175.38
2018-03-07T13:37:00Z,175.35,175.35,175.35,175.35
2018-03-07T13:38:00Z,175.26,175.27,175.25,175.26
2018-03-07T13:39:00Z,175.35,175.36,175.35,175.36
2018-03-07T13:40:00Z,175.42,175.42,175.36,175.36
2018-03-07T13:41:00Z,175.36,175.36,175.3,175.35
2018-03-07T13:43:00Z,175.26,175.26,175.25,175.25
2018-03-07T13:44:00Z,175.25,175.25,175.25,175.25
2018-03-07T13:46:00Z,175.2,175.2,175.16,175.16
2018-03-07T13:47:00Z,175.15,175.17,175.15,175.17
2018-03-07T13:48:00Z,175.17,175.21,175.17,175.21
2018-03-07T13:49:00Z,175.23,175.25,175.23,175.25
2018-03-07T13:50:00Z,175.26,175.3,175.26,175.3
2018-03-07T13:51:00Z,175.3,175.39,175.3,175.39
2018-03-07T13:52:00Z,175.39,175.39,175.39,175.39
2018-03-07T13:53:00Z,175.39,175.42,175.39,175.42
2018-03-07T13:54:00Z,175.4,175.45,175.35,175.35
2018-03-07T13:55:00Z,175.3,175.35,175.3,175.35
2018-03-07T13:56:00Z,175.3,175.3,175.26,175.26
2018-03-07T13:57:00Z,175.28,175.3,175.27,175.3
2018-03-07T13:58:00Z,175.34,175.34,175.34,175.34
2018-03-07T13:59:00Z,175.27,175.27,175.26,175.26
2018-03-07T14:00:00Z,175.3,175.3,175.3,175.3
2018-03-07T14:01:00Z,175.3,175.32,175.26,175.32
2018-03-07T14:02:00Z,175.26,175.26,175.21,175.21
2018-03-07T14:03:00Z,175.16,175.16,175.15,175.15
2018-03-07T14:05:00Z,175.11,175.11,175.1,175.1
2018-03-07T14:06:00Z,175.05,175.05,175.02,175.02
2018-03-07T14:07:00Z,175.02,175.1,175.02,175.1
2018-03-07T14:08:00Z,175.15,175.2,175.15,175.2
2018-03-07T14:09:00Z,175.2,175.29,175.18,175.18
2018-03-07T14:10:00Z,175.25,175.25,175.15,175.15
2018-03-07T14:11:00Z,175.27,175.28,175.21,175.21
2018-03-07T14:12:00Z,175.32,175.32,175.32,175.32
2018-03-07T14:13:00Z,175.35,175.35,175.24,175.25
2018-03-07T14:14:00Z,175.25,175.25,175.22,175.22
2018-03-07T14:15:00Z,175.22,175.22,175.2,175.2
2018-03-07T14:16:00Z,175.2,175.35,175.15,175.15
2018-03-07T14:17:00Z,175.12,175.12,175.02,175.09
2018-03-07T14:18:00Z,175.01,175.05,175,175
2018-03-07T14:19:00Z,175,175,174.88,174.99
2018-03-07T14:20:00Z,174.99,175,174.92,174.92
2018-03-07T14:21:00Z,174.91,174.95,174.88,174.9
2018-03-07T14:22:00Z,174.9,174.9,174.85,174.85
2018-03-07T14:23:00Z,174.9,174.9,174.9,174.9
2018-03-07T14:24:00Z,174.93,174.95,174.9,174.9
2018-03-07T14:25:00Z,174.88,175,174.86,175
2018-03-07T14:26:00Z,174.95,174.95,174.95,174.95
2018-03-07T14:27:00Z,174.9,174.92,174.77,174.78
2018-03-07T14:28:00Z,175.05,175.1,175,175.1
2018-03-07T14:29:00Z,175.01,175.19,174.82,175.11
2018-03-07T14:30:00Z,175.11,175.41,174.9,175.21
2018-03-07T14:31:00Z,175.24,175.55,175.11,175.55
2018-03-07T14:32:00Z,175.53,175.655,175.34,175.43
2018-03-07T14:33:00Z,175.41,175.42,175.29,175.34
2018-03-07T14:34:00Z,175.32,175.38,175.09,175.31
2018-03-07T14:35:00Z,175.27,175.42,175.25,175.27
2018-03-07T14:36:00Z,175.2899,175.34,175.1,175.1
2018-03-07T14:37:00Z,175.1,175.26,175.06,175.13
2018-03-07T14:38:00Z,175.13,175.3,175.08,175.249
2018-03-07T14:39:00Z,175.24,175.52,175.24,175.49
2018-03-07T14:40:00Z,175.49,175.74,175.46,175.735
2018-03-07T14:41:00Z,175.7318,175.85,175.65,175.74
2018-03-07T14:42:00Z,175.74,175.75,175.47,175.55
2018-03-07T14:43:00Z,175.57,175.65,175.18,175.2
2018-03-07T14:44:00Z,175.2,175.23,174.895,175.02
2018-03-07T14:45:00Z,175.01,175.23,175,175.19
2018-03-07T14:46:00Z,175.2,175.4,175.09,175.14
2018-03-07T14:47:00Z,175.125,175.17,174.88,174.9
2018-03-07T14:48:00Z,174.91,175.05,174.89,175.01
2018-03-07T14:49:00Z,174.97,174.97,174.8201,174.84
2018-03-07T14:50:00Z,174.83,174.97,174.82,174.9661
2018-03-07T14:51:00Z,174.9618,174.99,174.845,174.91
2018-03-07T14:52:00Z,174.9142,175.08,174.86,175.0675
2018-03-07T14:53:00Z,175.065,175.11,174.98,175.09
2018-03-07T14:54:00Z,175.09,175.12,174.91,174.98
2018-03-07T14:55:00Z,174.98,175.08,174.905,174.96
2018-03-07T14:56:00Z,174.95,174.96,174.82,174.92
2018-03-07T14:57:00Z,174.9093,175.01,174.9025,175
2018-03-07T14:58:00Z,175,175.07,174.96,174.9999
2018-03-07T14:59:00Z,175.0076,175.07,174.86,174.86
2018-03-07T15:00:00Z,174.86,175.0699,174.82,175.05
2018-03-07T15:01:00Z,175.04,175.25,174.95,175.2
2018-03-07T15:02:00Z,175.205,175.31,175.205,175.2349
2018-03-07T15:03:00Z,175.24,175.25,175.04,175.17
2018-03-07T15:04:00Z,175.17,175.255,175.14,175.23
2018-03-07T15:05:00Z,175.22,175.23,174.975,175.06
2018-03-07T15:06:00Z,175.04,175.16,175.03,175.05
2018-03-07T15:07:00Z,175.05,175.1048,175,175.0652
2018-03-07T15:08:00Z,175.08,175.1,174.85,174.96
2018-03-07T15:09:00Z,174.96,175.125,174.91,175.11
2018-03-07T15:10:00Z,175.1029,175.29,175.1,175.235
2018-03-07T15:11:00Z,175.23,175.26,175.05,175.0799
2018-03-07T15:12:00Z,175.07,175.09,174.95,174.97
2018-03-07T15:13:00Z,174.96,174.97,174.72,174.8
2018-03-07T15:14:00Z,174.79,174.83,174.66,174.66
2018-03-07T15:15:00Z,174.66,174.95,174.655,174.94
2018-03-07T15:16:00Z,174.9433,174.99,174.87,174.89
2018-03-07T15:17:00Z,174.87,174.875,174.77,174.78
2018-03-07T15:18:00Z,174.78,174.955,174.76,174.83
2018-03-07T15:19:00Z,174.83,174.98,174.81,174.94
2018-03-07T15:20:00Z,174.94,175.06,174.84,174.99
2018-03-07T15:21:00Z,174.99,175.28,174.99,175.18
2018-03-07T15:22:00Z,175.18,175.23,175.13,175.1468
2018-03-07T15:23:00Z,175.16,175.2,175.1,175.1049
2018-03-07T15:24:00Z,175.12,175.25,175.065,175.2398
2018-03-07T15:25:00Z,175.2315,175.28,175.19,175.2499
2018-03-07T15:26:00Z,175.23,175.29,175.1,175.28
2018-03-07T15:27:00Z,175.29,175.34,175.2,175.2188
2018-03-07T15:28:00Z,175.21,175.21,175.14,175.2
2018-03-07T15:29:00Z,175.21,175.27,175.15,175.16
2018-03-07T15:30:00Z,175.16,175.2988,175.06,175.1
2018-03-07T15:31:00Z,175.0725,175.199,175,175.1402
2018-03-07T15:32:00Z,175.14,175.2,175.1,175.17
2018-03-07T15:33:00Z,175.17,175.33,175.1,175.3
2018-03-07T15:34:00Z,175.3,175.38,175.27,175.38
2018-03-07T15:35:00Z,175.39,175.43,175.305,175.36
2018-03-07T15:36:00Z,175.35,175.36,175.2,175.2
2018-03-07T15:37:00Z,175.2,175.32,175.17,175.32
2018-03-07T15:38:00Z,175.315,175.315,175.2,175.2152
2018-03-07T15:39:00Z,175.21,175.35,175.15,175.1974
2018-03-07T15:40:00Z,175.2,175.2706,175.1867,175.24
2018-03-07T15:41:00Z,175.2499,175.2499,175.06,175.08
2018-03-07T15:42:00Z,175.09,175.26,175.085,175.26
2018-03-07T15:43:00Z,175.26,175.35,175.16,175.35
2018-03-07T15:44:00Z,175.36,175.39,175.3,175.34
2018-03-07T15:45:00Z,175.33,175.4,175.32,175.39
2018-03-07T15:46:00Z,175.39,175.43,175.34,175.4239
2018-03-07T15:47:00Z,175.425,175.43,175.33,175.34
2018-03-07T15:48:00Z,175.34,175.39,175.21,175.2856
2018-03-07T15:49:00Z,175.28,175.32,175.2,175.31
2018-03-07T15:50:00Z,175.32,175.4075,175.32,175.39
2018-03-07T15:51:00Z,175.41,175.47,175.36,175.3862
2018-03-07T15:52:00Z,175.385,175.41,175.24,175.28
2018-03-07T15:53:00Z,175.29,175.375,175.27,175.2748
2018-03-07T15:54:00Z,175.28,175.31,175.21,175.31
2018-03-07T15:55:00Z,175.31,175.34,175.2,175.22
2018-03-07T15:56:00Z,175.2211,175.33,175.22,175.3041
2018-03-07T15:57:00Z,175.3,175.305,175.19,175.21
2018-03-07T15:58:00Z,175.21,175.28,175.21,175.25
2018-03-07T15:59:00Z,175.25,175.34,175.235,175.3285
2018-03-07T16:00:00Z,175.32,175.35,175.26,175.315
2018-03-07T16:01:00Z,175.31,175.31,175.19,175.2
2018-03-07T16:02:00Z,175.2,175.3002,175.18,175.3002
2018-03-07T16:03:00Z,175.29,175.2968,175.1399,175.16
2018-03-07T16:04:00Z,175.16,175.185,175.1,175.149
2018-03-07T16:05:00Z,175.14,175.18,175.095,175.1705
2018-03-07T16:06:00Z,175.17,175.2,175.12,175.2
2018-03-07T16:07:00Z,175.2,175.235,175.18,175.1933
2018-03-07T16:08:00Z,175.19,175.23,175.14,175.15
2018-03-07T16:09:00Z,175.14,175.23,175.14,175.22
2018-03-07T16:10:00Z,175.21,175.24,175.14,175.17
2018-03-07T16:11:00Z,175.1664,175.255,175.16,175.22
2018-03-07T16:12:00Z,175.22,175.25,175.16,175.165
2018-03-07T16:13:00Z,175.16,175.22,175.14,175.17
2018-03-07T16:14:00Z,175.165,175.26,175.165,175.24
2018-03-07T16:15:00Z,175.2411,175.25,175.06,175.09
2018-03-07T16:16:00Z,175.08,175.11,175,175.11
2018-03-07T16:17:00Z,175.105,175.105,174.84,174.8452
2018-03-07T16:18:00Z,174.84,174.97,174.78,174.93
2018-03-07T16:19:00Z,174.93,174.95,174.78,174.78
2018-03-07T16:20:00Z,174.77,174.7799,174.69,174.72
2018-03-07T16:21:00Z,174.72,174.81,174.72,174.81
2018-03-07T16:22:00Z,174.8,174.83,174.77,174.8299
2018-03-07T16:23:00Z,174.82,174.82,174.72,174.75
2018-03-07T16:24:00Z,174.7501,174.87,174.75,174.86
2018-03-07T16:25:00Z,174.8626,174.88,174.8,174.87
2018-03-07T16:26:00Z,174.87,174.89,174.755,174.88
2018-03-07T16:27:00Z,174.88,174.94,174.87,174.9
2018-03-07T16:28:00Z,174.9,174.92,174.8799,174.92
2018-03-07T16:29:00Z,174.92,174.93,174.82,174.9
2018-03-07T16:30:00Z,174.91,174.96,174.9,174.92
2018-03-07T16:31:00Z,174.91,174.93,174.86,174.91
2018-03-07T16:32:00Z,174.91,174.96,174.86,174.89
2018-03-07T16:33:00Z,174.88,174.9,174.81,174.86
2018-03-07T16:34:00Z,174.85,174.96,174.85,174.92
2018-03-07T16:35:00Z,174.93,174.99,174.92,174.98
2018-03-07T16:36:00Z,174.979,175.02,174.94,175.02
2018-03-07T16:37:00Z,175.03,175.06,175,175.055
2018-03-07T16:38:00Z,175.059,175.12,175.05,175.09
2018-03-07T16:39:00Z,175.1,175.11,175.06,175.1
2018-03-07T16:40:00Z,175.1035,175.1999,175.1,175.14
2018-03-07T16:41:00Z,175.1438,175.155,175.1,175.13
2018-03-07T16:42:00Z,175.135,175.14,175.09,175.09
2018-03-07T16:43:00Z,175.09,175.15,175.08,175.14
2018-03-07T16:44:00Z,175.14,175.14,175.04,175.05
2018-03-07T16:45:00Z,175.05,175.14,175.04,175.0999
2018-03-07T16:46:00Z,175.1,175.14,175.1,175.12
2018-03-07T16:47:00Z,175.12,175.16,175.1,175.1599
2018-03-07T16:48:00Z,175.16,175.18,175,175
2018-03-07T16:49:00Z,174.9914,175.01,174.95,174.99
2018-03-07T16:50:00Z,174.9952,175.04,174.94,175.04
2018-03-07T16:51:00Z,175.04,175.08,175.01,175.01
2018-03-07T16:52:00Z,175.014,175.069,175,175.035
2018-03-07T16:53:00Z,175.03,175.0498,174.9601,175.0201
2018-03-07T16:54:00Z,175.03,175.03,174.91,174.9662
2018-03-07T16:55:00Z,174.965,175.04,174.94,175.04
2018-03-07T16:56:00Z,175.0311,175.0362,174.96,175
2018-03-07T16:57:00Z,175.02,175.0265,174.95,175.005
2018-03-07T16:58:00Z,175.01,175.01,174.7936,174.8056
2018-03-07T16:59:00Z,174.805,174.81,174.7,174.7102
2018-03-07T17:00:00Z,174.71,174.9,174.71,174.9
2018-03-07T17:01:00Z,174.895,174.9,174.7,174.71
2018-03-07T17:02:00Z,174.7,174.78,174.66,174.75
2018-03-07T17:03:00Z,174.75,174.75,174.51,174.52
2018-03-07T17:04:00Z,174.53,174.54,174.32,174.4
2018-03-07T17:05:00Z,174.4,174.44,174.36,174.405
2018-03-07T17:06:00Z,174.405,174.57,174.35,174.47
2018-03-07T17:07:00Z,174.46,174.68,174.46,174.56
2018-03-07T17:08:00Z,174.56,174.58,174.48,174.55
2018-03-07T17:09:00Z,174.555,174.5762,174.44,174.55
2018-03-07T17:10:00Z,174.54,174.57,174.361,174.4001
2018-03-07T17:11:00Z,174.4,174.5,174.32,174.3239
2018-03-07T17:12:00Z,174.32,174.45,174.27,174.45
2018-03-07T17:13:00Z,174.44,174.5,174.405,174.4052
2018-03-07T17:14:00Z,174.41,174.58,174.41,174.56
2018-03-07T17:15:00Z,174.56,174.56,174.44,174.4604
2018-03-07T17:16:00Z,174.46,174.47,174.36,174.47
2018-03-07T17:17:00Z,174.46,174.74,174.36,174.73
2018-03-07T17:18:00Z,174.7216,174.81,174.67,174.8079
2018-03-07T17:19:00Z,174.8076,174.82,174.75,174.82
2018-03-07T17:20:00Z,174.82,174.83,174.66,174.67
2018-03-07T17:21:00Z,174.6776,174.68,174.5,174.52
2018-03-07T17:22:00Z,174.53,174.62,174.485,174.55
2018-03-07T17:23:00Z,174.54,174.73,174.51,174.6575
2018-03-07T17:24:00Z,174.65,174.6888,174.45,174.52
2018-03-07T17:25:00Z,174.53,174.68,174.47,174.67
2018-03-07T17:26:00Z,174.68,174.69,174.61,174.65
2018-03-07T17:27:00Z,174.66,174.745,174.61,174.745
2018-03-07T17:28:00Z,174.74,174.88,174.73,174.87
2018-03-07T17:29:00Z,174.87,174.89,174.74,174.83
2018-03-07T17:30:00Z,174.82,174.86,174.78,174.83
2018-03-07T17:31:00Z,174.82,174.89,174.81,174.88
2018-03-07T17:32:00Z,174.88,175.04,174.86,175.01
2018-03-07T17:33:00Z,175.01,175.04,174.966,174.99
2018-03-07T17:34:00Z,174.98,174.98,174.86,174.9439
2018-03-07T17:35:00Z,174.96,175.06,174.95,175.06
2018-03-07T17:36:00Z,175.06,175.12,175.02,175.07
2018-03-07T17:37:00Z,175.07,175.07,174.9,174.9541
2018-03-07T17:38:00Z,174.97,175.02,174.87,174.95
2018-03-07T17:39:00Z,174.96,174.965,174.91,174.95
2018-03-07T17:40:00Z,174.94,174.97,174.8,174.8
2018-03-07T17:41:00Z,174.82,174.9952,174.82,174.93
2018-03-07T17:42:00Z,174.93,175.06,174.93,175.06
2018-03-07T17:43:00Z,175.05,175.13,175.05,175.13
2018-03-07T17:44:00Z,175.14,175.23,175.14,175.1626
2018-03-07T17:45:00Z,175.17,175.24,175.13,175.217
2018-03-07T17:46:00Z,175.21,175.22,175.14,175.21
2018-03-07T17:47:00Z,175.22,175.22,175.16,175.22
2018-03-07T17:48:00Z,175.2123,175.32,175.21,175.3
2018-03-07T17:49:00Z,175.291,175.35,175.23,175.24
2018-03-07T17:50:00Z,175.24,175.25,175.12,175.12
2018-03-07T17:51:00Z,175.125,175.22,175.125,175.16
2018-03-07T17:52:00Z,175.16,175.19,175.1,175.17
2018-03-07T17:53:00Z,175.1661,175.24,175.1661,175.1775
2018-03-07T17:54:00Z,175.17,175.185,175.06,175.09
2018-03-07T17:55:00Z,175.09,175.18,175.09,175.1348
2018-03-07T17:56:00Z,175.14,175.2456,175.14,175.2
2018-03-07T17:57:00Z,175.17,175.25,175.13,175.24
2018-03-07T17:58:00Z,175.2375,175.27,175.2,175.21
2018-03-07T17:59:00Z,175.22,175.28,175.16,175.22
2018-03-07T18:00:00Z,175.21,175.22,174.97,175.0079
2018-03-07T18:01:00Z,175.01,175.1345,174.98,175.05
2018-03-07T18:02:00Z,175.05,175.05,174.9,174.944
2018-03-07T18:03:00Z,174.94,174.94,174.82,174.87
2018-03-07T18:04:00Z,174.8778,174.916,174.81,174.81
2018-03-07T18:05:00Z,174.81,174.84,174.63,174.66
2018-03-07T18:06:00Z,174.66,174.73,174.55,174.6
2018-03-07T18:07:00Z,174.6063,174.6552,174.545,174.653
2018-03-07T18:08:00Z,174.65,174.67,174.59,174.62
2018-03-07T18:09:00Z,174.6134,174.6944,174.6,174.61
2018-03-07T18:10:00Z,174.6199,174.71,174.6,174.69
2018-03-07T18:11:00Z,174.68,174.68,174.63,174.64
2018-03-07T18:12:00Z,174.64,174.73,174.5744,174.63
2018-03-07T18:13:00Z,174.6356,174.72,174.58,174.6452
2018-03-07T18:14:00Z,174.64,174.665,174.56,174.64
2018-03-07T18:15:00Z,174.6464,174.6464,174.5,174.59
2018-03-07T18:16:00Z,174.58,174.58,174.44,174.51
2018-03-07T18:17:00Z,174.53,174.63,174.48,174.61
2018-03-07T18:18:00Z,174.62,174.9,174.62,174.88
2018-03-07T18:19:00Z,174.89,174.98,174.86,174.91
2018-03-07T18:20:00Z,174.9,174.98,174.85,174.97
2018-03-07T18:21:00Z,174.96,175.1,174.91,174.99
2018-03-07T18:22:00Z,174.97,175.0101,174.945,175
2018-03-07T18:23:00Z,175.01,175.115,174.97,175.07
2018-03-07T18:24:00Z,175.07,175.12,175.02,175.09
2018-03-07T18:25:00Z,175.09,175.19,175.08,175.185
2018-03-07T18:26:00Z,175.1814,175.19,175.11,175.18
2018-03-07T18:27:00Z,175.19,175.27,175.18,175.2279
2018-03-07T18:28:00Z,175.2267,175.49,175.2267,175.48
2018-03-07T18:29:00Z,175.47,175.64,175.42,175.63
2018-03-07T18:30:00Z,175.62,175.72,175.57,175.62
2018-03-07T18:31:00Z,175.61,175.649,175.49,175.5
2018-03-07T18:32:00Z,175.5,175.53,175.4,175.45
2018-03-07T18:33:00Z,175.45,175.46,175.37,175.39
2018-03-07T18:34:00Z,175.39,175.44,175.39,175.435
2018-03-07T18:35:00Z,175.43,175.49,175.42,175.45
2018-03-07T18:36:00Z,175.4436,175.4738,175.23,175.2301
2018-03-07T18:37:00Z,175.2387,175.34,175.2387,175.29
2018-03-07T18:38:00Z,175.31,175.39,175.29,175.39
2018-03-07T18:39:00Z,175.39,175.4,175.33,175.34
2018-03-07T18:40:00Z,175.36,175.36,175.27,175.29
2018-03-07T18:41:00Z,175.27,175.41,175.27,175.4
2018-03-07T18:42:00Z,175.3962,175.41,175.27,175.27
2018-03-07T18:43:00Z,175.28,175.33,175.25,175.25
2018-03-07T18:44:00Z,175.26,175.29,175.24,175.28
2018-03-07T18:45:00Z,175.29,175.3,175.24,175.29
2018-03-07T18:46:00Z,175.29,175.41,175.2866,175.36
2018-03-07T18:47:00Z,175.35,175.35,175.26,175.27
2018-03-07T18:48:00Z,175.25,175.25,175.13,175.16
2018-03-07T18:49:00Z,175.16,175.22,175.0594,175.14
2018-03-07T18:50:00Z,175.1494,175.2198,175.1007,175.19
2018-03-07T18:51:00Z,175.18,175.25,175.1514,175.23
2018-03-07T18:52:00Z,175.2302,175.3,175.19,175.2001
2018-03-07T18:53:00Z,175.21,175.25,175.04,175.12
2018-03-07T18:54:00Z,175.13,175.3,175.13,175.27
2018-03-07T18:55:00Z,175.26,175.26,175.16,175.2369
2018-03-07T18:56:00Z,175.24,175.329,175.24,175.275
2018-03-07T18:57:00Z,175.29,175.3,175.17,175.2
2018-03-07T18:58:00Z,175.2064,175.25,175.15,175.19
2018-03-07T18:59:00Z,175.1938,175.28,175.1938,175.25
2018-03-07T19:00:00Z,175.25,175.255,175.05,175.1428
2018-03-07T19:01:00Z,175.145,175.2376,175.1,175.21
2018-03-07T19:02:00Z,175.23,175.23,175.1047,175.12
2018-03-07T19:03:00Z,175.14,175.25,175.14,175.25
2018-03-07T19:04:00Z,175.2412,175.28,175.17,175.25
2018-03-07T19:05:00Z,175.26,175.3,175.22,175.2301
2018-03-07T19:06:00Z,175.2371,175.28,175.18,175.2
2018-03-07T19:07:00Z,175.2,175.25,175.16,175.2
2018-03-07T19:08:00Z,175.21,175.31,175.18,175.3037
2018-03-07T19:09:00Z,175.31,175.32,175.21,175.27
2018-03-07T19:10:00Z,175.29,175.54,175.29,175.5356
2018-03-07T19:11:00Z,175.53,175.61,175.5,175.6
2018-03-07T19:12:00Z,175.6,175.61,175.48,175.49
2018-03-07T19:13:00Z,175.49,175.52,175.41,175.46
2018-03-07T19:14:00Z,175.47,175.47,175.392,175.47
2018-03-07T19:15:00Z,175.462,175.49,175.44,175.46
2018-03-07T19:16:00Z,175.46,175.51,175.455,175.5
2018-03-07T19:17:00Z,175.5,175.5,175.41,175.4145
2018-03-07T19:18:00Z,175.42,175.4894,175.42,175.44
2018-03-07T19:19:00Z,175.43,175.47,175.41,175.4138
2018-03-07T19:20:00Z,175.41,175.44,175.37,175.41
2018-03-07T19:21:00Z,175.39,175.42,175.34,175.36
2018-03-07T19:22:00Z,175.36,175.49,175.35,175.47
2018-03-07T19:23:00Z,175.47,175.5,175.45,175.4593
2018-03-07T19:24:00Z,175.4643,175.5,175.45,175.46
2018-03-07T19:25:00Z,175.45,175.5,175.42,175.47
2018-03-07T19:26:00Z,175.47,175.47,175.42,175.44
2018-03-07T19:27:00Z,175.4335,175.52,175.4335,175.47
2018-03-07T19:28:00Z,175.49,175.5,175.44,175.46
2018-03-07T19:29:00Z,175.47,175.5,175.22,175.26
2018-03-07T19:30:00Z,175.25,175.37,175.25,175.35
2018-03-07T19:31:00Z,175.35,175.4199,175.34,175.38
2018-03-07T19:32:00Z,175.39,175.41,175.2,175.2
2018-03-07T19:33:00Z,175.22,175.33,175.22,175.32
2018-03-07T19:34:00Z,175.3,175.39,175.285,175.36
2018-03-07T19:35:00Z,175.35,175.41,175.34,175.4
2018-03-07T19:36:00Z,175.39,175.39,175.33,175.335
2018-03-07T19:37:00Z,175.335,175.405,175.33,175.36
2018-03-07T19:38:00Z,175.37,175.39,175.3299,175.39
2018-03-07T19:39:00Z,175.39,175.395,175.32,175.36
2018-03-07T19:40:00Z,175.36,175.4263,175.3548,175.4101
2018-03-07T19:41:00Z,175.42,175.46,175.39,175.435
2018-03-07T19:42:00Z,175.44,175.49,175.43,175.48
2018-03-07T19:43:00Z,175.49,175.4954,175.43,175.44
2018-03-07T19:44:00Z,175.44,175.46,175.39,175.4
2018-03-07T19:45:00Z,175.4,175.415,175.32,175.34
2018-03-07T19:46:00Z,175.335,175.435,175.305,175.36
2018-03-07T19:47:00Z,175.36,175.42,175.35,175.42
2018-03-07T19:48:00Z,175.41,175.43,175.35,175.35
2018-03-07T19:49:00Z,175.37,175.37,175.28,175.33
2018-03-07T19:50:00Z,175.33,175.47,175.33,175.38
2018-03-07T19:51:00Z,175.38,175.395,175.2,175.21
2018-03-07T19:52:00Z,175.21,175.24,174.97,175.0854
2018-03-07T19:53:00Z,175.0904,175.11,174.9576,175.04
2018-03-07T19:54:00Z,175.03,175.11,175.01,175.09
2018-03-07T19:55:00Z,175.09,175.1793,175.05,175.16
2018-03-07T19:56:00Z,175.16,175.19,175.11,175.15
2018-03-07T19:57:00Z,175.145,175.15,175.06,175.06
2018-03-07T19:58:00Z,175.08,175.11,175.01,175.0266
2018-03-07T19:59:00Z,175.02,175.07,174.92,175.06
