2018-03-13T13:30:00Z,182.55,182.8077,182.45,182.8077
2018-03-13T13:31:00Z,182.795,182.81,182.58,182.65
2018-03-13T13:32:00Z,182.6698,182.69,182.21,182.2121
2018-03-13T13:33:00Z,182.21,182.52,182.21,182.43
2018-03-13T13:34:00Z,182.45,182.75,182.41,182.6801
2018-03-13T13:35:00Z,182.6401,182.7952,182.57,182.73
2018-03-13T13:36:00Z,182.73,182.8695,182.71,182.83
2018-03-13T13:37:00Z,182.82,183.02,182.81,182.9201
2018-03-13T13:38:00Z,182.94,183,182.83,182.98
2018-03-13T13:39:00Z,182.98,183.05,182.93,183.025
2018-03-13T13:40:00Z,183.03,183.2,183.02,183.1514
2018-03-13T13:41:00Z,183.162,183.27,183.11,183.2276
2018-03-13T13:42:00Z,183.22,183.24,183.1,183.1
2018-03-13T13:43:00Z,183.11,183.19,183.07,183.165
2018-03-13T13:44:00Z,183.15,183.18,183.09,183.18
2018-03-13T13:45:00Z,183.18,183.255,183.15,183.17
2018-03-13T13:46:00Z,183.18,183.26,183.1,183.152
2018-03-13T13:47:00Z,183.18,183.27,183.14,183.25
2018-03-13T13:48:00Z,183.24,183.3,183.0778,183.1101
2018-03-13T13:49:00Z,183.115,183.115,182.93,183.0085
2018-03-13T13:50:00Z,183.01,183.08,182.94,183.06
2018-03-13T13:51:00Z,183.0601,183.19,183.04,183.18
2018-03-13T13:52:00Z,183.18,183.26,183.16,183.26
2018-03-13T13:53:00Z,183.2519,183.27,183.165,183.18
2018-03-13T13:54:00Z,183.16,183.17,183.03,183.05
2018-03-13T13:55:00Z,183.05,183.1,182.97,183.05
2018-03-13T13:56:00Z,183.05,183.1162,183.04,183.113
2018-03-13T13:57:00Z,183.1,183.19,183.07,183.17
2018-03-13T13:58:00Z,183.17,183.19,183.08,183.0952
2018-03-13T13:59:00Z,183.1,183.21,183.08,183.17
2018-03-13T14:00:00Z,183.17,183.205,183.01,183.1
2018-03-13T14:01:00Z,183.11,183.21,183.08,183.1923
2018-03-13T14:02:00Z,183.2,183.21,183.07,183.1232
2018-03-13T14:03:00Z,183.12,183.12,182.89,182.91
2018-03-13T14:04:00Z,182.91,183.0538,182.91,183
2018-03-13T14:05:00Z,182.99,183,182.861,182.89
2018-03-13T14:06:00Z,182.89,183.06,182.885,183.0257
2018-03-13T14:07:00Z,183.03,183.11,183.01,183.09
2018-03-13T14:08:00Z,183.0846,183.11,183.04,183.1
2018-03-13T14:09:00Z,183.0944,183.0944,182.92,182.99
2018-03-13T14:10:00Z,182.985,183.02,182.91,183.015
2018-03-13T14:11:00Z,183.01,183.09,183.01,183.07
2018-03-13T14:12:00Z,183.06,183.1,182.985,183.07
2018-03-13T14:13:00Z,183.08,183.2,183.05,183.19
2018-03-13T14:14:00Z,183.185,183.33,183.15,183.2688
2018-03-13T14:15:00Z,183.27,183.317,183.2,183.2795
2018-03-13T14:16:00Z,183.27,183.32,183.2244,183.3
2018-03-13T14:17:00Z,183.3,183.33,183.23,183.29
2018-03-13T14:18:00Z,183.29,183.4,183.28,183.3598
2018-03-13T14:19:00Z,183.35,183.5,183.32,183.4814
2018-03-13T14:20:00Z,183.48,183.4867,183.3477,183.37
2018-03-13T14:21:00Z,183.37,183.41,183.17,183.26
2018-03-13T14:22:00Z,183.27,183.349,183.26,183.33
2018-03-13T14:23:00Z,183.33,183.3399,183.22,183.2625
2018-03-13T14:24:00Z,183.26,183.3,183.24,183.24
2018-03-13T14:25:00Z,183.24,183.27,183.2,183.23
2018-03-13T14:26:00Z,183.235,183.25,183.17,183.18
2018-03-13T14:27:00Z,183.19,183.22,183.05,183.0553
2018-03-13T14:28:00Z,183.06,183.15,183.05,183.125
2018-03-13T14:29:00Z,183.125,183.14,183.01,183.1299
2018-03-13T14:30:00Z,183.13,183.14,182.89,182.9
2018-03-13T14:31:00Z,182.89,182.9003,182.69,182.78
2018-03-13T14:32:00Z,182.776,182.95,182.75,182.89
2018-03-13T14:33:00Z,182.8899,182.8899,182.64,182.64
2018-03-13T14:34:00Z,182.65,182.83,182.63,182.795
2018-03-13T14:35:00Z,182.8,182.83,182.72,182.83
2018-03-13T14:36:00Z,182.83,182.83,182.72,182.7299
2018-03-13T14:37:00Z,182.73,182.88,182.7238,182.88
2018-03-13T14:38:00Z,182.868,182.88,182.72,182.82
2018-03-13T14:39:00Z,182.83,182.87,182.72,182.74
2018-03-13T14:40:00Z,182.74,182.91,182.74,182.89
2018-03-13T14:41:00Z,182.88,182.93,182.81,182.82
2018-03-13T14:42:00Z,182.8152,182.9,182.805,182.875
2018-03-13T14:43:00Z,182.87,182.94,182.8348,182.89
2018-03-13T14:44:00Z,182.9001,182.97,182.86,182.88
2018-03-13T14:45:00Z,182.88,182.919,182.83,182.91
2018-03-13T14:46:00Z,182.91,183.02,182.89,182.96
2018-03-13T14:47:00Z,182.96,183,182.93,182.97
2018-03-13T14:48:00Z,182.9698,183.01,182.9,183
2018-03-13T14:49:00Z,183,183.02,182.8701,182.875
2018-03-13T14:50:00Z,182.87,182.9,182.78,182.85
2018-03-13T14:51:00Z,182.85,182.891,182.7001,182.75
2018-03-13T14:52:00Z,182.7498,182.76,182.51,182.52
2018-03-13T14:53:00Z,182.54,182.73,182.54,182.7
2018-03-13T14:54:00Z,182.73,182.84,182.73,182.76
2018-03-13T14:55:00Z,182.77,182.8,182.68,182.702
2018-03-13T14:56:00Z,182.71,182.91,182.71,182.83
2018-03-13T14:57:00Z,182.83,182.89,182.79,182.8
2018-03-13T14:58:00Z,182.795,182.795,182.69,182.705
2018-03-13T14:59:00Z,182.705,182.74,182.65,182.7
2018-03-13T15:00:00Z,182.73,182.77,182.67,182.72
2018-03-13T15:01:00Z,182.73,182.73,182.56,182.65
2018-03-13T15:02:00Z,182.65,182.73,182.62,182.68
2018-03-13T15:03:00Z,182.6848,182.689,182.51,182.51
2018-03-13T15:04:00Z,182.51,182.66,182.51,182.6291
2018-03-13T15:05:00Z,182.64,182.7,182.59,182.59
2018-03-13T15:06:00Z,182.59,182.61,182.39,182.41
2018-03-13T15:07:00Z,182.4,182.44,182.165,182.21
2018-03-13T15:08:00Z,182.215,182.39,182.1798,182.22
2018-03-13T15:09:00Z,182.2,182.22,181.85,181.92
2018-03-13T15:10:00Z,181.9375,182.26,181.9375,182.208
2018-03-13T15:11:00Z,182.2098,182.3,182.16,182.28
2018-03-13T15:12:00Z,182.29,182.3,182.18,182.23
2018-03-13T15:13:00Z,182.24,182.2613,182.1,182.21
2018-03-13T15:14:00Z,182.21,182.4,182.2083,182.329
2018-03-13T15:15:00Z,182.33,182.4,182.177,182.177
2018-03-13T15:16:00Z,182.19,182.2,182.11,182.12
2018-03-13T15:17:00Z,182.11,182.23,182.04,182.04
2018-03-13T15:18:00Z,182.05,182.25,181.86,182.21
2018-03-13T15:19:00Z,182.2,182.38,182.19,182.38
2018-03-13T15:20:00Z,182.37,182.5,182.32,182.449
2018-03-13T15:21:00Z,182.4422,182.5,182.32,182.5
2018-03-13T15:22:00Z,182.505,182.56,182.44,182.44
2018-03-13T15:23:00Z,182.44,182.56,182.44,182.49
2018-03-13T15:24:00Z,182.49,182.5,182.35,182.39
2018-03-13T15:25:00Z,182.38,182.39,181.97,181.97
2018-03-13T15:26:00Z,181.97,182.19,181.9614,182.1166
2018-03-13T15:27:00Z,182.118,182.13,181.7,181.71
2018-03-13T15:28:00Z,181.7,181.94,181.7,181.81
2018-03-13T15:29:00Z,181.81,181.92,181.7563,181.895
2018-03-13T15:30:00Z,181.89,182.13,181.89,182.09
2018-03-13T15:31:00Z,182.1,182.1932,181.8,181.91
2018-03-13T15:32:00Z,181.935,182.03,181.84,181.88
2018-03-13T15:33:00Z,181.88,181.91,181.74,181.74
2018-03-13T15:34:00Z,181.73,181.73,181.34,181.36
2018-03-13T15:35:00Z,181.38,181.7,181.38,181.5599
2018-03-13T15:36:00Z,181.54,181.71,181.471,181.69
2018-03-13T15:37:00Z,181.66,181.7384,181.6026,181.71
2018-03-13T15:38:00Z,181.7199,181.72,181.6,181.717
2018-03-13T15:39:00Z,181.72,181.85,181.69,181.75
2018-03-13T15:40:00Z,181.75,181.83,181.74,181.8
2018-03-13T15:41:00Z,181.81,181.98,181.8,181.96
2018-03-13T15:42:00Z,181.955,182,181.89,181.99
2018-03-13T15:43:00Z,181.9941,182.0699,181.94,181.95
2018-03-13T15:44:00Z,181.96,182.01,181.84,181.96
2018-03-13T15:45:00Z,181.97,181.9904,181.85,181.9699
2018-03-13T15:46:00Z,181.97,182,181.87,181.94
2018-03-13T15:47:00Z,181.93,182.12,181.9,182.088
2018-03-13T15:48:00Z,182.08,182.15,181.99,182.12
2018-03-13T15:49:00Z,182.11,182.18,182.08,182.13
2018-03-13T15:50:00Z,182.135,182.21,182.04,182.08
2018-03-13T15:51:00Z,182.09,182.26,182.08,182.24
2018-03-13T15:52:00Z,182.25,182.25,182.14,182.22
2018-03-13T15:53:00Z,182.22,182.29,182.14,182.24
2018-03-13T15:54:00Z,182.2525,182.3,182.21,182.24
2018-03-13T15:55:00Z,182.25,182.25,182.06,182.19
2018-03-13T15:56:00Z,182.17,182.33,182.16,182.27
2018-03-13T15:57:00Z,182.25,182.28,181.98,182.2399
2018-03-13T15:58:00Z,182.24,182.3,182.1,182.19
2018-03-13T15:59:00Z,182.21,182.21,181.92,181.92
2018-03-13T16:00:00Z,181.92,182.03,181.819,181.9
2018-03-13T16:01:00Z,181.88,182.01,181.81,181.82
2018-03-13T16:02:00Z,181.85,181.88,181.73,181.83
2018-03-13T16:03:00Z,181.8301,181.85,181.55,181.649
2018-03-13T16:04:00Z,181.66,181.68,181.35,181.35
2018-03-13T16:05:00Z,181.35,181.56,181.32,181.535
2018-03-13T16:06:00Z,181.54,181.54,181.24,181.28
2018-03-13T16:07:00Z,181.2727,181.2727,180.81,180.88
2018-03-13T16:08:00Z,180.86,181.07,180.81,180.9551
2018-03-13T16:09:00Z,180.9421,181.16,180.9,181.12
2018-03-13T16:10:00Z,181.12,181.33,181.05,181.2403
2018-03-13T16:11:00Z,181.27,181.35,181.1844,181.21
2018-03-13T16:12:00Z,181.1984,181.3601,181.16,181.18
2018-03-13T16:13:00Z,181.2,181.295,181.17,181.21
2018-03-13T16:14:00Z,181.21,181.4,181.21,181.37
2018-03-13T16:15:00Z,181.35,181.53,181.34,181.515
2018-03-13T16:16:00Z,181.5149,181.58,181.41,181.55
2018-03-13T16:17:00Z,181.56,181.67,181.54,181.64
2018-03-13T16:18:00Z,181.64,181.7,181.62,181.7
2018-03-13T16:19:00Z,181.68,181.78,181.63,181.77
2018-03-13T16:20:00Z,181.76,181.89,181.76,181.8
2018-03-13T16:21:00Z,181.83,181.93,181.8,181.8
2018-03-13T16:22:00Z,181.8,181.82,181.7,181.82
2018-03-13T16:23:00Z,181.82,181.93,181.73,181.78
2018-03-13T16:24:00Z,181.78,181.8,181.63,181.6602
2018-03-13T16:25:00Z,181.655,181.67,181.52,181.53
2018-03-13T16:26:00Z,181.5248,181.59,181.4607,181.49
2018-03-13T16:27:00Z,181.53,181.58,181.49,181.53
2018-03-13T16:28:00Z,181.52,181.73,181.5015,181.73
2018-03-13T16:29:00Z,181.7114,181.88,181.66,181.86
2018-03-13T16:30:00Z,181.85,181.95,181.85,181.92
2018-03-13T16:31:00Z,181.93,182.1,181.9189,182
2018-03-13T16:32:00Z,181.98,182.1,181.98,182.04
2018-03-13T16:33:00Z,182.035,182.06,181.95,181.99
2018-03-13T16:34:00Z,182.01,182.08,181.99,182.03
2018-03-13T16:35:00Z,182.03,182.0544,181.87,181.91
2018-03-13T16:36:00Z,181.92,181.99,181.89,181.99
2018-03-13T16:37:00Z,181.98,182.06,181.93,182.01
2018-03-13T16:38:00Z,182.01,182.07,181.97,182.001
2018-03-13T16:39:00Z,182.0089,182.01,181.93,181.9886
2018-03-13T16:40:00Z,182,182,181.79,181.9009
2018-03-13T16:41:00Z,181.91,181.96,181.83,181.83
2018-03-13T16:42:00Z,181.83,181.86,181.76,181.81
2018-03-13T16:43:00Z,181.81,181.83,181.64,181.64
2018-03-13T16:44:00Z,181.65,181.7323,181.6372,181.68
2018-03-13T16:45:00Z,181.66,181.66,181.55,181.56
2018-03-13T16:46:00Z,181.55,181.84,181.52,181.8
2018-03-13T16:47:00Z,181.815,181.97,181.7137,181.97
2018-03-13T16:48:00Z,181.97,182,181.9,181.98
2018-03-13T16:49:00Z,182,182.04,181.96,182.0285
2018-03-13T16:50:00Z,182.0375,182.19,182.03,182.151
2018-03-13T16:51:00Z,182.16,182.16,182.06,182.12
2018-03-13T16:52:00Z,182.126,182.2144,182.12,182.14
2018-03-13T16:53:00Z,182.1499,182.17,182.11,182.15
2018-03-13T16:54:00Z,182.16,182.16,182.03,182.0301
2018-03-13T16:55:00Z,182.04,182.19,182.04,182.1186
2018-03-13T16:56:00Z,182.1,182.117,182.06,182.07
2018-03-13T16:57:00Z,182.0548,182.17,182.05,182.12
2018-03-13T16:58:00Z,182.13,182.13,182.0348,182.05
2018-03-13T16:59:00Z,182.06,182.09,181.99,181.99
2018-03-13T17:00:00Z,181.99,182.255,181.99,182.255
2018-03-13T17:01:00Z,182.25,182.37,182.2134,182.35
2018-03-13T17:02:00Z,182.33,182.352,182.17,182.2
2018-03-13T17:03:00Z,182.1949,182.32,182.16,182.2899
2018-03-13T17:04:00Z,182.2902,182.43,182.24,182.34
2018-03-13T17:05:00Z,182.36,182.38,182.17,182.18
2018-03-13T17:06:00Z,182.17,182.2725,182.16,182.2598
2018-03-13T17:07:00Z,182.26,182.32,182.21,182.21
2018-03-13T17:08:00Z,182.21,182.35,182.21,182.3048
2018-03-13T17:09:00Z,182.305,182.3756,182.28,182.2824
2018-03-13T17:10:00Z,182.29,182.4,182.29,182.31
2018-03-13T17:11:00Z,182.32,182.3402,182.25,182.28
2018-03-13T17:12:00Z,182.31,182.351,182.275,182.35
2018-03-13T17:13:00Z,182.36,182.42,182.34,182.37
2018-03-13T17:14:00Z,182.3793,182.44,182.35,182.42
2018-03-13T17:15:00Z,182.42,182.4413,182.35,182.37
2018-03-13T17:16:00Z,182.3799,182.47,182.3749,182.45
2018-03-13T17:17:00Z,182.43,182.54,182.39,182.39
2018-03-13T17:18:00Z,182.41,182.4101,182.31,182.35
2018-03-13T17:19:00Z,182.35,182.46,182.3199,182.43
2018-03-13T17:20:00Z,182.4,182.4914,182.4,182.45
2018-03-13T17:21:00Z,182.44,182.46,182.39,182.42
2018-03-13T17:22:00Z,182.41,182.41,182.26,182.3
2018-03-13T17:23:00Z,182.2952,182.2952,182.16,182.16
2018-03-13T17:24:00Z,182.15,182.1957,182.1101,182.16
2018-03-13T17:25:00Z,182.15,182.19,182.11,182.19
2018-03-13T17:26:00Z,182.1762,182.223,182.15,182.1842
2018-03-13T17:27:00Z,182.17,182.17,182.06,182.15
2018-03-13T17:28:00Z,182.16,182.25,182.15,182.15
2018-03-13T17:29:00Z,182.13,182.26,182.13,182.2
2018-03-13T17:30:00Z,182.1976,182.33,182.1976,182.22
2018-03-13T17:31:00Z,182.2101,182.232,182.1,182.11
2018-03-13T17:32:00Z,182.1149,182.175,182.08,182.175
2018-03-13T17:33:00Z,182.18,182.29,182.12,182.29
2018-03-13T17:34:00Z,182.28,182.3,182.21,182.21
2018-03-13T17:35:00Z,182.22,182.22,182.12,182.19
2018-03-13T17:36:00Z,182.21,182.27,182.2,182.22
2018-03-13T17:37:00Z,182.22,182.3,182.22,182.3
2018-03-13T17:38:00Z,182.29,182.36,182.275,182.33
2018-03-13T17:39:00Z,182.3338,182.3399,182.26,182.3
2018-03-13T17:40:00Z,182.29,182.34,182.22,182.29
2018-03-13T17:41:00Z,182.3,182.35,182.22,182.22
2018-03-13T17:42:00Z,182.2122,182.255,182.15,182.23
2018-03-13T17:43:00Z,182.23,182.23,182.191,182.21
2018-03-13T17:44:00Z,182.22,182.24,182.01,182.01
2018-03-13T17:45:00Z,182.01,182.08,181.73,181.8203
2018-03-13T17:46:00Z,181.84,181.98,181.84,181.94
2018-03-13T17:47:00Z,181.94,181.94,181.72,181.74
2018-03-13T17:48:00Z,181.75,181.7599,181.55,181.6
2018-03-13T17:49:00Z,181.6098,181.79,181.591,181.72
2018-03-13T17:50:00Z,181.71,181.715,181.5,181.516
2018-03-13T17:51:00Z,181.53,181.78,181.53,181.72
2018-03-13T17:52:00Z,181.735,181.86,181.735,181.8322
2018-03-13T17:53:00Z,181.84,181.85,181.7,181.745
2018-03-13T17:54:00Z,181.75,181.83,181.75,181.755
2018-03-13T17:55:00Z,181.76,181.79,181.63,181.6301
2018-03-13T17:56:00Z,181.64,181.64,181.55,181.62
2018-03-13T17:57:00Z,181.61,181.6218,181.5,181.54
2018-03-13T17:58:00Z,181.56,181.56,181.42,181.47
2018-03-13T17:59:00Z,181.47,181.47,181.34,181.42
2018-03-13T18:00:00Z,181.43,181.63,181.39,181.49
2018-03-13T18:01:00Z,181.51,181.64,181.51,181.589
2018-03-13T18:02:00Z,181.58,181.67,181.53,181.64
2018-03-13T18:03:00Z,181.65,181.68,181.54,181.55
2018-03-13T18:04:00Z,181.55,181.71,181.55,181.65
2018-03-13T18:05:00Z,181.65,181.69,181.53,181.57
2018-03-13T18:06:00Z,181.56,181.66,181.55,181.62
2018-03-13T18:07:00Z,181.63,181.72,181.62,181.7
2018-03-13T18:08:00Z,181.7,181.7,181.53,181.59
2018-03-13T18:09:00Z,181.5896,181.65,181.49,181.49
2018-03-13T18:10:00Z,181.5,181.59,181.4998,181.57
2018-03-13T18:11:00Z,181.57,181.59,181.36,181.37
2018-03-13T18:12:00Z,181.3692,181.375,181.2001,181.24
2018-03-13T18:13:00Z,181.25,181.36,181.17,181.36
2018-03-13T18:14:00Z,181.35,181.36,181.0988,181.11
2018-03-13T18:15:00Z,181.13,181.2,180.99,181.0533
2018-03-13T18:16:00Z,181.07,181.21,180.98,181.1798
2018-03-13T18:17:00Z,181.18,181.31,181.15,181.28
2018-03-13T18:18:00Z,181.26,181.34,181.2,181.305
2018-03-13T18:19:00Z,181.31,181.39,181.29,181.35
2018-03-13T18:20:00Z,181.35,181.37,181.27,181.2743
2018-03-13T18:21:00Z,181.28,181.39,181.27,181.36
2018-03-13T18:22:00Z,181.36,181.36,181.21,181.27
2018-03-13T18:23:00Z,181.2666,181.27,181.18,181.26
2018-03-13T18:24:00Z,181.265,181.265,181.16,181.2
2018-03-13T18:25:00Z,181.19,181.41,181.19,181.38
2018-03-13T18:26:00Z,181.38,181.38,181.25,181.28
2018-03-13T18:27:00Z,181.28,181.35,181.255,181.284
2018-03-13T18:28:00Z,181.285,181.29,181.12,181.2
2018-03-13T18:29:00Z,181.181,181.26,181.14,181.25
2018-03-13T18:30:00Z,181.2449,181.29,181.1444,181.1625
2018-03-13T18:31:00Z,181.18,181.34,181.18,181.2601
2018-03-13T18:32:00Z,181.26,181.34,181.245,181.32
2018-03-13T18:33:00Z,181.31,181.56,181.3,181.5
2018-03-13T18:34:00Z,181.52,181.58,181.4912,181.53
2018-03-13T18:35:00Z,181.53,181.54,181.4316,181.47
2018-03-13T18:36:00Z,181.47,181.47,181.22,181.23
2018-03-13T18:37:00Z,181.24,181.29,181.17,181.23
2018-03-13T18:38:00Z,181.26,181.29,181.14,181.15
2018-03-13T18:39:00Z,181.17,181.22,181.08,181.13
2018-03-13T18:40:00Z,181.1201,181.17,181.06,181.07
2018-03-13T18:41:00Z,181.0776,181.25,181.05,181.245
2018-03-13T18:42:00Z,181.26,181.31,181.05,181.06
2018-03-13T18:43:00Z,181.05,181.08,180.78,180.78
2018-03-13T18:44:00Z,180.82,180.9,180.7601,180.83
2018-03-13T18:45:00Z,180.83,180.98,180.81,180.88
2018-03-13T18:46:00Z,180.868,181,180.82,180.9998
2018-03-13T18:47:00Z,180.9998,181.079,180.9,180.91
2018-03-13T18:48:00Z,180.9132,181.03,180.85,180.85
2018-03-13T18:49:00Z,180.86,180.92,180.77,180.81
2018-03-13T18:50:00Z,180.81,180.92,180.69,180.7
2018-03-13T18:51:00Z,180.71,180.74,180.54,180.6
2018-03-13T18:52:00Z,180.6,180.79,180.56,180.6
2018-03-13T18:53:00Z,180.594,180.62,180.54,180.56
2018-03-13T18:54:00Z,180.5698,180.74,180.5301,180.69
2018-03-13T18:55:00Z,180.69,180.71,180.52,180.53
2018-03-13T18:56:00Z,180.53,180.62,180.46,180.55
2018-03-13T18:57:00Z,180.5201,180.89,180.51,180.8
2018-03-13T18:58:00Z,180.7801,180.95,180.76,180.9304
2018-03-13T18:59:00Z,180.92,180.97,180.84,180.91
2018-03-13T19:00:00Z,180.91,181.16,180.91,181.03
2018-03-13T19:01:00Z,181.04,181.04,180.92,180.94
2018-03-13T19:02:00Z,180.9332,180.9332,180.74,180.76
2018-03-13T19:03:00Z,180.75,180.8,180.473,180.49
2018-03-13T19:04:00Z,180.49,180.58,180.42,180.5
2018-03-13T19:05:00Z,180.5,180.6399,180.38,180.53
2018-03-13T19:06:00Z,180.54,180.58,180.49,180.505
2018-03-13T19:07:00Z,180.57,180.59,180.42,180.47
2018-03-13T19:08:00Z,180.48,180.63,180.46,180.5708
2018-03-13T19:09:00Z,180.57,180.59,180.4,180.53
2018-03-13T19:10:00Z,180.5298,180.59,180.37,180.48
2018-03-13T19:11:00Z,180.48,180.64,180.46,180.52
2018-03-13T19:12:00Z,180.5,180.54,180.18,180.19
2018-03-13T19:13:00Z,180.2,180.3,180.16,180.191
2018-03-13T19:14:00Z,180.18,180.32,180.06,180.2
2018-03-13T19:15:00Z,180.2,180.32,180.09,180.32
2018-03-13T19:16:00Z,180.29,180.3799,180.21,180.3
2018-03-13T19:17:00Z,180.3,180.33,180.13,180.13
2018-03-13T19:18:00Z,180.1399,180.28,180.1399,180.18
2018-03-13T19:19:00Z,180.19,180.34,180.16,180.2405
2018-03-13T19:20:00Z,180.25,180.3,180.14,180.14
2018-03-13T19:21:00Z,180.15,180.27,180.12,180.13
2018-03-13T19:22:00Z,180.13,180.16,179.82,179.9444
2018-03-13T19:23:00Z,179.94,180,179.78,179.83
2018-03-13T19:24:00Z,179.84,180,179.84,179.95
2018-03-13T19:25:00Z,179.96,180.01,179.88,179.89
2018-03-13T19:26:00Z,179.89,179.9,179.77,179.82
2018-03-13T19:27:00Z,179.82,179.85,179.66,179.74
2018-03-13T19:28:00Z,179.7499,179.93,179.74,179.8898
2018-03-13T19:29:00Z,179.89,179.94,179.78,179.83
2018-03-13T19:30:00Z,179.8391,180.0604,179.79,180.0604
2018-03-13T19:31:00Z,180.06,180.09,179.99,180
2018-03-13T19:32:00Z,179.98,179.98,179.85,179.85
2018-03-13T19:33:00Z,179.87,179.87,179.68,179.8
2018-03-13T19:34:00Z,179.81,179.859,179.7396,179.75
2018-03-13T19:35:00Z,179.7504,179.88,179.67,179.83
2018-03-13T19:36:00Z,179.84,179.98,179.83,179.9133
2018-03-13T19:37:00Z,179.92,179.92,179.68,179.7
2018-03-13T19:38:00Z,179.69,179.73,179.52,179.53
2018-03-13T19:39:00Z,179.53,179.68,179.44,179.455
2018-03-13T19:40:00Z,179.45,179.49,179.28,179.29
2018-03-13T19:41:00Z,179.29,179.43,179.24,179.28
2018-03-13T19:42:00Z,179.2601,179.5,179.25,179.49
2018-03-13T19:43:00Z,179.49,179.6,179.4,179.58
2018-03-13T19:44:00Z,179.5793,179.65,179.52,179.65
2018-03-13T19:45:00Z,179.64,179.64,179.42,179.54
2018-03-13T19:46:00Z,179.54,179.69,179.54,179.6269
2018-03-13T19:47:00Z,179.62,179.72,179.6,179.7199
2018-03-13T19:48:00Z,179.7148,179.72,179.5,179.52
2018-03-13T19:49:00Z,179.52,179.61,179.5,179.5102
2018-03-13T19:50:00Z,179.52,179.84,179.52,179.7752
2018-03-13T19:51:00Z,179.78,179.97,179.78,179.96
2018-03-13T19:52:00Z,179.955,180.11,179.86,180.02
2018-03-13T19:53:00Z,180.02,180.18,180.02,180.14
2018-03-13T19:54:00Z,180.14,180.17,180.05,180.14
2018-03-13T19:55:00Z,180.1301,180.15,179.88,179.9
2018-03-13T19:56:00Z,179.89,180,179.85,179.94
2018-03-13T19:57:00Z,179.93,179.96,179.85,179.85
2018-03-13T19:58:00Z,179.85,180.04,179.85,179.92
2018-03-13T19:59:00Z,179.92,180.14,179.91,179.95
