2019-10-21T13:30:00Z,237.58,238.25,237.32,238.2352
2019-10-21T13:31:00Z,238.25,238.4,238.07,238.19
2019-10-21T13:32:00Z,238.2307,238.28,237.89,237.89
2019-10-21T13:33:00Z,237.93,238.5,237.91,238.5
2019-10-21T13:34:00Z,238.47,238.55,238.2256,238.4103
2019-10-21T13:35:00Z,238.43,239.01,238.41,239.01
2019-10-21T13:36:00Z,239,239.36,238.96,239.27
2019-10-21T13:37:00Z,239.28,239.47,239.1316,239.4
2019-10-21T13:38:00Z,239.41,239.46,239.25,239.325
2019-10-21T13:39:00Z,239.325,239.4227,239.23,239.26
2019-10-21T13:40:00Z,239.27,239.67,239.21,239.6405
2019-10-21T13:41:00Z,239.661,239.78,239.56,239.715
2019-10-21T13:42:00Z,239.72,239.94,239.72,239.9201
2019-10-21T13:43:00Z,239.9316,239.97,239.88,239.885
2019-10-21T13:44:00Z,239.8701,240,239.83,239.96
2019-10-21T13:45:00Z,239.95,240,239.89,239.94
2019-10-21T13:46:00Z,239.92,239.94,239.53,239.58
2019-10-21T13:47:00Z,239.585,239.6165,239.37,239.3767
2019-10-21T13:48:00Z,239.364,239.5,239.34,239.4209
2019-10-21T13:49:00Z,239.44,239.4945,239.24,239.268
2019-10-21T13:50:00Z,239.278,239.5199,239.276,239.45
2019-10-21T13:51:00Z,239.4579,239.49,239.305,239.36
2019-10-21T13:52:00Z,239.35,239.38,239.06,239.09
2019-10-21T13:53:00Z,239.0937,239.18,238.99,239.13
2019-10-21T13:54:00Z,239.14,239.1799,239.09,239.13
2019-10-21T13:55:00Z,239.13,239.1899,239.07,239.1635
2019-10-21T13:56:00Z,239.1603,239.43,239.1603,239.4191
2019-10-21T13:57:00Z,239.43,239.64,239.43,239.57
2019-10-21T13:58:00Z,239.5899,239.6187,239.46,239.53
2019-10-21T13:59:00Z,239.53,239.8,239.53,239.7
2019-10-21T14:00:00Z,239.671,239.86,239.66,239.74
2019-10-21T14:01:00Z,239.77,239.91,239.77,239.8916
2019-10-21T14:02:00Z,239.886,239.91,239.77,239.84
2019-10-21T14:03:00Z,239.82,239.86,239.7,239.84
2019-10-21T14:04:00Z,239.84,239.96,239.6007,239.65
2019-10-21T14:05:00Z,239.665,239.705,239.4,239.4
2019-10-21T14:06:00Z,239.41,239.42,239.1,239.25
2019-10-21T14:07:00Z,239.27,239.53,239.24,239.53
2019-10-21T14:08:00Z,239.5342,239.68,239.4596,239.47
2019-10-21T14:09:00Z,239.46,239.53,239.43,239.4673
2019-10-21T14:10:00Z,239.47,239.56,239.35,239.5512
2019-10-21T14:11:00Z,239.56,239.73,239.48,239.71
2019-10-21T14:12:00Z,239.6984,239.85,239.69,239.75
2019-10-21T14:13:00Z,239.75,239.8833,239.71,239.865
2019-10-21T14:14:00Z,239.87,239.89,239.78,239.7944
2019-10-21T14:15:00Z,239.8,239.8,239.55,239.55
2019-10-21T14:16:00Z,239.5568,239.84,239.5568,239.8066
2019-10-21T14:17:00Z,239.8,239.9,239.71,239.88
2019-10-21T14:18:00Z,239.86,240,239.845,239.8787
2019-10-21T14:19:00Z,239.87,239.97,239.85,239.94
2019-10-21T14:20:00Z,239.9489,239.97,239.86,239.89
2019-10-21T14:21:00Z,239.88,239.97,239.86,239.97
2019-10-21T14:22:00Z,239.96,239.98,239.85,239.89
2019-10-21T14:23:00Z,239.89,239.9,239.82,239.86
2019-10-21T14:24:00Z,239.88,239.9,239.63,239.6997
2019-10-21T14:25:00Z,239.7237,239.82,239.72,239.8
2019-10-21T14:26:00Z,239.8001,239.88,239.78,239.79
2019-10-21T14:27:00Z,239.79,239.84,239.79,239.8217
2019-10-21T14:28:00Z,239.82,239.82,239.54,239.54
2019-10-21T14:29:00Z,239.5419,239.57,239.4,239.5
2019-10-21T14:30:00Z,239.495,239.63,239.495,239.53
2019-10-21T14:31:00Z,239.5483,239.66,239.53,239.5633
2019-10-21T14:32:00Z,239.57,239.58,239.43,239.4316
2019-10-21T14:33:00Z,239.43,239.48,239.4,239.43
2019-10-21T14:34:00Z,239.44,239.48,239.4,239.44
2019-10-21T14:35:00Z,239.4423,239.45,239.36,239.41
2019-10-21T14:36:00Z,239.41,239.45,239.33,239.39
2019-10-21T14:37:00Z,239.39,239.71,239.37,239.66
2019-10-21T14:38:00Z,239.67,239.75,239.62,239.74
2019-10-21T14:39:00Z,239.75,239.85,239.67,239.81
2019-10-21T14:40:00Z,239.8069,239.94,239.8069,239.88
2019-10-21T14:41:00Z,239.89,239.92,239.8326,239.892
2019-10-21T14:42:00Z,239.8853,239.91,239.7147,239.75
2019-10-21T14:43:00Z,239.76,239.85,239.72,239.84
2019-10-21T14:44:00Z,239.8579,239.9,239.8579,239.89
2019-10-21T14:45:00Z,239.8781,239.9,239.82,239.8691
2019-10-21T14:46:00Z,239.87,239.89,239.7,239.7187
2019-10-21T14:47:00Z,239.72,239.7799,239.67,239.7799
2019-10-21T14:48:00Z,239.78,239.83,239.76,239.77
2019-10-21T14:49:00Z,239.79,239.8213,239.63,239.6644
2019-10-21T14:50:00Z,239.6837,239.71,239.59,239.61
2019-10-21T14:51:00Z,239.6,239.603,239.52,239.57
2019-10-21T14:52:00Z,239.59,239.6928,239.58,239.6886
2019-10-21T14:53:00Z,239.7,239.77,239.68,239.76
2019-10-21T14:54:00Z,239.7565,239.87,239.7565,239.85
2019-10-21T14:55:00Z,239.85,239.89,239.77,239.83
2019-10-21T14:56:00Z,239.83,239.91,239.83,239.87
2019-10-21T14:57:00Z,239.86,239.89,239.81,239.8881
2019-10-21T14:58:00Z,239.89,239.9,239.78,239.86
2019-10-21T14:59:00Z,239.86,239.93,239.77,239.92
2019-10-21T15:00:00Z,239.92,239.95,239.855,239.9
2019-10-21T15:01:00Z,239.9,239.91,239.84,239.89
2019-10-21T15:02:00Z,239.895,239.96,239.85,239.95
2019-10-21T15:03:00Z,239.95,240.28,239.95,240.19
2019-10-21T15:04:00Z,240.19,240.29,240.16,240.24
2019-10-21T15:05:00Z,240.24,240.3,240.222,240.27
2019-10-21T15:06:00Z,240.26,240.41,240.225,240.4
2019-10-21T15:07:00Z,240.4,240.45,240.36,240.39
2019-10-21T15:08:00Z,240.4146,240.47,240.32,240.33
2019-10-21T15:09:00Z,240.33,240.43,240.33,240.38
2019-10-21T15:10:00Z,240.3958,240.5,240.37,240.49
2019-10-21T15:11:00Z,240.5,240.5799,240.5,240.53
2019-10-21T15:12:00Z,240.5309,240.65,240.5,240.64
2019-10-21T15:13:00Z,240.62,240.74,240.6,240.6953
2019-10-21T15:14:00Z,240.7,240.79,240.68,240.73
2019-10-21T15:15:00Z,240.74,240.76,240.6556,240.7
2019-10-21T15:16:00Z,240.71,240.73,240.67,240.726
2019-10-21T15:17:00Z,240.7299,240.8398,240.7,240.7142
2019-10-21T15:18:00Z,240.71,240.7239,240.42,240.42
2019-10-21T15:19:00Z,240.431,240.4692,240.25,240.35
2019-10-21T15:20:00Z,240.35,240.35,240.21,240.29
2019-10-21T15:21:00Z,240.28,240.4,240.28,240.3898
2019-10-21T15:22:00Z,240.39,240.5,240.39,240.5
2019-10-21T15:23:00Z,240.4835,240.6,240.48,240.6
2019-10-21T15:24:00Z,240.6264,240.65,240.55,240.58
2019-10-21T15:25:00Z,240.6,240.667,240.57,240.667
2019-10-21T15:26:00Z,240.6501,240.8,240.5848,240.6287
2019-10-21T15:27:00Z,240.6153,240.7125,240.6153,240.65
2019-10-21T15:28:00Z,240.66,240.71,240.62,240.6652
2019-10-21T15:29:00Z,240.65,240.73,240.6,240.65
2019-10-21T15:30:00Z,240.66,240.68,240.45,240.46
2019-10-21T15:31:00Z,240.46,240.49,240.41,240.47
2019-10-21T15:32:00Z,240.4672,240.5,240.41,240.44
2019-10-21T15:33:00Z,240.44,240.44,240.135,240.135
2019-10-21T15:34:00Z,240.1348,240.26,240.12,240.2384
2019-10-21T15:35:00Z,240.23,240.265,240.16,240.1698
2019-10-21T15:36:00Z,240.165,240.19,240.07,240.17
2019-10-21T15:37:00Z,240.17,240.36,240.1677,240.2608
2019-10-21T15:38:00Z,240.2698,240.3089,240.18,240.2138
2019-10-21T15:39:00Z,240.23,240.36,240.18,240.26
2019-10-21T15:40:00Z,240.2668,240.28,240.2,240.26
2019-10-21T15:41:00Z,240.25,240.3263,240.23,240.3263
2019-10-21T15:42:00Z,240.3234,240.39,240.32,240.34
2019-10-21T15:43:00Z,240.35,240.37,240.28,240.35
2019-10-21T15:44:00Z,240.33,240.35,240.2796,240.29
2019-10-21T15:45:00Z,240.31,240.385,240.31,240.3763
2019-10-21T15:46:00Z,240.3791,240.4251,240.3791,240.39
2019-10-21T15:47:00Z,240.3999,240.41,240.36,240.41
2019-10-21T15:48:00Z,240.4142,240.45,240.38,240.42
2019-10-21T15:49:00Z,240.4135,240.46,240.4134,240.4545
2019-10-21T15:50:00Z,240.46,240.52,240.43,240.49
2019-10-21T15:51:00Z,240.49,240.57,240.4602,240.4605
2019-10-21T15:52:00Z,240.49,240.62,240.46,240.4839
2019-10-21T15:53:00Z,240.52,240.7,240.4559,240.65
2019-10-21T15:54:00Z,240.6529,240.78,240.65,240.78
2019-10-21T15:55:00Z,240.79,240.88,240.79,240.8548
2019-10-21T15:56:00Z,240.84,240.88,240.78,240.8
2019-10-21T15:57:00Z,240.805,240.805,240.63,240.64
2019-10-21T15:58:00Z,240.6723,240.7024,240.61,240.665
2019-10-21T15:59:00Z,240.682,240.75,240.66,240.73
2019-10-21T16:00:00Z,240.73,240.73,240.61,240.62
2019-10-21T16:01:00Z,240.61,240.65,240.6,240.63
2019-10-21T16:02:00Z,240.64,240.65,240.6,240.6
2019-10-21T16:03:00Z,240.62,240.7,240.5836,240.66
2019-10-21T16:04:00Z,240.67,240.68,240.61,240.6516
2019-10-21T16:05:00Z,240.6602,240.73,240.63,240.7
2019-10-21T16:06:00Z,240.6956,240.72,240.67,240.69
2019-10-21T16:07:00Z,240.69,240.78,240.69,240.76
2019-10-21T16:08:00Z,240.77,240.8,240.73,240.74
2019-10-21T16:09:00Z,240.75,240.84,240.73,240.8187
2019-10-21T16:10:00Z,240.82,240.85,240.74,240.7675
2019-10-21T16:11:00Z,240.7702,240.83,240.7702,240.83
2019-10-21T16:12:00Z,240.8309,240.85,240.8,240.8025
2019-10-21T16:13:00Z,240.8091,240.82,240.73,240.7661
2019-10-21T16:14:00Z,240.77,240.79,240.695,240.73
2019-10-21T16:15:00Z,240.74,240.78,240.71,240.76
2019-10-21T16:16:00Z,240.7732,240.8,240.77,240.79
2019-10-21T16:17:00Z,240.79,240.795,240.71,240.735
2019-10-21T16:18:00Z,240.74,240.74,240.6235,240.6235
2019-10-21T16:19:00Z,240.6345,240.6389,240.55,240.5995
2019-10-21T16:20:00Z,240.59,240.66,240.53,240.61
2019-10-21T16:21:00Z,240.6233,240.73,240.6233,240.68
2019-10-21T16:22:00Z,240.67,240.75,240.66,240.716
2019-10-21T16:23:00Z,240.73,240.74,240.68,240.7
2019-10-21T16:24:00Z,240.7139,240.74,240.68,240.7325
2019-10-21T16:25:00Z,240.72,240.75,240.68,240.735
2019-10-21T16:26:00Z,240.73,240.7462,240.68,240.68
2019-10-21T16:27:00Z,240.6827,240.73,240.68,240.7
2019-10-21T16:28:00Z,240.705,240.705,240.61,240.6279
2019-10-21T16:29:00Z,240.6327,240.65,240.61,240.63
2019-10-21T16:30:00Z,240.66,240.8,240.64,240.79
2019-10-21T16:31:00Z,240.77,240.86,240.7601,240.83
2019-10-21T16:32:00Z,240.84,240.91,240.79,240.88
2019-10-21T16:33:00Z,240.8763,240.94,240.87,240.9251
2019-10-21T16:34:00Z,240.9204,240.98,240.87,240.88
2019-10-21T16:35:00Z,240.87,240.92,240.805,240.8137
2019-10-21T16:36:00Z,240.8,240.85,240.79,240.83
2019-10-21T16:37:00Z,240.82,240.852,240.7977,240.845
2019-10-21T16:38:00Z,240.8456,240.9,240.83,240.8587
2019-10-21T16:39:00Z,240.865,240.92,240.81,240.9
2019-10-21T16:40:00Z,240.9002,240.94,240.89,240.9245
2019-10-21T16:41:00Z,240.94,240.99,240.9,240.9
2019-10-21T16:42:00Z,240.9,240.9245,240.83,240.85
2019-10-21T16:43:00Z,240.86,240.89,240.84,240.8711
2019-10-21T16:44:00Z,240.86,240.865,240.78,240.81
2019-10-21T16:45:00Z,240.81,240.8329,240.79,240.79
2019-10-21T16:46:00Z,240.79,240.81,240.74,240.7736
2019-10-21T16:47:00Z,240.77,240.81,240.75,240.75
2019-10-21T16:48:00Z,240.75,240.79,240.75,240.7642
2019-10-21T16:49:00Z,240.77,240.8133,240.73,240.7899
2019-10-21T16:50:00Z,240.7834,240.9,240.76,240.89
2019-10-21T16:51:00Z,240.8851,240.8851,240.78,240.7824
2019-10-21T16:52:00Z,240.8,240.81,240.76,240.79
2019-10-21T16:53:00Z,240.7832,240.79,240.73,240.73
2019-10-21T16:54:00Z,240.7316,240.75,240.63,240.66
2019-10-21T16:55:00Z,240.665,240.69,240.64,240.66
2019-10-21T16:56:00Z,240.67,240.71,240.6,240.6154
2019-10-21T16:57:00Z,240.6,240.62,240.54,240.6
2019-10-21T16:58:00Z,240.6,240.64,240.57,240.6
2019-10-21T16:59:00Z,240.6061,240.63,240.58,240.58
2019-10-21T17:00:00Z,240.61,240.63,240.54,240.57
2019-10-21T17:01:00Z,240.57,240.62,240.55,240.6077
2019-10-21T17:02:00Z,240.615,240.64,240.5863,240.6198
2019-10-21T17:03:00Z,240.6191,240.6741,240.6178,240.62
2019-10-21T17:04:00Z,240.61,240.6352,240.5642,240.6187
2019-10-21T17:05:00Z,240.63,240.67,240.59,240.62
2019-10-21T17:06:00Z,240.63,240.63,240.52,240.522
2019-10-21T17:07:00Z,240.52,240.55,240.45,240.51
2019-10-21T17:08:00Z,240.5097,240.54,240.48,240.5232
2019-10-21T17:09:00Z,240.53,240.58,240.5,240.5028
2019-10-21T17:10:00Z,240.5056,240.55,240.48,240.495
2019-10-21T17:11:00Z,240.4979,240.52,240.4769,240.5
2019-10-21T17:12:00Z,240.5,240.57,240.5,240.5494
2019-10-21T17:13:00Z,240.5498,240.6,240.545,240.585
2019-10-21T17:14:00Z,240.59,240.72,240.57,240.7
2019-10-21T17:15:00Z,240.715,240.7829,240.7,240.782
2019-10-21T17:16:00Z,240.78,240.87,240.78,240.85
2019-10-21T17:17:00Z,240.8566,240.865,240.72,240.73
2019-10-21T17:18:00Z,240.74,240.75,240.64,240.6797
2019-10-21T17:19:00Z,240.6772,240.6772,240.64,240.65
2019-10-21T17:20:00Z,240.6708,240.6765,240.62,240.62
2019-10-21T17:21:00Z,240.62,240.64,240.59,240.6198
2019-10-21T17:22:00Z,240.611,240.65,240.611,240.6345
2019-10-21T17:23:00Z,240.64,240.67,240.64,240.6555
2019-10-21T17:24:00Z,240.6619,240.74,240.6619,240.7361
2019-10-21T17:25:00Z,240.73,240.74,240.69,240.69
2019-10-21T17:26:00Z,240.7,240.7291,240.68,240.72
2019-10-21T17:27:00Z,240.72,240.72,240.63,240.65
2019-10-21T17:28:00Z,240.64,240.75,240.64,240.75
2019-10-21T17:29:00Z,240.7623,240.829,240.75,240.81
2019-10-21T17:30:00Z,240.8051,240.813,240.76,240.78
2019-10-21T17:31:00Z,240.7802,240.84,240.7802,240.8088
2019-10-21T17:32:00Z,240.83,240.94,240.81,240.867
2019-10-21T17:33:00Z,240.89,240.89,240.84,240.88
2019-10-21T17:34:00Z,240.88,240.885,240.7844,240.84
2019-10-21T17:35:00Z,240.85,240.88,240.8202,240.831
2019-10-21T17:36:00Z,240.82,240.873,240.81,240.873
2019-10-21T17:37:00Z,240.87,240.9235,240.86,240.905
2019-10-21T17:38:00Z,240.9,240.91,240.86,240.8842
2019-10-21T17:39:00Z,240.89,240.9,240.85,240.8787
2019-10-21T17:40:00Z,240.8773,240.8773,240.8,240.84
2019-10-21T17:41:00Z,240.84,240.86,240.82,240.86
2019-10-21T17:42:00Z,240.85,240.88,240.81,240.82
2019-10-21T17:43:00Z,240.82,240.82,240.79,240.82
2019-10-21T17:44:00Z,240.82,240.86,240.81,240.8398
2019-10-21T17:45:00Z,240.845,240.845,240.74,240.77
2019-10-21T17:46:00Z,240.7767,240.8,240.725,240.75
2019-10-21T17:47:00Z,240.7413,240.78,240.74,240.7524
2019-10-21T17:48:00Z,240.76,240.8,240.76,240.7999
2019-10-21T17:49:00Z,240.805,240.805,240.67,240.69
2019-10-21T17:50:00Z,240.68,240.77,240.68,240.76
2019-10-21T17:51:00Z,240.7609,240.79,240.74,240.79
2019-10-21T17:52:00Z,240.78,240.84,240.74,240.82
2019-10-21T17:53:00Z,240.825,240.84,240.7757,240.78
2019-10-21T17:54:00Z,240.77,240.81,240.76,240.805
2019-10-21T17:55:00Z,240.8078,240.83,240.78,240.8
2019-10-21T17:56:00Z,240.8,240.83,240.8,240.82
2019-10-21T17:57:00Z,240.81,240.84,240.81,240.82
2019-10-21T17:58:00Z,240.8162,240.83,240.8,240.825
2019-10-21T17:59:00Z,240.8244,240.825,240.8,240.8
2019-10-21T18:00:00Z,240.81,240.85,240.73,240.845
2019-10-21T18:01:00Z,240.8495,240.9,240.84,240.89
2019-10-21T18:02:00Z,240.8875,240.89,240.85,240.89
2019-10-21T18:03:00Z,240.89,240.93,240.85,240.915
2019-10-21T18:04:00Z,240.91,240.928,240.89,240.91
2019-10-21T18:05:00Z,240.9199,240.93,240.9,240.91
2019-10-21T18:06:00Z,240.91,240.92,240.79,240.8502
2019-10-21T18:07:00Z,240.85,240.88,240.84,240.8471
2019-10-21T18:08:00Z,240.8489,240.8856,240.8488,240.87
2019-10-21T18:09:00Z,240.865,240.8721,240.8314,240.845
2019-10-21T18:10:00Z,240.85,240.9,240.85,240.86
2019-10-21T18:11:00Z,240.86,240.88,240.7979,240.7979
2019-10-21T18:12:00Z,240.8,240.81,240.76,240.8
2019-10-21T18:13:00Z,240.7979,240.82,240.75,240.7826
2019-10-21T18:14:00Z,240.7891,240.8,240.75,240.78
2019-10-21T18:15:00Z,240.785,240.8409,240.7831,240.825
2019-10-21T18:16:00Z,240.8232,240.84,240.8132,240.835
2019-10-21T18:17:00Z,240.84,240.885,240.84,240.865
2019-10-21T18:18:00Z,240.87,240.89,240.8644,240.88
2019-10-21T18:19:00Z,240.8789,240.89,240.84,240.89
2019-10-21T18:20:00Z,240.87,240.87,240.8335,240.8439
2019-10-21T18:21:00Z,240.8476,240.8476,240.79,240.7982
2019-10-21T18:22:00Z,240.79,240.8,240.6933,240.7096
2019-10-21T18:23:00Z,240.71,240.74,240.7,240.7315
2019-10-21T18:24:00Z,240.74,240.74,240.72,240.72
2019-10-21T18:25:00Z,240.7223,240.74,240.7045,240.72
2019-10-21T18:26:00Z,240.7253,240.74,240.71,240.72
2019-10-21T18:27:00Z,240.73,240.75,240.7149,240.73
2019-10-21T18:28:00Z,240.7305,240.7368,240.6,240.625
2019-10-21T18:29:00Z,240.62,240.6384,240.6,240.6287
2019-10-21T18:30:00Z,240.6312,240.74,240.63,240.74
2019-10-21T18:31:00Z,240.73,240.75,240.71,240.71
2019-10-21T18:32:00Z,240.7073,240.71,240.62,240.635
2019-10-21T18:33:00Z,240.6345,240.661,240.6,240.607
2019-10-21T18:34:00Z,240.6,240.63,240.532,240.5569
2019-10-21T18:35:00Z,240.5447,240.59,240.5174,240.585
2019-10-21T18:36:00Z,240.5935,240.65,240.58,240.65
2019-10-21T18:37:00Z,240.6451,240.66,240.61,240.66
2019-10-21T18:38:00Z,240.65,240.68,240.65,240.6761
2019-10-21T18:39:00Z,240.68,240.68,240.63,240.661
2019-10-21T18:40:00Z,240.64,240.68,240.63,240.64
2019-10-21T18:41:00Z,240.64,240.68,240.64,240.6635
2019-10-21T18:42:00Z,240.66,240.68,240.656,240.6713
2019-10-21T18:43:00Z,240.6716,240.6716,240.57,240.5984
2019-10-21T18:44:00Z,240.6,240.65,240.6,240.64
2019-10-21T18:45:00Z,240.6401,240.6521,240.61,240.61
2019-10-21T18:46:00Z,240.625,240.67,240.625,240.64
2019-10-21T18:47:00Z,240.64,240.6465,240.62,240.63
2019-10-21T18:48:00Z,240.64,240.68,240.61,240.68
2019-10-21T18:49:00Z,240.68,240.68,240.61,240.6294
2019-10-21T18:50:00Z,240.6231,240.64,240.56,240.5896
2019-10-21T18:51:00Z,240.5802,240.68,240.5802,240.6699
2019-10-21T18:52:00Z,240.67,240.73,240.65,240.67
2019-10-21T18:53:00Z,240.66,240.72,240.6498,240.71
2019-10-21T18:54:00Z,240.7001,240.71,240.66,240.71
2019-10-21T18:55:00Z,240.71,240.71,240.6202,240.66
2019-10-21T18:56:00Z,240.67,240.71,240.66,240.71
2019-10-21T18:57:00Z,240.71,240.72,240.69,240.7015
2019-10-21T18:58:00Z,240.7,240.7,240.65,240.6945
2019-10-21T18:59:00Z,240.69,240.7,240.65,240.6901
2019-10-21T19:00:00Z,240.6985,240.7,240.58,240.62
2019-10-21T19:01:00Z,240.63,240.66,240.6,240.63
2019-10-21T19:02:00Z,240.639,240.71,240.639,240.69
2019-10-21T19:03:00Z,240.6837,240.75,240.6837,240.7277
2019-10-21T19:04:00Z,240.7349,240.74,240.66,240.6695
2019-10-21T19:05:00Z,240.66,240.6637,240.57,240.61
2019-10-21T19:06:00Z,240.6,240.68,240.6,240.66
2019-10-21T19:07:00Z,240.66,240.66,240.59,240.6
2019-10-21T19:08:00Z,240.59,240.62,240.59,240.6021
2019-10-21T19:09:00Z,240.6,240.61,240.57,240.58
2019-10-21T19:10:00Z,240.574,240.64,240.574,240.62
2019-10-21T19:11:00Z,240.64,240.64,240.58,240.63
2019-10-21T19:12:00Z,240.64,240.7,240.6303,240.651
2019-10-21T19:13:00Z,240.6489,240.68,240.64,240.652
2019-10-21T19:14:00Z,240.655,240.6689,240.625,240.6323
2019-10-21T19:15:00Z,240.63,240.67,240.62,240.62
2019-10-21T19:16:00Z,240.62,240.62,240.5819,240.6113
2019-10-21T19:17:00Z,240.6265,240.6341,240.51,240.52
2019-10-21T19:18:00Z,240.53,240.56,240.495,240.54
2019-10-21T19:19:00Z,240.5343,240.5379,240.4598,240.463
2019-10-21T19:20:00Z,240.46,240.49,240.4231,240.425
2019-10-21T19:21:00Z,240.42,240.4402,240.41,240.4277
2019-10-21T19:22:00Z,240.42,240.43,240.4,240.4
2019-10-21T19:23:00Z,240.3988,240.42,240.37,240.4
2019-10-21T19:24:00Z,240.4,240.48,240.39,240.47
2019-10-21T19:25:00Z,240.46,240.6,240.4537,240.6
2019-10-21T19:26:00Z,240.5861,240.6399,240.5747,240.6057
2019-10-21T19:27:00Z,240.6,240.6,240.53,240.56
2019-10-21T19:28:00Z,240.54,240.55,240.49,240.5491
2019-10-21T19:29:00Z,240.55,240.6,240.5,240.5
2019-10-21T19:30:00Z,240.5,240.57,240.37,240.377
2019-10-21T19:31:00Z,240.375,240.38,240.32,240.3399
2019-10-21T19:32:00Z,240.3216,240.42,240.3,240.3904
2019-10-21T19:33:00Z,240.4,240.46,240.32,240.3338
2019-10-21T19:34:00Z,240.33,240.34,240.2609,240.2746
2019-10-21T19:35:00Z,240.27,240.28,240.16,240.21
2019-10-21T19:36:00Z,240.22,240.23,240.1101,240.23
2019-10-21T19:37:00Z,240.22,240.22,240.11,240.1163
2019-10-21T19:38:00Z,240.12,240.209,240.087,240.2035
2019-10-21T19:39:00Z,240.21,240.27,240.19,240.22
2019-10-21T19:40:00Z,240.21,240.32,240.17,240.26
2019-10-21T19:41:00Z,240.2657,240.32,240.22,240.24
2019-10-21T19:42:00Z,240.26,240.38,240.25,240.3733
2019-10-21T19:43:00Z,240.369,240.38,240.3285,240.34
2019-10-21T19:44:00Z,240.34,240.3467,240.29,240.3
2019-10-21T19:45:00Z,240.305,240.34,240.16,240.16
2019-10-21T19:46:00Z,240.18,240.23,240.11,240.1886
2019-10-21T19:47:00Z,240.19,240.2,240.12,240.12
2019-10-21T19:48:00Z,240.13,240.23,240.07,240.17
2019-10-21T19:49:00Z,240.1686,240.22,240.15,240.16
2019-10-21T19:50:00Z,240.165,240.27,240.09,240.12
2019-10-21T19:51:00Z,240.1169,240.16,240.06,240.16
2019-10-21T19:52:00Z,240.17,240.32,240.1235,240.3127
2019-10-21T19:53:00Z,240.305,240.31,240.19,240.28
2019-10-21T19:54:00Z,240.28,240.37,240.26,240.3
2019-10-21T19:55:00Z,240.34,240.61,240.3,240.4392
2019-10-21T19:56:00Z,240.44,240.45,240.36,240.36
2019-10-21T19:57:00Z,240.37,240.5,240.34,240.49
2019-10-21T19:58:00Z,240.495,240.5,240.41,240.485
2019-10-21T19:59:00Z,240.48,240.62,240.34,240.53
