2017-05-08T13:30:00Z,149.03,149.39,149.03,149.39
2017-05-08T13:31:00Z,149.39,149.75,149.33,149.75
2017-05-08T13:32:00Z,149.75,149.75,149.48,149.54
2017-05-08T13:33:00Z,149.55,149.75,149.55,149.75
2017-05-08T13:34:00Z,149.75,149.84,149.741,149.84
2017-05-08T13:35:00Z,149.84,150.08,149.84,150.08
2017-05-08T13:36:00Z,150.08,150.14,149.93,150.01
2017-05-08T13:37:00Z,150,150.1,149.96,150.09
2017-05-08T13:38:00Z,150.08,150.2,149.99,150.03
2017-05-08T13:39:00Z,150.01,150.04,149.7201,149.75
2017-05-08T13:40:00Z,149.76,150.16,149.75,150.08
2017-05-08T13:41:00Z,150.06,150.25,150.05,150.25
2017-05-08T13:42:00Z,150.2304,150.27,150.13,150.14
2017-05-08T13:43:00Z,150.1359,150.32,150.1359,150.32
2017-05-08T13:44:00Z,150.321,150.38,150.258,150.3798
2017-05-08T13:45:00Z,150.37,150.48,150.355,150.44
2017-05-08T13:46:00Z,150.4404,150.47,150.35,150.435
2017-05-08T13:47:00Z,150.4301,150.48,150.35,150.4516
2017-05-08T13:48:00Z,150.4449,150.58,150.4449,150.5682
2017-05-08T13:49:00Z,150.57,150.67,150.5698,150.58
2017-05-08T13:50:00Z,150.58,150.85,150.58,150.849
2017-05-08T13:51:00Z,150.84,150.85,150.68,150.7599
2017-05-08T13:52:00Z,150.75,150.78,150.66,150.681
2017-05-08T13:53:00Z,150.6907,150.7,150.51,150.52
2017-05-08T13:54:00Z,150.52,150.53,150.39,150.39
2017-05-08T13:55:00Z,150.3999,150.572,150.38,150.5695
2017-05-08T13:56:00Z,150.566,150.62,150.5,150.51
2017-05-08T13:57:00Z,150.52,150.56,150.49,150.51
2017-05-08T13:58:00Z,150.52,150.5599,150.49,150.5322
2017-05-08T13:59:00Z,150.5359,150.56,150.47,150.47
2017-05-08T14:00:00Z,150.46,150.52,150.44,150.47
2017-05-08T14:01:00Z,150.46,150.49,150.4057,150.47
2017-05-08T14:02:00Z,150.48,150.4842,150.3984,150.4603
2017-05-08T14:03:00Z,150.4609,150.47,150.36,150.4572
2017-05-08T14:04:00Z,150.4599,150.46,150.31,150.3614
2017-05-08T14:05:00Z,150.36,150.36,150.25,150.308
2017-05-08T14:06:00Z,150.31,150.35,150.27,150.3449
2017-05-08T14:07:00Z,150.3493,150.4,150.33,150.37
2017-05-08T14:08:00Z,150.36,150.42,150.33,150.41
2017-05-08T14:09:00Z,150.42,150.66,150.4016,150.6511
2017-05-08T14:10:00Z,150.655,150.72,150.56,150.71
2017-05-08T14:11:00Z,150.71,150.793,150.69,150.7357
2017-05-08T14:12:00Z,150.7375,150.84,150.71,150.8001
2017-05-08T14:13:00Z,150.82,150.87,150.8,150.804
2017-05-08T14:14:00Z,150.8,150.81,150.63,150.75
2017-05-08T14:15:00Z,150.74,150.8,150.67,150.77
2017-05-08T14:16:00Z,150.76,150.83,150.75,150.82
2017-05-08T14:17:00Z,150.8242,150.84,150.71,150.73
2017-05-08T14:18:00Z,150.73,150.74,150.69,150.74
2017-05-08T14:19:00Z,150.749,150.82,150.73,150.81
2017-05-08T14:20:00Z,150.815,150.84,150.77,150.84
2017-05-08T14:21:00Z,150.84,150.85,150.73,150.7401
2017-05-08T14:22:00Z,150.75,150.81,150.75,150.8
2017-05-08T14:23:00Z,150.8,150.8,150.7,150.7542
2017-05-08T14:24:00Z,150.7599,150.76,150.69,150.7
2017-05-08T14:25:00Z,150.69,150.74,150.69,150.73
2017-05-08T14:26:00Z,150.722,150.79,150.7076,150.79
2017-05-08T14:27:00Z,150.783,150.85,150.78,150.82
2017-05-08T14:28:00Z,150.8251,150.95,149.59,150.899
2017-05-08T14:29:00Z,150.9,150.915,150.78,150.8534
2017-05-08T14:30:00Z,150.86,150.89,149.92,150.8161
2017-05-08T14:31:00Z,150.82,150.87,150.8,150.8601
2017-05-08T14:32:00Z,150.8657,150.9,149.89,150.87
2017-05-08T14:33:00Z,150.8792,150.8792,150.8,150.8149
2017-05-08T14:34:00Z,150.8133,150.9,150.78,150.899
2017-05-08T14:35:00Z,150.9,150.98,150.87,150.98
2017-05-08T14:36:00Z,150.98,151.11,150.95,151.09
2017-05-08T14:37:00Z,151.085,151.15,151.02,151.13
2017-05-08T14:38:00Z,151.12,151.12,151.05,151.085
2017-05-08T14:39:00Z,151.0899,151.0899,150.94,150.96
2017-05-08T14:40:00Z,150.97,150.97,150.8693,150.9198
2017-05-08T14:41:00Z,150.9199,150.95,150.901,150.9305
2017-05-08T14:42:00Z,150.93,151.02,150.92,151.01
2017-05-08T14:43:00Z,151.025,151.1,151.01,151.0901
2017-05-08T14:44:00Z,151.09,151.22,151.09,151.21
2017-05-08T14:45:00Z,151.2157,151.25,151.19,151.24
2017-05-08T14:46:00Z,151.23,151.26,151.1,151.1353
2017-05-08T14:47:00Z,151.14,151.15,151.07,151.1433
2017-05-08T14:48:00Z,151.14,151.18,151.09,151.0953
2017-05-08T14:49:00Z,151.0926,151.125,151.06,151.07
2017-05-08T14:50:00Z,151.07,151.12,150.99,150.99
2017-05-08T14:51:00Z,150.9944,151.0257,150.91,150.93
2017-05-08T14:52:00Z,150.9216,150.9216,150.84,150.84
2017-05-08T14:53:00Z,150.845,150.85,150.79,150.81
2017-05-08T14:54:00Z,150.81,150.84,150.78,150.84
2017-05-08T14:55:00Z,150.826,150.92,150.82,150.9
2017-05-08T14:56:00Z,150.899,150.96,150.8656,150.9599
2017-05-08T14:57:00Z,150.96,151.06,150.96,151.05
2017-05-08T14:58:00Z,151.08,151.15,151.0185,151.1002
2017-05-08T14:59:00Z,151.1,151.23,151.1,151.1899
2017-05-08T15:00:00Z,151.17,151.23,151.12,151.19
2017-05-08T15:01:00Z,151.2,151.255,151.16,151.17
2017-05-08T15:02:00Z,151.1799,151.25,151.1602,151.25
2017-05-08T15:03:00Z,151.25,151.3199,151.18,151.22
2017-05-08T15:04:00Z,151.23,151.25,151.18,151.2
2017-05-08T15:05:00Z,151.21,151.21,151.14,151.155
2017-05-08T15:06:00Z,151.15,151.24,151.143,151.22
2017-05-08T15:07:00Z,151.2199,151.29,151.15,151.29
2017-05-08T15:08:00Z,151.2872,151.32,151.26,151.3148
2017-05-08T15:09:00Z,151.319,151.35,151.3,151.31
2017-05-08T15:10:00Z,151.3,151.34,151.16,151.2
2017-05-08T15:11:00Z,151.19,151.2601,151.166,151.2262
2017-05-08T15:12:00Z,151.22,151.2387,151.18,151.2
2017-05-08T15:13:00Z,151.2,151.28,151.2,151.2756
2017-05-08T15:14:00Z,151.27,151.3,151.2301,151.3
2017-05-08T15:15:00Z,151.2966,151.38,151.27,151.33
2017-05-08T15:16:00Z,151.3232,151.3361,151.29,151.3
2017-05-08T15:17:00Z,151.3092,151.34,151.3,151.33
2017-05-08T15:18:00Z,151.3355,151.36,151.3,151.356
2017-05-08T15:19:00Z,151.35,151.46,151.35,151.43
2017-05-08T15:20:00Z,151.425,151.48,151.41,151.47
2017-05-08T15:21:00Z,151.47,151.49,151.32,151.324
2017-05-08T15:22:00Z,151.33,151.3361,151.18,151.2101
2017-05-08T15:23:00Z,151.21,151.35,151.205,151.33
2017-05-08T15:24:00Z,151.3399,151.39,151.31,151.35
2017-05-08T15:25:00Z,151.355,151.46,151.35,151.46
2017-05-08T15:26:00Z,151.453,151.49,151.445,151.4701
2017-05-08T15:27:00Z,151.4701,151.55,151.4501,151.5208
2017-05-08T15:28:00Z,151.5201,151.61,151.51,151.5403
2017-05-08T15:29:00Z,151.54,151.61,151.53,151.59
2017-05-08T15:30:00Z,151.599,151.64,151.56,151.58
2017-05-08T15:31:00Z,151.59,151.64,151.5563,151.63
2017-05-08T15:32:00Z,151.64,151.72,151.62,151.68
2017-05-08T15:33:00Z,151.67,151.73,151.59,151.63
2017-05-08T15:34:00Z,151.635,151.6601,151.58,151.61
2017-05-08T15:35:00Z,151.61,151.715,151.59,151.634
2017-05-08T15:36:00Z,151.63,151.68,151.61,151.675
2017-05-08T15:37:00Z,151.68,151.78,151.6792,151.78
2017-05-08T15:38:00Z,151.78,151.86,151.73,151.8
2017-05-08T15:39:00Z,151.8084,151.85,151.73,151.8
2017-05-08T15:40:00Z,151.8114,151.89,151.8,151.89
2017-05-08T15:41:00Z,151.8847,151.97,151.87,151.95
2017-05-08T15:42:00Z,151.9503,151.96,151.86,151.94
2017-05-08T15:43:00Z,151.939,152,151.9305,151.98
2017-05-08T15:44:00Z,151.97,152.08,151.95,152.0321
2017-05-08T15:45:00Z,152.04,152.04,151.96,151.9901
2017-05-08T15:46:00Z,152.0043,152.07,151.97,151.97
2017-05-08T15:47:00Z,151.968,151.97,151.86,151.915
2017-05-08T15:48:00Z,151.92,151.97,151.9136,151.965
2017-05-08T15:49:00Z,151.9646,152,151.92,151.9747
2017-05-08T15:50:00Z,151.9826,151.9826,151.83,151.8496
2017-05-08T15:51:00Z,151.8401,151.906,151.82,151.83
2017-05-08T15:52:00Z,151.83,151.8368,151.75,151.79
2017-05-08T15:53:00Z,151.7801,151.9,151.7801,151.85
2017-05-08T15:54:00Z,151.87,151.94,151.85,151.94
2017-05-08T15:55:00Z,151.94,151.94,151.85,151.9399
2017-05-08T15:56:00Z,151.9283,151.93,151.85,151.8801
2017-05-08T15:57:00Z,151.89,151.9,151.85,151.9
2017-05-08T15:58:00Z,151.899,151.99,151.899,151.98
2017-05-08T15:59:00Z,151.9734,152.06,151.94,152.06
2017-05-08T16:00:00Z,152.06,152.08,151.97,152.06
2017-05-08T16:01:00Z,152.05,152.14,152.05,152.1265
2017-05-08T16:02:00Z,152.1299,152.222,152.1102,152.1699
2017-05-08T16:03:00Z,152.16,152.3,152.16,152.279
2017-05-08T16:04:00Z,152.27,152.39,152.24,152.3401
2017-05-08T16:05:00Z,152.3444,152.36,152.25,152.32
2017-05-08T16:06:00Z,152.33,152.48,152.295,152.4739
2017-05-08T16:07:00Z,152.48,152.49,152.385,152.4797
2017-05-08T16:08:00Z,152.4801,152.57,152.4689,152.55
2017-05-08T16:09:00Z,152.55,152.6,152.5,152.5201
2017-05-08T16:10:00Z,152.529,152.61,152.5,152.5852
2017-05-08T16:11:00Z,152.59,152.5999,150,152.5
2017-05-08T16:12:00Z,152.505,152.57,152.47,152.566
2017-05-08T16:13:00Z,152.5672,152.65,152.53,152.54
2017-05-08T16:14:00Z,152.549,152.5799,152.41,152.44
2017-05-08T16:15:00Z,152.45,152.5,152.4,152.5
2017-05-08T16:16:00Z,152.5,152.55,152.46,152.4696
2017-05-08T16:17:00Z,152.4761,152.505,152.38,152.5
2017-05-08T16:18:00Z,152.4971,152.54,152.47,152.49
2017-05-08T16:19:00Z,152.4987,152.4987,152.4,152.41
2017-05-08T16:20:00Z,152.4173,152.49,152.41,152.48
2017-05-08T16:21:00Z,152.4797,152.69,152.4797,152.69
2017-05-08T16:22:00Z,152.69,152.72,152.63,152.6755
2017-05-08T16:23:00Z,152.68,152.74,152.62,152.6861
2017-05-08T16:24:00Z,152.69,152.73,152.67,152.7
2017-05-08T16:25:00Z,152.6999,152.84,152.67,152.8163
2017-05-08T16:26:00Z,152.82,152.89,152.73,152.89
2017-05-08T16:27:00Z,152.89,152.94,152.84,152.89
2017-05-08T16:28:00Z,152.885,152.9763,152.871,152.881
2017-05-08T16:29:00Z,152.89,152.92,152.83,152.9047
2017-05-08T16:30:00Z,152.91,153.05,152.9,152.92
2017-05-08T16:31:00Z,152.9408,152.95,152.87,152.95
2017-05-08T16:32:00Z,152.96,152.99,152.87,152.88
2017-05-08T16:33:00Z,152.87,152.935,152.85,152.92
2017-05-08T16:34:00Z,152.9246,153.04,152.89,153.0047
2017-05-08T16:35:00Z,153.0013,153.0296,152.87,152.9214
2017-05-08T16:36:00Z,152.9224,152.98,152.9,152.97
2017-05-08T16:37:00Z,152.9675,153.1107,152.96,153.0795
2017-05-08T16:38:00Z,153.07,153.09,153.01,153.0602
2017-05-08T16:39:00Z,153.0501,153.19,153.04,153.13
2017-05-08T16:40:00Z,153.13,153.15,153.06,153.11
2017-05-08T16:41:00Z,153.11,153.23,153.1,153.18
2017-05-08T16:42:00Z,153.19,153.22,153.08,153.1299
2017-05-08T16:43:00Z,153.12,153.16,153.11,153.15
2017-05-08T16:44:00Z,153.15,153.25,153.13,153.21
2017-05-08T16:45:00Z,153.21,153.24,153.18,153.2199
2017-05-08T16:46:00Z,153.215,153.25,153.19,153.235
2017-05-08T16:47:00Z,153.23,153.25,153.08,153.1
2017-05-08T16:48:00Z,153.1,153.11,153.03,153.0484
2017-05-08T16:49:00Z,153.04,153.06,152.9623,152.9846
2017-05-08T16:50:00Z,152.9801,153.07,152.96,153.049
2017-05-08T16:51:00Z,153.05,153.084,153.01,153.0661
2017-05-08T16:52:00Z,153.07,153.12,153.01,153.02
2017-05-08T16:53:00Z,153.01,153.05,152.88,152.9
2017-05-08T16:54:00Z,152.9,152.94,152.85,152.85
2017-05-08T16:55:00Z,152.85,152.935,152.82,152.9018
2017-05-08T16:56:00Z,152.909,152.93,152.86,152.86
2017-05-08T16:57:00Z,152.865,152.87,152.79,152.79
2017-05-08T16:58:00Z,152.7944,152.81,152.76,152.77
2017-05-08T16:59:00Z,152.77,152.79,152.71,152.71
2017-05-08T17:00:00Z,152.73,152.78,152.65,152.74
2017-05-08T17:01:00Z,152.7524,152.76,152.66,152.67
2017-05-08T17:02:00Z,152.67,152.7165,152.65,152.66
2017-05-08T17:03:00Z,152.65,152.68,152.5643,152.5975
2017-05-08T17:04:00Z,152.6,152.61,152.57,152.5757
2017-05-08T17:05:00Z,152.575,152.6,152.5,152.52
2017-05-08T17:06:00Z,152.5051,152.59,152.45,152.58
2017-05-08T17:07:00Z,152.58,152.59,152.51,152.53
2017-05-08T17:08:00Z,152.5412,152.5731,152.51,152.5182
2017-05-08T17:09:00Z,152.51,152.53,152.46,152.53
2017-05-08T17:10:00Z,152.53,152.63,152.53,152.5899
2017-05-08T17:11:00Z,152.589,152.76,152.5862,152.71
2017-05-08T17:12:00Z,152.71,152.7352,152.64,152.675
2017-05-08T17:13:00Z,152.674,152.83,152.674,152.756
2017-05-08T17:14:00Z,152.76,152.8446,152.7299,152.84
2017-05-08T17:15:00Z,152.83,152.85,152.8,152.815
2017-05-08T17:16:00Z,152.82,152.85,152.79,152.8148
2017-05-08T17:17:00Z,152.81,152.94,152.81,152.92
2017-05-08T17:18:00Z,152.9157,152.92,152.85,152.88
2017-05-08T17:19:00Z,152.88,152.94,152.84,152.93
2017-05-08T17:20:00Z,152.93,152.98,152.92,152.9799
2017-05-08T17:21:00Z,152.975,152.99,152.92,152.98
2017-05-08T17:22:00Z,152.989,153.03,152.9882,153.02
2017-05-08T17:23:00Z,153.01,153.0411,152.98,153.02
2017-05-08T17:24:00Z,153.02,153.1,153.02,153.065
2017-05-08T17:25:00Z,153.1,153.1,153,153.0352
2017-05-08T17:26:00Z,153.035,153.035,152.95,152.9901
2017-05-08T17:27:00Z,152.9971,153.05,152.99,153.01
2017-05-08T17:28:00Z,153,153.025,152.99,152.999
2017-05-08T17:29:00Z,152.997,153,152.94,152.9425
2017-05-08T17:30:00Z,152.94,152.953,152.8984,152.9
2017-05-08T17:31:00Z,152.9025,152.94,152.8744,152.9
2017-05-08T17:32:00Z,152.8911,152.8999,152.85,152.89
2017-05-08T17:33:00Z,152.89,152.95,152.86,152.875
2017-05-08T17:34:00Z,152.88,152.92,152.8701,152.88
2017-05-08T17:35:00Z,152.88,152.8933,152.8311,152.85
2017-05-08T17:36:00Z,152.845,152.95,152.8443,152.9468
2017-05-08T17:37:00Z,152.925,152.9667,152.92,152.96
2017-05-08T17:38:00Z,152.96,153.03,152.96,153.0156
2017-05-08T17:39:00Z,153.02,153.13,153.005,153.11
2017-05-08T17:40:00Z,153.12,153.2,153.06,153.15
2017-05-08T17:41:00Z,153.15,153.31,153.13,153.3
2017-05-08T17:42:00Z,153.2954,153.31,153.1899,153.2705
2017-05-08T17:43:00Z,153.27,153.48,153.25,153.48
2017-05-08T17:44:00Z,153.46,153.53,153.44,153.47
2017-05-08T17:45:00Z,153.47,153.4893,153.35,153.39
2017-05-08T17:46:00Z,153.3944,153.4793,153.3402,153.45
2017-05-08T17:47:00Z,153.4699,153.5,153.38,153.401
2017-05-08T17:48:00Z,153.4092,153.49,153.39,153.47
2017-05-08T17:49:00Z,153.4705,153.63,153.47,153.6114
2017-05-08T17:50:00Z,153.6199,153.6199,153.45,153.5997
2017-05-08T17:51:00Z,153.6,153.61,153.52,153.5953
2017-05-08T17:52:00Z,153.59,153.61,153.51,153.58
2017-05-08T17:53:00Z,153.58,153.69,153.58,153.6647
2017-05-08T17:54:00Z,153.6643,153.7,153.63,153.6615
2017-05-08T17:55:00Z,153.66,153.669,153.4999,153.52
2017-05-08T17:56:00Z,153.515,153.53,153.4,153.4362
2017-05-08T17:57:00Z,153.4311,153.49,153.4,153.4893
2017-05-08T17:58:00Z,153.4847,153.53,153.47,153.5201
2017-05-08T17:59:00Z,153.52,153.5593,153.4599,153.5
2017-05-08T18:00:00Z,153.5,153.5484,153.48,153.5147
2017-05-08T18:01:00Z,153.515,153.53,153.37,153.39
2017-05-08T18:02:00Z,153.39,153.46,153.36,153.3899
2017-05-08T18:03:00Z,153.39,153.43,153.32,153.34
2017-05-08T18:04:00Z,153.33,153.3499,153.17,153.22
2017-05-08T18:05:00Z,153.22,153.23,153.16,153.18
2017-05-08T18:06:00Z,153.18,153.2,153.12,153.1207
2017-05-08T18:07:00Z,153.12,153.27,153.11,153.2638
2017-05-08T18:08:00Z,153.265,153.29,153.18,153.29
2017-05-08T18:09:00Z,153.29,153.4,153.29,153.3962
2017-05-08T18:10:00Z,153.4,153.41,153.27,153.3247
2017-05-08T18:11:00Z,153.3211,153.34,153.26,153.27
2017-05-08T18:12:00Z,153.261,153.37,153.26,153.3599
2017-05-08T18:13:00Z,153.359,153.38,153.24,153.2468
2017-05-08T18:14:00Z,153.25,153.3213,153.25,153.3102
2017-05-08T18:15:00Z,153.33,153.335,153.21,153.241
2017-05-08T18:16:00Z,153.2493,153.2493,153.16,153.17
2017-05-08T18:17:00Z,153.16,153.2,153.1,153.2
2017-05-08T18:18:00Z,153.2,153.24,153.11,153.2176
2017-05-08T18:19:00Z,153.21,153.31,152.79,153.31
2017-05-08T18:20:00Z,153.31,153.37,150.749,153.37
2017-05-08T18:21:00Z,153.3701,153.4,153.33,153.3348
2017-05-08T18:22:00Z,153.3301,153.34,153.28,153.28
2017-05-08T18:23:00Z,153.28,153.35,153.2586,153.35
2017-05-08T18:24:00Z,153.3591,153.39,153.32,153.34
2017-05-08T18:25:00Z,153.3457,153.4,153.34,153.36
2017-05-08T18:26:00Z,153.36,153.3628,153.26,153.2656
2017-05-08T18:27:00Z,153.2612,153.28,153.21,153.26
2017-05-08T18:28:00Z,153.2657,153.309,153.2653,153.28
2017-05-08T18:29:00Z,153.28,153.29,153.2201,153.2677
2017-05-08T18:30:00Z,153.26,153.29,153.23,153.2848
2017-05-08T18:31:00Z,153.2801,153.34,153.2801,153.3199
2017-05-08T18:32:00Z,153.3189,153.3189,153.12,153.15
2017-05-08T18:33:00Z,153.15,153.1552,153.12,153.1543
2017-05-08T18:34:00Z,153.15,153.18,153.12,153.12
2017-05-08T18:35:00Z,153.12,153.13,153.01,153.105
2017-05-08T18:36:00Z,153.1,153.14,153.08,153.1072
2017-05-08T18:37:00Z,153.11,153.1699,153.07,153.1601
2017-05-08T18:38:00Z,153.16,153.18,153.1,153.1278
2017-05-08T18:39:00Z,153.1195,153.16,153.1,153.13
2017-05-08T18:40:00Z,153.1399,153.2,153.12,153.175
2017-05-08T18:41:00Z,153.18,153.18,153.07,153.07
2017-05-08T18:42:00Z,153.079,153.13,153.01,153.1199
2017-05-08T18:43:00Z,153.12,153.1699,153.11,153.12
2017-05-08T18:44:00Z,153.1214,153.15,153.11,153.1301
2017-05-08T18:45:00Z,153.13,153.19,153.13,153.185
2017-05-08T18:46:00Z,153.19,153.27,153.18,153.261
2017-05-08T18:47:00Z,153.27,153.31,153.24,153.285
2017-05-08T18:48:00Z,153.28,153.33,153.2457,153.25
2017-05-08T18:49:00Z,153.25,153.2553,153.18,153.2
2017-05-08T18:50:00Z,153.199,153.3,153.19,153.3
2017-05-08T18:51:00Z,153.2959,153.43,153.281,153.4
2017-05-08T18:52:00Z,153.4,153.47,153.4,153.4599
2017-05-08T18:53:00Z,153.4564,153.4564,153.3686,153.4205
2017-05-08T18:54:00Z,153.4201,153.44,153.375,153.375
2017-05-08T18:55:00Z,153.3701,153.39,153.305,153.3171
2017-05-08T18:56:00Z,153.3152,153.39,153.28,153.385
2017-05-08T18:57:00Z,153.37,153.42,153.33,153.41
2017-05-08T18:58:00Z,153.42,153.48,153.38,153.48
2017-05-08T18:59:00Z,153.48,153.48,153.4,153.41
2017-05-08T19:00:00Z,153.4,153.4282,153.36,153.364
2017-05-08T19:01:00Z,153.37,153.38,153.34,153.379
2017-05-08T19:02:00Z,153.38,153.43,153.38,153.39
2017-05-08T19:03:00Z,153.39,153.43,153.39,153.43
2017-05-08T19:04:00Z,153.4247,153.47,153.42,153.44
2017-05-08T19:05:00Z,153.44,153.465,153.42,153.44
2017-05-08T19:06:00Z,153.44,153.495,153.44,153.49
2017-05-08T19:07:00Z,153.4899,153.54,153.48,153.518
2017-05-08T19:08:00Z,153.5056,153.58,153.5,153.5601
2017-05-08T19:09:00Z,153.56,153.58,153.53,153.53
2017-05-08T19:10:00Z,153.53,153.56,153.42,153.43
2017-05-08T19:11:00Z,153.43,153.45,153.36,153.37
2017-05-08T19:12:00Z,153.365,153.38,153.24,153.28
2017-05-08T19:13:00Z,153.28,153.345,153.22,153.34
2017-05-08T19:14:00Z,153.33,153.33,153.26,153.26
2017-05-08T19:15:00Z,153.26,153.27,150.7475,153.25
2017-05-08T19:16:00Z,153.2605,153.2953,153.2,153.2
2017-05-08T19:17:00Z,153.21,153.23,150.14,153.18
2017-05-08T19:18:00Z,153.18,153.19,153.17,153.18
2017-05-08T19:19:00Z,153.17,153.18,150.01,153.13
2017-05-08T19:20:00Z,153.13,153.13,153.07,153.129
2017-05-08T19:21:00Z,153.1269,153.2038,153.11,153.2
2017-05-08T19:22:00Z,153.1913,153.25,152.81,153.22
2017-05-08T19:23:00Z,153.23,153.23,153.1,153.12
2017-05-08T19:24:00Z,153.12,153.14,153.03,153.04
2017-05-08T19:25:00Z,153.03,153.12,153.01,153.09
2017-05-08T19:26:00Z,153.08,153.18,153.08,153.1799
2017-05-08T19:27:00Z,153.1744,153.18,153.15,153.155
2017-05-08T19:28:00Z,153.15,153.18,153.11,153.1168
2017-05-08T19:29:00Z,153.1209,153.1253,153.08,153.11
2017-05-08T19:30:00Z,153.11,153.185,153.095,153.11
2017-05-08T19:31:00Z,153.1,153.11,153.03,153.03
2017-05-08T19:32:00Z,153.03,153.075,153.02,153.07
2017-05-08T19:33:00Z,153.0651,153.13,153.0607,153.1
2017-05-08T19:34:00Z,153.1,153.118,153.06,153.118
2017-05-08T19:35:00Z,153.1158,153.12,153.07,153.1132
2017-05-08T19:36:00Z,153.114,153.14,153.11,153.135
2017-05-08T19:37:00Z,153.14,153.15,153.024,153.03
2017-05-08T19:38:00Z,153.03,153.033,152.93,152.95
2017-05-08T19:39:00Z,152.949,153.0299,152.94,152.99
2017-05-08T19:40:00Z,152.99,153.02,152.98,152.9962
2017-05-08T19:41:00Z,152.999,153.09,152.999,153.03
2017-05-08T19:42:00Z,153.03,153.04,152.94,153
2017-05-08T19:43:00Z,153,153.03,152.96,153
2017-05-08T19:44:00Z,153,153,152.84,152.86
2017-05-08T19:45:00Z,152.86,152.88,152.85,152.854
2017-05-08T19:46:00Z,152.85,152.98,152.85,152.88
2017-05-08T19:47:00Z,152.88,152.94,152.88,152.91
2017-05-08T19:48:00Z,152.9032,152.91,152.88,152.885
2017-05-08T19:49:00Z,152.89,152.91,152.86,152.866
2017-05-08T19:50:00Z,152.88,152.97,152.875,152.95
2017-05-08T19:51:00Z,152.955,153,152.95,152.985
2017-05-08T19:52:00Z,152.985,152.99,152.9501,152.98
2017-05-08T19:53:00Z,152.98,153.05,152.975,153.04
2017-05-08T19:54:00Z,153.03,153.04,152.97,153
2017-05-08T19:55:00Z,153.0007,153.04,152.99,153.04
2017-05-08T19:56:00Z,153.04,153.05,152.94,152.98
2017-05-08T19:57:00Z,152.985,153.01,152.95,152.97
2017-05-08T19:58:00Z,152.98,152.99,152.95,152.96
2017-05-08T19:59:00Z,152.96,153.02,152.93,153.01
