2017-02-08T13:32:00Z,131.52,131.52,131.48,131.48
2017-02-08T13:33:00Z,131.48,131.5,131.48,131.5
2017-02-08T13:34:00Z,131.5,131.5,131.5,131.5
2017-02-08T13:35:00Z,131.48,131.48,131.46,131.46
2017-02-08T13:36:00Z,131.47,131.47,131.47,131.47
2017-02-08T13:37:00Z,131.47,131.47,131.47,131.47
2017-02-08T13:38:00Z,131.47,131.49,131.47,131.49
2017-02-08T13:39:00Z,131.49,131.49,131.45,131.45
2017-02-08T13:40:00Z,131.49,131.49,131.36,131.36
2017-02-08T13:41:00Z,131.41,131.42,131.41,131.42
2017-02-08T13:43:00Z,131.45,131.49,131.45,131.49
2017-02-08T13:44:00Z,131.45,131.45,131.45,131.45
2017-02-08T13:45:00Z,131.45,131.45,131.45,131.45
2017-02-08T13:46:00Z,131.41,131.41,131.4,131.4
2017-02-08T13:47:00Z,131.44,131.44,131.43,131.43
2017-02-08T13:48:00Z,131.4,131.4,131.4,131.4
2017-02-08T13:49:00Z,131.41,131.49,131.41,131.49
2017-02-08T13:51:00Z,131.5,131.5,131.5,131.5
2017-02-08T13:52:00Z,131.5,131.5,131.5,131.5
2017-02-08T13:53:00Z,131.5,131.5,131.5,131.5
2017-02-08T13:54:00Z,131.51,131.58,131.51,131.58
2017-02-08T13:55:00Z,131.57,131.6,131.57,131.58
2017-02-08T13:56:00Z,131.61,131.65,131.6,131.64
2017-02-08T13:58:00Z,131.61,131.61,131.57,131.57
2017-02-08T13:59:00Z,131.59,131.59,131.59,131.59
2017-02-08T14:00:00Z,131.59,131.6,131.59,131.6
2017-02-08T14:01:00Z,131.6,131.6,131.56,131.59
2017-02-08T14:03:00Z,131.56,131.56,131.35,131.35
2017-02-08T14:04:00Z,131.35,131.35,131.35,131.35
2017-02-08T14:05:00Z,131.39,131.45,131.25,131.29
2017-02-08T14:06:00Z,131.3,131.3,131.3,131.3
2017-02-08T14:07:00Z,131.32,131.32,131.32,131.32
2017-02-08T14:11:00Z,131.35,131.35,131.35,131.35
2017-02-08T14:14:00Z,131.36,131.36,131.36,131.36
2017-02-08T14:16:00Z,131.4,131.42,131.4,131.4
2017-02-08T14:17:00Z,131.4,131.4,131.4,131.4
2017-02-08T14:18:00Z,131.42,131.42,131.42,131.42
2017-02-08T14:19:00Z,131.42,131.42,131.42,131.42
2017-02-08T14:20:00Z,131.44,131.44,131.44,131.44
2017-02-08T14:21:00Z,131.4,131.4,131.36,131.36
2017-02-08T14:22:00Z,131.41,131.41,131.32,131.35
2017-02-08T14:23:00Z,131.35,131.35,131.32,131.32
2017-02-08T14:24:00Z,131.33,131.33,131.31,131.31
2017-02-08T14:27:00Z,131.38,131.38,131.38,131.38
2017-02-08T14:28:00Z,131.38,131.38,131.3,131.31
2017-02-08T14:29:00Z,131.32,131.32,131.32,131.32
2017-02-08T14:30:00Z,131.34,131.41,131.22,131.33
2017-02-08T14:31:00Z,131.32,131.6,131.3,131.38
2017-02-08T14:32:00Z,131.39,131.54,131.33,131.51
2017-02-08T14:33:00Z,131.53,131.66,131.5,131.6
2017-02-08T14:34:00Z,131.595,131.73,131.53,131.5317
2017-02-08T14:35:00Z,131.54,131.73,131.53,131.68
2017-02-08T14:36:00Z,131.6743,131.8,131.63,131.77
2017-02-08T14:37:00Z,131.753,131.753,131.58,131.59
2017-02-08T14:38:00Z,131.58,131.62,131.51,131.53
2017-02-08T14:39:00Z,131.535,131.59,131.49,131.54
2017-02-08T14:40:00Z,131.51,131.5499,131.45,131.54
2017-02-08T14:41:00Z,131.5301,131.68,131.53,131.67
2017-02-08T14:42:00Z,131.66,131.72,131.6335,131.68
2017-02-08T14:43:00Z,131.6711,131.7,131.66,131.67
2017-02-08T14:44:00Z,131.68,131.69,131.62,131.6214
2017-02-08T14:45:00Z,131.635,131.66,131.6,131.63
2017-02-08T14:46:00Z,131.639,131.639,131.51,131.55
2017-02-08T14:47:00Z,131.56,131.58,131.5143,131.5757
2017-02-08T14:48:00Z,131.57,131.6,131.53,131.54
2017-02-08T14:49:00Z,131.54,131.54,131.49,131.5144
2017-02-08T14:50:00Z,131.52,131.53,131.44,131.46
2017-02-08T14:51:00Z,131.4616,131.47,131.36,131.37
2017-02-08T14:52:00Z,131.36,131.3803,131.33,131.345
2017-02-08T14:53:00Z,131.34,131.36,131.28,131.3014
2017-02-08T14:54:00Z,131.3189,131.39,131.28,131.33
2017-02-08T14:55:00Z,131.3347,131.44,131.325,131.36
2017-02-08T14:56:00Z,131.36,131.41,131.3,131.31
2017-02-08T14:57:00Z,131.31,131.325,131.28,131.3
2017-02-08T14:58:00Z,131.3,131.3114,131.28,131.2982
2017-02-08T14:59:00Z,131.3,131.37,131.28,131.3498
2017-02-08T15:00:00Z,131.35,131.3878,131.28,131.34
2017-02-08T15:01:00Z,131.35,131.35,131.3,131.33
2017-02-08T15:02:00Z,131.3342,131.39,131.33,131.39
2017-02-08T15:03:00Z,131.3835,131.385,131.32,131.32
2017-02-08T15:04:00Z,131.32,131.38,131.31,131.36
2017-02-08T15:05:00Z,131.36,131.41,131.35,131.355
2017-02-08T15:06:00Z,131.35,131.36,131.31,131.31
2017-02-08T15:07:00Z,131.31,131.311,131.22,131.27
2017-02-08T15:08:00Z,131.27,131.33,131.26,131.32
2017-02-08T15:09:00Z,131.32,131.33,131.28,131.28
2017-02-08T15:10:00Z,131.285,131.39,131.27,131.39
2017-02-08T15:11:00Z,131.3865,131.48,131.37,131.47
2017-02-08T15:12:00Z,131.48,131.53,131.44,131.51
2017-02-08T15:13:00Z,131.5001,131.62,131.5001,131.59
2017-02-08T15:14:00Z,131.5965,131.605,131.56,131.6
2017-02-08T15:15:00Z,131.6,131.608,131.57,131.57
2017-02-08T15:16:00Z,131.57,131.57,131.48,131.48
2017-02-08T15:17:00Z,131.48,131.52,131.4732,131.49
2017-02-08T15:18:00Z,131.495,131.495,131.47,131.485
2017-02-08T15:19:00Z,131.48,131.55,131.46,131.5484
2017-02-08T15:20:00Z,131.55,131.55,131.5,131.5
2017-02-08T15:21:00Z,131.5061,131.51,131.4734,131.49
2017-02-08T15:22:00Z,131.495,131.495,131.46,131.4642
2017-02-08T15:23:00Z,131.465,131.48,131.44,131.48
2017-02-08T15:24:00Z,131.48,131.51,131.475,131.475
2017-02-08T15:25:00Z,131.48,131.495,131.47,131.48
2017-02-08T15:26:00Z,131.48,131.496,131.46,131.469
2017-02-08T15:27:00Z,131.47,131.47,131.4,131.43
2017-02-08T15:28:00Z,131.43,131.46,131.42,131.45
2017-02-08T15:29:00Z,131.44,131.4458,131.41,131.44
2017-02-08T15:30:00Z,131.44,131.4468,131.4,131.4143
2017-02-08T15:31:00Z,131.41,131.4196,131.39,131.4
2017-02-08T15:32:00Z,131.405,131.46,131.405,131.46
2017-02-08T15:33:00Z,131.4601,131.4763,131.41,131.4139
2017-02-08T15:34:00Z,131.42,131.43,131.36,131.3754
2017-02-08T15:35:00Z,131.37,131.3742,131.27,131.3
2017-02-08T15:36:00Z,131.3,131.36,131.3,131.35
2017-02-08T15:37:00Z,131.34,131.4,131.33,131.36
2017-02-08T15:38:00Z,131.36,131.39,131.335,131.349
2017-02-08T15:39:00Z,131.3449,131.36,131.285,131.2937
2017-02-08T15:40:00Z,131.29,131.32,131.28,131.29
2017-02-08T15:41:00Z,131.2947,131.3666,131.27,131.3666
2017-02-08T15:42:00Z,131.36,131.43,131.35,131.41
2017-02-08T15:43:00Z,131.43,131.47,131.38,131.47
2017-02-08T15:44:00Z,131.46,131.52,131.44,131.51
2017-02-08T15:45:00Z,131.49,131.5299,131.48,131.5211
2017-02-08T15:46:00Z,131.52,131.53,131.5,131.5199
2017-02-08T15:47:00Z,131.52,131.53,131.51,131.5293
2017-02-08T15:48:00Z,131.5201,131.57,131.52,131.57
2017-02-08T15:49:00Z,131.57,131.57,131.53,131.54
2017-02-08T15:50:00Z,131.53,131.57,131.53,131.5678
2017-02-08T15:51:00Z,131.565,131.58,131.535,131.5392
2017-02-08T15:52:00Z,131.54,131.5436,131.47,131.49
2017-02-08T15:53:00Z,131.5,131.53,131.45,131.485
2017-02-08T15:54:00Z,131.4842,131.51,131.47,131.47
2017-02-08T15:55:00Z,131.47,131.49,131.44,131.47
2017-02-08T15:56:00Z,131.4712,131.479,131.44,131.469
2017-02-08T15:57:00Z,131.46,131.4782,131.45,131.46
2017-02-08T15:58:00Z,131.47,131.47,131.41,131.451
2017-02-08T15:59:00Z,131.45,131.48,131.44,131.4742
2017-02-08T16:00:00Z,131.476,131.54,131.47,131.48
2017-02-08T16:01:00Z,131.48,131.54,131.48,131.54
2017-02-08T16:02:00Z,131.54,131.57,131.53,131.5661
2017-02-08T16:03:00Z,131.5665,131.6,131.56,131.58
2017-02-08T16:04:00Z,131.59,131.59,131.57,131.5782
2017-02-08T16:05:00Z,131.58,131.59,131.54,131.54
2017-02-08T16:06:00Z,131.5439,131.56,131.49,131.49
2017-02-08T16:07:00Z,131.5,131.5,131.46,131.49
2017-02-08T16:08:00Z,131.49,131.5299,131.46,131.48
2017-02-08T16:09:00Z,131.48,131.52,131.45,131.46
2017-02-08T16:10:00Z,131.47,131.53,131.47,131.5243
2017-02-08T16:11:00Z,131.53,131.59,131.53,131.56
2017-02-08T16:12:00Z,131.57,131.59,131.52,131.534
2017-02-08T16:13:00Z,131.53,131.57,131.53,131.5551
2017-02-08T16:14:00Z,131.55,131.55,131.49,131.515
2017-02-08T16:15:00Z,131.51,131.5265,131.5,131.51
2017-02-08T16:16:00Z,131.51,131.5499,131.51,131.54
2017-02-08T16:17:00Z,131.54,131.56,131.53,131.53
2017-02-08T16:18:00Z,131.5254,131.55,131.51,131.525
2017-02-08T16:19:00Z,131.525,131.53,131.49,131.5
2017-02-08T16:20:00Z,131.5,131.54,131.48,131.54
2017-02-08T16:21:00Z,131.535,131.56,131.52,131.5543
2017-02-08T16:22:00Z,131.55,131.5501,131.5,131.51
2017-02-08T16:23:00Z,131.519,131.54,131.3,131.54
2017-02-08T16:24:00Z,131.5332,131.55,131.49,131.49
2017-02-08T16:25:00Z,131.49,131.56,131.49,131.535
2017-02-08T16:26:00Z,131.53,131.5499,131.51,131.52
2017-02-08T16:27:00Z,131.525,131.545,131.52,131.525
2017-02-08T16:28:00Z,131.5258,131.54,131.51,131.51
2017-02-08T16:29:00Z,131.505,131.5052,131.48,131.49
2017-02-08T16:30:00Z,131.49,131.53,131.49,131.53
2017-02-08T16:31:00Z,131.525,131.56,131.525,131.5525
2017-02-08T16:32:00Z,131.55,131.55,131.5,131.5
2017-02-08T16:33:00Z,131.51,131.53,131.5,131.515
2017-02-08T16:34:00Z,131.5158,131.54,131.51,131.511
2017-02-08T16:35:00Z,131.52,131.52,131.5,131.5
2017-02-08T16:36:00Z,131.5,131.5,131.4642,131.5
2017-02-08T16:37:00Z,131.494,131.51,131.46,131.4755
2017-02-08T16:38:00Z,131.479,131.54,131.47,131.54
2017-02-08T16:39:00Z,131.5343,131.55,131.52,131.52
2017-02-08T16:40:00Z,131.5257,131.53,131.49,131.51
2017-02-08T16:41:00Z,131.515,131.55,131.51,131.52
2017-02-08T16:42:00Z,131.53,131.53,131.48,131.4825
2017-02-08T16:43:00Z,131.4842,131.4842,131.46,131.4601
2017-02-08T16:44:00Z,131.47,131.52,131.468,131.47
2017-02-08T16:45:00Z,131.46,131.51,131.45,131.51
2017-02-08T16:46:00Z,131.5,131.5001,131.455,131.464
2017-02-08T16:47:00Z,131.47,131.49,131.4616,131.47
2017-02-08T16:48:00Z,131.47,131.4899,131.46,131.47
2017-02-08T16:49:00Z,131.4758,131.51,131.47,131.5
2017-02-08T16:50:00Z,131.5,131.505,131.4765,131.5043
2017-02-08T16:51:00Z,131.5047,131.52,131.5,131.5028
2017-02-08T16:52:00Z,131.5,131.52,131.5,131.51
2017-02-08T16:53:00Z,131.51,131.51,131.48,131.49
2017-02-08T16:54:00Z,131.49,131.5,131.46,131.46
2017-02-08T16:55:00Z,131.465,131.49,131.45,131.47
2017-02-08T16:56:00Z,131.4684,131.48,131.4684,131.475
2017-02-08T16:57:00Z,131.475,131.49,131.4705,131.4829
2017-02-08T16:58:00Z,131.485,131.49,131.46,131.4733
2017-02-08T16:59:00Z,131.4733,131.475,131.42,131.42
2017-02-08T17:00:00Z,131.425,131.48,131.421,131.48
2017-02-08T17:01:00Z,131.48,131.5,131.475,131.495
2017-02-08T17:02:00Z,131.495,131.52,131.485,131.5165
2017-02-08T17:03:00Z,131.515,131.55,131.51,131.5448
2017-02-08T17:04:00Z,131.545,131.56,131.545,131.56
2017-02-08T17:05:00Z,131.555,131.565,131.54,131.56
2017-02-08T17:06:00Z,131.56,131.59,131.55,131.5899
2017-02-08T17:07:00Z,131.589,131.62,131.5753,131.62
2017-02-08T17:08:00Z,131.61,131.6299,131.6,131.6199
2017-02-08T17:09:00Z,131.6151,131.62,131.6,131.61
2017-02-08T17:10:00Z,131.615,131.64,131.6,131.61
2017-02-08T17:11:00Z,131.611,131.63,131.596,131.6008
2017-02-08T17:12:00Z,131.59,131.6099,131.59,131.6099
2017-02-08T17:13:00Z,131.61,131.62,131.6,131.6062
2017-02-08T17:14:00Z,131.601,131.61,131.59,131.6
2017-02-08T17:15:00Z,131.6,131.61,131.6,131.6057
2017-02-08T17:16:00Z,131.6047,131.63,131.59,131.62
2017-02-08T17:17:00Z,131.6202,131.64,131.61,131.62
2017-02-08T17:18:00Z,131.63,131.65,131.6201,131.6358
2017-02-08T17:19:00Z,131.64,131.7,131.635,131.6714
2017-02-08T17:20:00Z,131.68,131.7001,131.66,131.68
2017-02-08T17:21:00Z,131.685,131.7,131.665,131.6837
2017-02-08T17:22:00Z,131.6801,131.69,131.64,131.656
2017-02-08T17:23:00Z,131.6565,131.69,131.651,131.69
2017-02-08T17:24:00Z,131.685,131.69,131.64,131.6447
2017-02-08T17:25:00Z,131.65,131.66,131.6,131.6
2017-02-08T17:26:00Z,131.61,131.62,131.61,131.615
2017-02-08T17:27:00Z,131.615,131.62,131.6,131.6
2017-02-08T17:28:00Z,131.6099,131.61,131.55,131.55
2017-02-08T17:29:00Z,131.55,131.57,131.53,131.56
2017-02-08T17:30:00Z,131.57,131.57,131.5342,131.5516
2017-02-08T17:31:00Z,131.55,131.56,131.5313,131.55
2017-02-08T17:32:00Z,131.5499,131.5499,131.53,131.5345
2017-02-08T17:33:00Z,131.5322,131.54,131.53,131.5318
2017-02-08T17:34:00Z,131.5395,131.54,131.52,131.53
2017-02-08T17:35:00Z,131.524,131.54,131.51,131.536
2017-02-08T17:36:00Z,131.53,131.54,131.53,131.54
2017-02-08T17:37:00Z,131.535,131.56,131.525,131.55
2017-02-08T17:38:00Z,131.55,131.57,131.5301,131.565
2017-02-08T17:39:00Z,131.56,131.57,131.543,131.55
2017-02-08T17:40:00Z,131.555,131.56,131.53,131.53
2017-02-08T17:41:00Z,131.5343,131.55,131.53,131.54
2017-02-08T17:42:00Z,131.53,131.56,131.53,131.53
2017-02-08T17:43:00Z,131.54,131.55,131.54,131.54
2017-02-08T17:44:00Z,131.54,131.55,131.53,131.54
2017-02-08T17:45:00Z,131.545,131.57,131.53,131.5339
2017-02-08T17:46:00Z,131.5347,131.55,131.5302,131.5338
2017-02-08T17:47:00Z,131.538,131.56,131.51,131.53
2017-02-08T17:48:00Z,131.5288,131.53,131.46,131.47
2017-02-08T17:49:00Z,131.475,131.5,131.465,131.4886
2017-02-08T17:50:00Z,131.49,131.52,131.484,131.4916
2017-02-08T17:51:00Z,131.4953,131.5139,131.48,131.51
2017-02-08T17:52:00Z,131.52,131.52,131.47,131.47
2017-02-08T17:53:00Z,131.48,131.51,131.47,131.5
2017-02-08T17:54:00Z,131.5021,131.514,131.485,131.5
2017-02-08T17:55:00Z,131.5,131.54,131.5,131.53
2017-02-08T17:56:00Z,131.525,131.53,131.49,131.49
2017-02-08T17:57:00Z,131.5,131.5,131.49,131.496
2017-02-08T17:58:00Z,131.495,131.5,131.475,131.49
2017-02-08T17:59:00Z,131.49,131.51,131.484,131.51
2017-02-08T18:00:00Z,131.5,131.535,131.5,131.52
2017-02-08T18:01:00Z,131.525,131.53,131.513,131.52
2017-02-08T18:02:00Z,131.52,131.53,131.49,131.4914
2017-02-08T18:03:00Z,131.49,131.53,131.47,131.5298
2017-02-08T18:04:00Z,131.53,131.535,131.5111,131.5149
2017-02-08T18:05:00Z,131.52,131.5407,131.5,131.51
2017-02-08T18:06:00Z,131.5042,131.51,131.49,131.495
2017-02-08T18:07:00Z,131.49,131.53,131.49,131.53
2017-02-08T18:08:00Z,131.53,131.55,131.51,131.541
2017-02-08T18:09:00Z,131.55,131.58,131.5414,131.57
2017-02-08T18:10:00Z,131.57,131.59,131.56,131.58
2017-02-08T18:11:00Z,131.59,131.59,131.575,131.5854
2017-02-08T18:12:00Z,131.59,131.62,131.57,131.61
2017-02-08T18:13:00Z,131.61,131.62,131.6,131.61
2017-02-08T18:14:00Z,131.61,131.61,131.56,131.58
2017-02-08T18:15:00Z,131.585,131.59,131.56,131.5775
2017-02-08T18:16:00Z,131.5765,131.594,131.57,131.594
2017-02-08T18:17:00Z,131.59,131.606,131.57,131.585
2017-02-08T18:18:00Z,131.585,131.61,131.5832,131.6
2017-02-08T18:19:00Z,131.61,131.64,131.61,131.6163
2017-02-08T18:20:00Z,131.615,131.64,131.59,131.6241
2017-02-08T18:21:00Z,131.6207,131.64,131.62,131.6275
2017-02-08T18:22:00Z,131.62,131.65,131.62,131.645
2017-02-08T18:23:00Z,131.64,131.65,131.62,131.645
2017-02-08T18:24:00Z,131.641,131.65,131.63,131.641
2017-02-08T18:25:00Z,131.65,131.67,131.64,131.66
2017-02-08T18:26:00Z,131.67,131.68,131.66,131.66
2017-02-08T18:27:00Z,131.67,131.67,131.6201,131.6231
2017-02-08T18:28:00Z,131.63,131.64,131.63,131.64
2017-02-08T18:29:00Z,131.635,131.65,131.62,131.63
2017-02-08T18:30:00Z,131.6263,131.64,131.62,131.62
2017-02-08T18:31:00Z,131.63,131.67,131.63,131.67
2017-02-08T18:32:00Z,131.66,131.68,131.64,131.64
2017-02-08T18:33:00Z,131.64,131.651,131.63,131.63
2017-02-08T18:34:00Z,131.6399,131.64,131.62,131.63
2017-02-08T18:35:00Z,131.625,131.63,131.6,131.615
2017-02-08T18:36:00Z,131.611,131.63,131.611,131.62
2017-02-08T18:37:00Z,131.625,131.63,131.611,131.63
2017-02-08T18:38:00Z,131.6201,131.64,131.61,131.6182
2017-02-08T18:39:00Z,131.615,131.64,131.615,131.62
2017-02-08T18:40:00Z,131.63,131.63,131.62,131.63
2017-02-08T18:41:00Z,131.63,131.6357,131.61,131.616
2017-02-08T18:42:00Z,131.61,131.6447,131.61,131.63
2017-02-08T18:43:00Z,131.63,131.66,131.63,131.65
2017-02-08T18:44:00Z,131.6507,131.655,131.63,131.64
2017-02-08T18:45:00Z,131.6201,131.63,131.6,131.62
2017-02-08T18:46:00Z,131.6249,131.659,131.6147,131.659
2017-02-08T18:47:00Z,131.6566,131.68,131.65,131.6601
2017-02-08T18:48:00Z,131.66,131.69,131.65,131.68
2017-02-08T18:49:00Z,131.68,131.7,131.67,131.68
2017-02-08T18:50:00Z,131.68,131.689,131.67,131.6799
2017-02-08T18:51:00Z,131.67,131.69,131.66,131.67
2017-02-08T18:52:00Z,131.6635,131.6699,131.65,131.665
2017-02-08T18:53:00Z,131.668,131.67,131.65,131.669
2017-02-08T18:54:00Z,131.666,131.68,131.66,131.66
2017-02-08T18:55:00Z,131.666,131.666,131.65,131.6655
2017-02-08T18:56:00Z,131.6651,131.6765,131.66,131.67
2017-02-08T18:57:00Z,131.68,131.7,131.67,131.69
2017-02-08T18:58:00Z,131.69,131.695,131.67,131.6755
2017-02-08T18:59:00Z,131.6707,131.69,131.67,131.6765
2017-02-08T19:00:00Z,131.675,131.6784,131.66,131.6633
2017-02-08T19:01:00Z,131.661,131.68,131.65,131.67
2017-02-08T19:02:00Z,131.6742,131.69,131.67,131.68
2017-02-08T19:03:00Z,131.6805,131.69,131.68,131.68
2017-02-08T19:04:00Z,131.6864,131.6882,131.67,131.6701
2017-02-08T19:05:00Z,131.67,131.69,131.67,131.69
2017-02-08T19:06:00Z,131.69,131.7,131.68,131.69
2017-02-08T19:07:00Z,131.69,131.72,131.685,131.72
2017-02-08T19:08:00Z,131.72,131.74,131.7,131.71
2017-02-08T19:09:00Z,131.71,131.73,131.7,131.711
2017-02-08T19:10:00Z,131.71,131.72,131.7,131.71
2017-02-08T19:11:00Z,131.716,131.749,131.71,131.725
2017-02-08T19:12:00Z,131.73,131.75,131.721,131.735
2017-02-08T19:13:00Z,131.733,131.74,131.725,131.725
2017-02-08T19:14:00Z,131.725,131.73,131.69,131.72
2017-02-08T19:15:00Z,131.73,131.74,131.7127,131.7301
2017-02-08T19:16:00Z,131.73,131.75,131.691,131.6935
2017-02-08T19:17:00Z,131.69,131.715,131.68,131.715
2017-02-08T19:18:00Z,131.71,131.73,131.7001,131.73
2017-02-08T19:19:00Z,131.72,131.73,131.7,131.715
2017-02-08T19:20:00Z,131.715,131.72,131.68,131.68
2017-02-08T19:21:00Z,131.68,131.7,131.67,131.694
2017-02-08T19:22:00Z,131.7,131.715,131.7,131.71
2017-02-08T19:23:00Z,131.71,131.71,131.69,131.6947
2017-02-08T19:24:00Z,131.69,131.71,131.675,131.7
2017-02-08T19:25:00Z,131.7,131.7,131.69,131.698
2017-02-08T19:26:00Z,131.7,131.71,131.69,131.7
2017-02-08T19:27:00Z,131.7016,131.715,131.6932,131.71
2017-02-08T19:28:00Z,131.71,131.73,131.6959,131.73
2017-02-08T19:29:00Z,131.73,131.73,131.69,131.7047
2017-02-08T19:30:00Z,131.7,131.71,131.69,131.7
2017-02-08T19:31:00Z,131.71,131.73,131.71,131.71
2017-02-08T19:32:00Z,131.71,131.735,131.71,131.7243
2017-02-08T19:33:00Z,131.72,131.73,131.71,131.72
2017-02-08T19:34:00Z,131.73,131.75,131.72,131.7442
2017-02-08T19:35:00Z,131.74,131.76,131.735,131.7465
2017-02-08T19:36:00Z,131.75,131.77,131.72,131.72
2017-02-08T19:37:00Z,131.7201,131.73,131.7,131.71
2017-02-08T19:38:00Z,131.705,131.75,131.7,131.75
2017-02-08T19:39:00Z,131.75,131.78,131.7465,131.77
2017-02-08T19:40:00Z,131.78,131.78,131.77,131.77
2017-02-08T19:41:00Z,131.77,131.78,131.75,131.76
2017-02-08T19:42:00Z,131.76,131.8,131.75,131.775
2017-02-08T19:43:00Z,131.77,131.77,131.76,131.765
2017-02-08T19:44:00Z,131.765,131.78,131.76,131.7695
2017-02-08T19:45:00Z,131.7635,131.795,131.7635,131.79
2017-02-08T19:46:00Z,131.8,131.8,131.785,131.8
2017-02-08T19:47:00Z,131.79,131.83,131.79,131.825
2017-02-08T19:48:00Z,131.83,131.83,131.8,131.8
2017-02-08T19:49:00Z,131.8,131.8,131.76,131.7737
2017-02-08T19:50:00Z,131.7741,131.79,131.76,131.789
2017-02-08T19:51:00Z,131.79,131.8,131.79,131.7957
2017-02-08T19:52:00Z,131.7981,131.8,131.73,131.7439
2017-02-08T19:53:00Z,131.74,131.7663,131.74,131.76
2017-02-08T19:54:00Z,131.76,131.76,131.74,131.75
2017-02-08T19:55:00Z,131.76,131.76,131.74,131.7435
2017-02-08T19:56:00Z,131.74,131.761,131.74,131.76
2017-02-08T19:57:00Z,131.76,131.77,131.75,131.76
2017-02-08T19:58:00Z,131.76,131.76,131.73,131.76
2017-02-08T19:59:00Z,131.76,131.76,131.75,131.755
