2021-05-20T13:30:00Z,125.23,125.52,125.1,125.44
2021-05-20T13:31:00Z,125.44,125.59,125.31,125.32
2021-05-20T13:32:00Z,125.32,125.58,125.25,125.5576
2021-05-20T13:33:00Z,125.5574,125.73,125.47,125.49
2021-05-20T13:34:00Z,125.49,125.53,125.32,125.44
2021-05-20T13:35:00Z,125.44,125.6944,125.4349,125.63
2021-05-20T13:36:00Z,125.6309,125.77,125.6,125.705
2021-05-20T13:37:00Z,125.7,125.79,125.59,125.605
2021-05-20T13:38:00Z,125.6091,125.805,125.6,125.7232
2021-05-20T13:39:00Z,125.733,125.92,125.713,125.8
2021-05-20T13:40:00Z,125.8053,126.035,125.8053,125.9
2021-05-20T13:41:00Z,125.9,126.16,125.84,126.11
2021-05-20T13:42:00Z,126.12,126.18,126.05,126.0914
2021-05-20T13:43:00Z,126.09,126.19,126.02,126.06
2021-05-20T13:44:00Z,126.06,126.11,126.02,126.0691
2021-05-20T13:45:00Z,126.065,126.155,126.01,126.05
2021-05-20T13:46:00Z,126.045,126.07,125.89,126.05
2021-05-20T13:47:00Z,126.05,126.16,125.945,126.1252
2021-05-20T13:48:00Z,126.125,126.16,126.06,126.075
2021-05-20T13:49:00Z,126.075,126.08,125.97,126.01
2021-05-20T13:50:00Z,126.02,126.12,125.94,126.09
2021-05-20T13:51:00Z,126.0994,126.22,126.03,126.155
2021-05-20T13:52:00Z,126.155,126.175,125.96,125.9888
2021-05-20T13:53:00Z,125.99,126.09,125.96,125.97
2021-05-20T13:54:00Z,125.965,125.99,125.925,125.951
2021-05-20T13:55:00Z,125.9514,126.03,125.88,125.955
2021-05-20T13:56:00Z,125.95,126.07,125.93,125.995
2021-05-20T13:57:00Z,125.995,126,125.87,125.94
2021-05-20T13:58:00Z,125.95,125.9692,125.8,125.8
2021-05-20T13:59:00Z,125.81,125.8778,125.79,125.84
2021-05-20T14:00:00Z,125.835,125.97,125.76,125.8199
2021-05-20T14:01:00Z,125.82,126.0294,125.815,125.97
2021-05-20T14:02:00Z,125.98,126.14,125.98,126.12
2021-05-20T14:03:00Z,126.12,126.155,126.09,126.12
2021-05-20T14:04:00Z,126.1299,126.18,126.06,126.09
2021-05-20T14:05:00Z,126.0901,126.1799,126.0881,126.175
2021-05-20T14:06:00Z,126.175,126.2,126.1299,126.1602
2021-05-20T14:07:00Z,126.16,126.18,126.1026,126.12
2021-05-20T14:08:00Z,126.13,126.1499,126.0101,126.0215
2021-05-20T14:09:00Z,126.025,126.05,125.9801,126.005
2021-05-20T14:10:00Z,126.01,126.1776,126.01,126.155
2021-05-20T14:11:00Z,126.15,126.18,126.0699,126.175
2021-05-20T14:12:00Z,126.17,126.23,126.13,126.13
2021-05-20T14:13:00Z,126.13,126.16,126.1,126.11
2021-05-20T14:14:00Z,126.115,126.1685,126.0758,126.132
2021-05-20T14:15:00Z,126.135,126.28,126.135,126.1575
2021-05-20T14:16:00Z,126.15,126.26,126.13,126.25
2021-05-20T14:17:00Z,126.25,126.345,126.22,126.29
2021-05-20T14:18:00Z,126.2973,126.3674,126.2501,126.3515
2021-05-20T14:19:00Z,126.355,126.43,126.33,126.39
2021-05-20T14:20:00Z,126.39,126.45,126.32,126.3501
2021-05-20T14:21:00Z,126.36,126.41,126.35,126.395
2021-05-20T14:22:00Z,126.3852,126.415,126.325,126.3699
2021-05-20T14:23:00Z,126.36,126.405,126.29,126.395
2021-05-20T14:24:00Z,126.39,126.42,126.321,126.3787
2021-05-20T14:25:00Z,126.375,126.4,126.35,126.36
2021-05-20T14:26:00Z,126.36,126.39,126.31,126.315
2021-05-20T14:27:00Z,126.31,126.35,126.2919,126.31
2021-05-20T14:28:00Z,126.3115,126.35,126.295,126.34
2021-05-20T14:29:00Z,126.33,126.4,126.33,126.37
2021-05-20T14:30:00Z,126.365,126.43,126.365,126.397
2021-05-20T14:31:00Z,126.39,126.41,126.31,126.3415
2021-05-20T14:32:00Z,126.35,126.36,126.29,126.355
2021-05-20T14:33:00Z,126.36,126.42,126.36,126.41
2021-05-20T14:34:00Z,126.416,126.47,126.4,126.425
2021-05-20T14:35:00Z,126.4225,126.43,126.335,126.35
2021-05-20T14:36:00Z,126.36,126.36,126.31,126.3277
2021-05-20T14:37:00Z,126.33,126.3699,126.32,126.34
2021-05-20T14:38:00Z,126.34,126.35,126.27,126.2888
2021-05-20T14:39:00Z,126.285,126.285,126.21,126.2324
2021-05-20T14:40:00Z,126.23,126.27,126.155,126.155
2021-05-20T14:41:00Z,126.155,126.22,126.12,126.21
2021-05-20T14:42:00Z,126.21,126.235,126.18,126.1887
2021-05-20T14:43:00Z,126.185,126.2499,126.17,126.245
2021-05-20T14:44:00Z,126.245,126.2899,126.205,126.2232
2021-05-20T14:45:00Z,126.225,126.42,126.21,126.3977
2021-05-20T14:46:00Z,126.39,126.42,126.38,126.38
2021-05-20T14:47:00Z,126.3799,126.42,126.3799,126.395
2021-05-20T14:48:00Z,126.4,126.43,126.393,126.4
2021-05-20T14:49:00Z,126.4,126.44,126.33,126.3701
2021-05-20T14:50:00Z,126.374,126.42,126.365,126.38
2021-05-20T14:51:00Z,126.375,126.44,126.34,126.38
2021-05-20T14:52:00Z,126.39,126.425,126.36,126.36
2021-05-20T14:53:00Z,126.365,126.44,126.365,126.415
2021-05-20T14:54:00Z,126.4131,126.419,126.3182,126.3182
2021-05-20T14:55:00Z,126.32,126.3501,126.2701,126.3
2021-05-20T14:56:00Z,126.305,126.34,126.29,126.325
2021-05-20T14:57:00Z,126.325,126.4081,126.32,126.385
2021-05-20T14:58:00Z,126.3887,126.42,126.35,126.3501
2021-05-20T14:59:00Z,126.35,126.4099,126.3117,126.36
2021-05-20T15:00:00Z,126.36,126.46,126.33,126.4575
2021-05-20T15:01:00Z,126.46,126.52,126.45,126.5
2021-05-20T15:02:00Z,126.5009,126.51,126.43,126.4427
2021-05-20T15:03:00Z,126.45,126.49,126.45,126.45
2021-05-20T15:04:00Z,126.455,126.46,126.41,126.445
2021-05-20T15:05:00Z,126.4416,126.49,126.3989,126.43
2021-05-20T15:06:00Z,126.43,126.465,126.37,126.385
2021-05-20T15:07:00Z,126.38,126.4,126.34,126.39
2021-05-20T15:08:00Z,126.39,126.41,126.37,126.39
2021-05-20T15:09:00Z,126.395,126.4099,126.38,126.39
2021-05-20T15:10:00Z,126.39,126.41,126.37,126.37
2021-05-20T15:11:00Z,126.37,126.4099,126.32,126.4
2021-05-20T15:12:00Z,126.39,126.42,126.3601,126.4015
2021-05-20T15:13:00Z,126.41,126.42,126.35,126.3901
2021-05-20T15:14:00Z,126.4,126.41,126.28,126.35
2021-05-20T15:15:00Z,126.35,126.4081,126.33,126.405
2021-05-20T15:16:00Z,126.405,126.42,126.3701,126.415
2021-05-20T15:17:00Z,126.411,126.43,126.38,126.3881
2021-05-20T15:18:00Z,126.385,126.42,126.38,126.42
2021-05-20T15:19:00Z,126.415,126.45,126.4,126.41
2021-05-20T15:20:00Z,126.4199,126.44,126.36,126.3947
2021-05-20T15:21:00Z,126.4,126.43,126.36,126.3799
2021-05-20T15:22:00Z,126.38,126.41,126.36,126.361
2021-05-20T15:23:00Z,126.36,126.42,126.35,126.41
2021-05-20T15:24:00Z,126.405,126.44,126.4,126.405
2021-05-20T15:25:00Z,126.405,126.58,126.4,126.575
2021-05-20T15:26:00Z,126.57,126.69,126.5621,126.6706
2021-05-20T15:27:00Z,126.68,126.72,126.65,126.7117
2021-05-20T15:28:00Z,126.72,126.79,126.71,126.75
2021-05-20T15:29:00Z,126.745,126.79,126.73,126.77
2021-05-20T15:30:00Z,126.78,126.8,126.73,126.786
2021-05-20T15:31:00Z,126.7801,126.855,126.78,126.825
2021-05-20T15:32:00Z,126.83,126.87,126.79,126.79
2021-05-20T15:33:00Z,126.79,126.86,126.785,126.835
2021-05-20T15:34:00Z,126.835,126.84,126.74,126.76
2021-05-20T15:35:00Z,126.76,126.85,126.755,126.765
2021-05-20T15:36:00Z,126.765,126.78,126.73,126.76
2021-05-20T15:37:00Z,126.76,126.81,126.75,126.78
2021-05-20T15:38:00Z,126.785,126.8,126.72,126.794
2021-05-20T15:39:00Z,126.8,126.9,126.8,126.9
2021-05-20T15:40:00Z,126.895,127.01,126.89,126.98
2021-05-20T15:41:00Z,126.98,127.05,126.95,127.03
2021-05-20T15:42:00Z,127.021,127.08,126.99,127.06
2021-05-20T15:43:00Z,127.06,127.12,127.04,127.11
2021-05-20T15:44:00Z,127.1,127.1099,127,127
2021-05-20T15:45:00Z,126.995,127.08,126.99,127.065
2021-05-20T15:46:00Z,127.07,127.11,127.055,127.106
2021-05-20T15:47:00Z,127.1001,127.11,127.0516,127.08
2021-05-20T15:48:00Z,127.09,127.16,127.08,127.14
2021-05-20T15:49:00Z,127.14,127.16,127.095,127.13
2021-05-20T15:50:00Z,127.135,127.25,127.135,127.2057
2021-05-20T15:51:00Z,127.2,127.265,127.2,127.235
2021-05-20T15:52:00Z,127.235,127.24,127.17,127.185
2021-05-20T15:53:00Z,127.185,127.2,127.11,127.175
2021-05-20T15:54:00Z,127.18,127.195,127.12,127.13
2021-05-20T15:55:00Z,127.14,127.23,127.12,127.2216
2021-05-20T15:56:00Z,127.22,127.26,127.12,127.13
2021-05-20T15:57:00Z,127.12,127.1525,127.08,127.15
2021-05-20T15:58:00Z,127.145,127.15,127.05,127.0799
2021-05-20T15:59:00Z,127.08,127.1072,127.02,127.045
2021-05-20T16:00:00Z,127.05,127.07,126.975,126.9835
2021-05-20T16:01:00Z,126.99,127,126.88,126.89
2021-05-20T16:02:00Z,126.9,126.93,126.87,126.9199
2021-05-20T16:03:00Z,126.9123,126.99,126.9123,126.99
2021-05-20T16:04:00Z,126.99,127,126.93,126.951
2021-05-20T16:05:00Z,126.96,126.97,126.86,126.86
2021-05-20T16:06:00Z,126.87,126.9,126.805,126.8185
2021-05-20T16:07:00Z,126.8159,126.885,126.775,126.87
2021-05-20T16:08:00Z,126.875,126.8852,126.8221,126.835
2021-05-20T16:09:00Z,126.84,126.855,126.79,126.79
2021-05-20T16:10:00Z,126.79,126.8599,126.75,126.805
2021-05-20T16:11:00Z,126.8,126.8,126.765,126.7877
2021-05-20T16:12:00Z,126.79,126.81,126.7715,126.795
2021-05-20T16:13:00Z,126.7922,126.8,126.73,126.76
2021-05-20T16:14:00Z,126.7501,126.77,126.7,126.73
2021-05-20T16:15:00Z,126.74,126.7905,126.725,126.79
2021-05-20T16:16:00Z,126.785,126.88,126.78,126.875
2021-05-20T16:17:00Z,126.875,126.915,126.82,126.905
2021-05-20T16:18:00Z,126.9,126.9773,126.88,126.965
2021-05-20T16:19:00Z,126.9687,127,126.86,126.885
2021-05-20T16:20:00Z,126.885,126.96,126.885,126.945
2021-05-20T16:21:00Z,126.935,126.9383,126.85,126.885
2021-05-20T16:22:00Z,126.8859,126.8859,126.8101,126.82
2021-05-20T16:23:00Z,126.82,126.885,126.785,126.88
2021-05-20T16:24:00Z,126.8715,126.895,126.841,126.8727
2021-05-20T16:25:00Z,126.88,126.8801,126.85,126.87
2021-05-20T16:26:00Z,126.87,126.9001,126.81,126.855
2021-05-20T16:27:00Z,126.86,126.8891,126.82,126.83
2021-05-20T16:28:00Z,126.83,126.8499,126.79,126.82
2021-05-20T16:29:00Z,126.8187,126.87,126.795,126.82
2021-05-20T16:30:00Z,126.82,126.95,126.82,126.945
2021-05-20T16:31:00Z,126.95,126.98,126.92,126.93
2021-05-20T16:32:00Z,126.93,126.975,126.925,126.96
2021-05-20T16:33:00Z,126.96,127.005,126.96,126.995
2021-05-20T16:34:00Z,127,127.05,126.94,127.005
2021-05-20T16:35:00Z,127.01,127.01,126.87,126.8839
2021-05-20T16:36:00Z,126.88,126.905,126.7599,126.795
2021-05-20T16:37:00Z,126.79,126.84,126.73,126.732
2021-05-20T16:38:00Z,126.74,126.76,126.67,126.7401
2021-05-20T16:39:00Z,126.74,126.83,126.72,126.765
2021-05-20T16:40:00Z,126.77,126.83,126.73,126.805
2021-05-20T16:41:00Z,126.81,126.83,126.79,126.805
2021-05-20T16:42:00Z,126.8,126.8209,126.76,126.7849
2021-05-20T16:43:00Z,126.78,126.78,126.7,126.7
2021-05-20T16:44:00Z,126.69,126.81,126.69,126.735
2021-05-20T16:45:00Z,126.74,126.84,126.74,126.835
2021-05-20T16:46:00Z,126.83,126.89,126.825,126.86
2021-05-20T16:47:00Z,126.865,126.89,126.84,126.88
2021-05-20T16:48:00Z,126.89,126.975,126.89,126.9586
2021-05-20T16:49:00Z,126.95,126.97,126.91,126.96
2021-05-20T16:50:00Z,126.9601,127.01,126.91,126.99
2021-05-20T16:51:00Z,126.99,126.995,126.915,126.99
2021-05-20T16:52:00Z,126.99,126.99,126.93,126.96
2021-05-20T16:53:00Z,126.96,126.975,126.94,126.955
2021-05-20T16:54:00Z,126.952,126.9886,126.94,126.9499
2021-05-20T16:55:00Z,126.94,126.94,126.88,126.9101
2021-05-20T16:56:00Z,126.91,126.95,126.9,126.92
2021-05-20T16:57:00Z,126.93,126.95,126.87,126.935
2021-05-20T16:58:00Z,126.94,127.01,126.93,126.9965
2021-05-20T16:59:00Z,127,127.01,126.97,126.97
2021-05-20T17:00:00Z,126.97,126.99,126.895,126.99
2021-05-20T17:01:00Z,126.99,127.085,126.99,127.0221
2021-05-20T17:02:00Z,127.0201,127.06,126.9818,127.0599
2021-05-20T17:03:00Z,127.0542,127.07,127.02,127.05
2021-05-20T17:04:00Z,127.049,127.049,127,127.02
2021-05-20T17:05:00Z,127.02,127.0782,127.012,127.0414
2021-05-20T17:06:00Z,127.045,127.08,127,127.05
2021-05-20T17:07:00Z,127.055,127.0876,127.02,127.05
2021-05-20T17:08:00Z,127.05,127.14,127.05,127.115
2021-05-20T17:09:00Z,127.12,127.14,127.085,127.125
2021-05-20T17:10:00Z,127.125,127.18,127.12,127.14
2021-05-20T17:11:00Z,127.1416,127.15,127.1,127.135
2021-05-20T17:12:00Z,127.14,127.15,127.11,127.13
2021-05-20T17:13:00Z,127.138,127.15,127.12,127.1342
2021-05-20T17:14:00Z,127.13,127.16,127.12,127.16
2021-05-20T17:15:00Z,127.16,127.23,127.155,127.1902
2021-05-20T17:16:00Z,127.19,127.21,127.13,127.165
2021-05-20T17:17:00Z,127.16,127.21,127.16,127.2024
2021-05-20T17:18:00Z,127.2,127.22,127.17,127.2
2021-05-20T17:19:00Z,127.21,127.25,127.1701,127.1911
2021-05-20T17:20:00Z,127.19,127.26,127.19,127.2569
2021-05-20T17:21:00Z,127.25,127.32,127.25,127.26
2021-05-20T17:22:00Z,127.265,127.28,127.25,127.2721
2021-05-20T17:23:00Z,127.275,127.3184,127.25,127.2501
2021-05-20T17:24:00Z,127.25,127.2802,127.2,127.275
2021-05-20T17:25:00Z,127.275,127.3,127.245,127.2601
2021-05-20T17:26:00Z,127.27,127.275,127.2,127.215
2021-05-20T17:27:00Z,127.2171,127.22,127.16,127.205
2021-05-20T17:28:00Z,127.21,127.24,127.2087,127.235
2021-05-20T17:29:00Z,127.23,127.27,127.22,127.255
2021-05-20T17:30:00Z,127.2523,127.3,127.24,127.29
2021-05-20T17:31:00Z,127.29,127.37,127.29,127.36
2021-05-20T17:32:00Z,127.36,127.37,127.33,127.3351
2021-05-20T17:33:00Z,127.3301,127.34,127.29,127.33
2021-05-20T17:34:00Z,127.33,127.36,127.303,127.3175
2021-05-20T17:35:00Z,127.31,127.31,127.26,127.285
2021-05-20T17:36:00Z,127.285,127.3,127.27,127.2822
2021-05-20T17:37:00Z,127.2843,127.29,127.24,127.285
2021-05-20T17:38:00Z,127.2899,127.31,127.27,127.27
2021-05-20T17:39:00Z,127.265,127.3,127.26,127.27
2021-05-20T17:40:00Z,127.265,127.27,127.22,127.235
2021-05-20T17:41:00Z,127.23,127.255,127.22,127.245
2021-05-20T17:42:00Z,127.245,127.2899,127.2443,127.285
2021-05-20T17:43:00Z,127.29,127.31,127.25,127.26
2021-05-20T17:44:00Z,127.26,127.32,127.26,127.275
2021-05-20T17:45:00Z,127.27,127.2954,127.245,127.25
2021-05-20T17:46:00Z,127.26,127.28,127.2,127.2701
2021-05-20T17:47:00Z,127.2615,127.31,127.26,127.2942
2021-05-20T17:48:00Z,127.295,127.31,127.245,127.28
2021-05-20T17:49:00Z,127.29,127.31,127.22,127.225
2021-05-20T17:50:00Z,127.22,127.26,127.2186,127.2501
2021-05-20T17:51:00Z,127.26,127.285,127.2502,127.265
2021-05-20T17:52:00Z,127.27,127.31,127.23,127.25
2021-05-20T17:53:00Z,127.24,127.2401,126.98,126.98
2021-05-20T17:54:00Z,126.975,127.1,126.93,127.0402
2021-05-20T17:55:00Z,127.045,127.06,126.9901,127.05
2021-05-20T17:56:00Z,127.0485,127.11,127.0485,127.1079
2021-05-20T17:57:00Z,127.105,127.17,127.0926,127.15
2021-05-20T17:58:00Z,127.14,127.1799,127.13,127.155
2021-05-20T17:59:00Z,127.15,127.175,127.11,127.155
2021-05-20T18:00:00Z,127.16,127.23,127.155,127.17
2021-05-20T18:01:00Z,127.16,127.23,127.14,127.22
2021-05-20T18:02:00Z,127.22,127.239,127.16,127.2011
2021-05-20T18:03:00Z,127.21,127.2283,127.1132,127.145
2021-05-20T18:04:00Z,127.14,127.165,127.11,127.1133
2021-05-20T18:05:00Z,127.1199,127.1799,127.09,127.1041
2021-05-20T18:06:00Z,127.1,127.1799,127.09,127.1765
2021-05-20T18:07:00Z,127.175,127.2271,127.17,127.225
2021-05-20T18:08:00Z,127.225,127.28,127.195,127.255
2021-05-20T18:09:00Z,127.27,127.275,127.2,127.2154
2021-05-20T18:10:00Z,127.22,127.25,127.195,127.2373
2021-05-20T18:11:00Z,127.23,127.23,127.12,127.21
2021-05-20T18:12:00Z,127.215,127.26,127.2,127.2506
2021-05-20T18:13:00Z,127.26,127.2826,127.23,127.27
2021-05-20T18:14:00Z,127.28,127.3,127.26,127.295
2021-05-20T18:15:00Z,127.295,127.3393,127.26,127.2883
2021-05-20T18:16:00Z,127.28,127.2801,127.19,127.2217
2021-05-20T18:17:00Z,127.22,127.28,127.1951,127.25
2021-05-20T18:18:00Z,127.255,127.3,127.255,127.295
2021-05-20T18:19:00Z,127.295,127.3052,127.265,127.2852
2021-05-20T18:20:00Z,127.28,127.3201,127.265,127.2893
2021-05-20T18:21:00Z,127.28,127.32,127.265,127.309
2021-05-20T18:22:00Z,127.3,127.33,127.28,127.32
2021-05-20T18:23:00Z,127.3101,127.32,127.28,127.31
2021-05-20T18:24:00Z,127.315,127.3295,127.27,127.2701
2021-05-20T18:25:00Z,127.27,127.31,127.27,127.3
2021-05-20T18:26:00Z,127.3,127.3,127.26,127.277
2021-05-20T18:27:00Z,127.275,127.3,127.24,127.297
2021-05-20T18:28:00Z,127.295,127.35,127.29,127.32
2021-05-20T18:29:00Z,127.33,127.4066,127.315,127.3901
2021-05-20T18:30:00Z,127.4,127.43,127.3845,127.3914
2021-05-20T18:31:00Z,127.395,127.43,127.39,127.41
2021-05-20T18:32:00Z,127.415,127.44,127.36,127.38
2021-05-20T18:33:00Z,127.38,127.39,127.32,127.3684
2021-05-20T18:34:00Z,127.37,127.385,127.34,127.38
2021-05-20T18:35:00Z,127.38,127.4091,127.36,127.3899
2021-05-20T18:36:00Z,127.38,127.42,127.37,127.4
2021-05-20T18:37:00Z,127.39,127.41,127.35,127.355
2021-05-20T18:38:00Z,127.36,127.39,127.34,127.38
2021-05-20T18:39:00Z,127.38,127.4,127.37,127.385
2021-05-20T18:40:00Z,127.39,127.42,127.37,127.405
2021-05-20T18:41:00Z,127.4081,127.42,127.38,127.39
2021-05-20T18:42:00Z,127.39,127.42,127.38,127.4
2021-05-20T18:43:00Z,127.4001,127.4001,127.35,127.375
2021-05-20T18:44:00Z,127.37,127.39,127.32,127.3548
2021-05-20T18:45:00Z,127.36,127.4,127.35,127.36
2021-05-20T18:46:00Z,127.36,127.385,127.325,127.37
2021-05-20T18:47:00Z,127.37,127.39,127.345,127.37
2021-05-20T18:48:00Z,127.375,127.43,127.3727,127.425
2021-05-20T18:49:00Z,127.43,127.51,127.43,127.49
2021-05-20T18:50:00Z,127.482,127.49,127.44,127.4801
2021-05-20T18:51:00Z,127.49,127.51,127.47,127.5
2021-05-20T18:52:00Z,127.4901,127.53,127.47,127.485
2021-05-20T18:53:00Z,127.485,127.53,127.46,127.4678
2021-05-20T18:54:00Z,127.47,127.59,127.47,127.555
2021-05-20T18:55:00Z,127.555,127.58,127.52,127.56
2021-05-20T18:56:00Z,127.57,127.6,127.5018,127.5599
2021-05-20T18:57:00Z,127.55,127.57,127.53,127.5671
2021-05-20T18:58:00Z,127.5626,127.6,127.56,127.58
2021-05-20T18:59:00Z,127.57,127.59,127.49,127.53
2021-05-20T19:00:00Z,127.53,127.56,127.36,127.4459
2021-05-20T19:01:00Z,127.4457,127.5,127.38,127.4
2021-05-20T19:02:00Z,127.4,127.5302,127.4,127.5
2021-05-20T19:03:00Z,127.5,127.5,127.435,127.461
2021-05-20T19:04:00Z,127.46,127.55,127.445,127.54
2021-05-20T19:05:00Z,127.545,127.578,127.5,127.5765
2021-05-20T19:06:00Z,127.58,127.5899,127.53,127.54
2021-05-20T19:07:00Z,127.55,127.55,127.46,127.5093
2021-05-20T19:08:00Z,127.51,127.54,127.48,127.495
2021-05-20T19:09:00Z,127.49,127.52,127.44,127.455
2021-05-20T19:10:00Z,127.45,127.528,127.43,127.525
2021-05-20T19:11:00Z,127.52,127.59,127.5123,127.55
2021-05-20T19:12:00Z,127.54,127.58,127.53,127.56
2021-05-20T19:13:00Z,127.57,127.58,127.5155,127.545
2021-05-20T19:14:00Z,127.545,127.58,127.53,127.54
2021-05-20T19:15:00Z,127.54,127.57,127.52,127.535
2021-05-20T19:16:00Z,127.54,127.56,127.52,127.5373
2021-05-20T19:17:00Z,127.54,127.6101,127.5315,127.595
2021-05-20T19:18:00Z,127.595,127.6535,127.59,127.5992
2021-05-20T19:19:00Z,127.605,127.645,127.59,127.63
2021-05-20T19:20:00Z,127.6279,127.66,127.595,127.625
2021-05-20T19:21:00Z,127.62,127.67,127.615,127.64
2021-05-20T19:22:00Z,127.645,127.67,127.5901,127.63
2021-05-20T19:23:00Z,127.6299,127.64,127.56,127.6347
2021-05-20T19:24:00Z,127.6337,127.68,127.61,127.6504
2021-05-20T19:25:00Z,127.655,127.69,127.64,127.68
2021-05-20T19:26:00Z,127.67,127.69,127.6516,127.69
2021-05-20T19:27:00Z,127.685,127.71,127.665,127.705
2021-05-20T19:28:00Z,127.71,127.71,127.67,127.67
2021-05-20T19:29:00Z,127.68,127.72,127.65,127.7
2021-05-20T19:30:00Z,127.7,127.72,127.64,127.6403
2021-05-20T19:31:00Z,127.6499,127.6997,127.6285,127.66
2021-05-20T19:32:00Z,127.67,127.685,127.6401,127.6401
2021-05-20T19:33:00Z,127.64,127.675,127.565,127.5724
2021-05-20T19:34:00Z,127.575,127.615,127.54,127.5799
2021-05-20T19:35:00Z,127.58,127.64,127.57,127.59
2021-05-20T19:36:00Z,127.59,127.66,127.58,127.62
2021-05-20T19:37:00Z,127.62,127.625,127.555,127.56
2021-05-20T19:38:00Z,127.56,127.595,127.54,127.57
2021-05-20T19:39:00Z,127.56,127.57,127.49,127.495
2021-05-20T19:40:00Z,127.492,127.5499,127.46,127.47
2021-05-20T19:41:00Z,127.4721,127.505,127.45,127.4955
2021-05-20T19:42:00Z,127.5,127.5,127.43,127.455
2021-05-20T19:43:00Z,127.4562,127.49,127.43,127.452
2021-05-20T19:44:00Z,127.45,127.5,127.43,127.4799
2021-05-20T19:45:00Z,127.47,127.54,127.46,127.5002
2021-05-20T19:46:00Z,127.508,127.5355,127.47,127.51
2021-05-20T19:47:00Z,127.5,127.58,127.49,127.58
2021-05-20T19:48:00Z,127.57,127.58,127.4,127.48
2021-05-20T19:49:00Z,127.47,127.5299,127.43,127.44
2021-05-20T19:50:00Z,127.44,127.45,127.232,127.34
2021-05-20T19:51:00Z,127.345,127.4,127.33,127.35
2021-05-20T19:52:00Z,127.36,127.43,127.32,127.4
2021-05-20T19:53:00Z,127.4019,127.47,127.37,127.46
2021-05-20T19:54:00Z,127.46,127.64,127.37,127.55
2021-05-20T19:55:00Z,127.54,127.54,127.4,127.42
2021-05-20T19:56:00Z,127.42,127.42,127.32,127.38
2021-05-20T19:57:00Z,127.37,127.38,127.32,127.36
2021-05-20T19:58:00Z,127.365,127.365,127.25,127.26
2021-05-20T19:59:00Z,127.26,127.36,127.2,127.31
