2020-01-15T13:30:00Z,313.0735,313.0735,312.89,312.89
2020-01-15T13:31:00Z,313.0999,313.17,313.0999,313.17
2020-01-15T13:32:00Z,313.12,313.17,312.65,312.75
2020-01-15T13:33:00Z,312.76,312.84,312.76,312.82
2020-01-15T13:34:00Z,312.82,312.9,312.8,312.85
2020-01-15T13:35:00Z,312.88,312.88,312.76,312.76
2020-01-15T13:36:00Z,312.82,312.85,312.82,312.85
2020-01-15T13:37:00Z,312.85,312.85,312.85,312.85
2020-01-15T13:38:00Z,312.75,312.8,312.71,312.73
2020-01-15T13:39:00Z,312.72,312.8001,312.56,312.56
2020-01-15T13:40:00Z,312.55,312.69,312.28,312.31
2020-01-15T13:41:00Z,312.31,312.46,312.26,312.33
2020-01-15T13:42:00Z,312.4,312.4,312.2852,312.2852
2020-01-15T13:43:00Z,312.35,312.4135,312.35,312.39
2020-01-15T13:44:00Z,312.35,312.44,312.3,312.44
2020-01-15T13:45:00Z,312.44,312.5,312.44,312.5
2020-01-15T13:46:00Z,312.5,312.6,312.5,312.6
2020-01-15T13:47:00Z,312.55,312.55,312.4,312.4
2020-01-15T13:48:00Z,312.5,312.5,312.398,312.398
2020-01-15T13:49:00Z,312.28,312.31,312.25,312.25
2020-01-15T13:50:00Z,312.24,312.25,312.2,312.22
2020-01-15T13:51:00Z,312.2,312.2,312.11,312.15
2020-01-15T13:52:00Z,312.1201,312.3,312.1201,312.3
2020-01-15T13:53:00Z,312.34,312.3698,312.31,312.31
2020-01-15T13:54:00Z,312.28,312.28,312.28,312.28
2020-01-15T13:55:00Z,312.29,312.29,311.8,311.8
2020-01-15T13:56:00Z,311.88,312,311.86,312
2020-01-15T13:57:00Z,312,312.19,311.95,312.19
2020-01-15T13:58:00Z,312.1996,312.1996,312.1996,312.1996
2020-01-15T13:59:00Z,312.1,312.15,312.1,312.1
2020-01-15T14:00:00Z,312.01,312.1,312,312.05
2020-01-15T14:01:00Z,312.04,312.15,312.02,312.13
2020-01-15T14:02:00Z,312.02,312.02,311.95,312
2020-01-15T14:03:00Z,312,312.08,311.91,312.08
2020-01-15T14:04:00Z,312.08,312.13,312.05,312.13
2020-01-15T14:05:00Z,312.06,312.06,312,312
2020-01-15T14:06:00Z,311.9401,312.12,311.9401,312.08
2020-01-15T14:07:00Z,312.09,312.13,312.08,312.13
2020-01-15T14:08:00Z,312.1298,312.1298,311.95,312.02
2020-01-15T14:09:00Z,312.06,312.06,311.9177,311.9177
2020-01-15T14:10:00Z,311.97,312,311.91,311.99
2020-01-15T14:11:00Z,311.9,311.9,311.7,311.7
2020-01-15T14:12:00Z,311.7,311.755,311.67,311.755
2020-01-15T14:13:00Z,311.72,311.8,311.72,311.8
2020-01-15T14:14:00Z,311.81,311.86,311.8,311.86
2020-01-15T14:15:00Z,311.86,311.86,311.67,311.75
2020-01-15T14:16:00Z,311.72,311.73,311.7,311.7
2020-01-15T14:17:00Z,311.75,311.82,311.75,311.8
2020-01-15T14:18:00Z,311.85,311.87,311.85,311.85
2020-01-15T14:19:00Z,311.8,311.8,311.76,311.7602
2020-01-15T14:20:00Z,311.87,311.87,311.87,311.87
2020-01-15T14:21:00Z,311.9,311.91,311.8998,311.8999
2020-01-15T14:22:00Z,311.92,311.96,311.9,311.9
2020-01-15T14:24:00Z,311.84,311.95,311.84,311.95
2020-01-15T14:25:00Z,312,312.09,311.91,312
2020-01-15T14:26:00Z,312.0002,312.1,311.93,311.93
2020-01-15T14:27:00Z,311.98,311.98,311.82,311.82
2020-01-15T14:28:00Z,311.83,312,311.83,312
2020-01-15T14:29:00Z,311.99,311.99,311.88,311.88
2020-01-15T14:30:00Z,311.84,312.81,311.46,312.22
2020-01-15T14:31:00Z,312.2582,313.03,312.2582,312.91
2020-01-15T14:32:00Z,312.93,313.2056,312.82,313.01
2020-01-15T14:33:00Z,313,313.19,312.87,313.08
2020-01-15T14:34:00Z,313.08,313.3899,312.97,313.14
2020-01-15T14:35:00Z,313.15,313.84,313.1,313.79
2020-01-15T14:36:00Z,313.8,314.22,311.99,313.97
2020-01-15T14:37:00Z,313.99,314.18,313.84,313.95
2020-01-15T14:38:00Z,313.9451,314.048,313.58,313.62
2020-01-15T14:39:00Z,313.6,314.19,313.6,314.0792
2020-01-15T14:40:00Z,314.12,314.31,313.858,313.8858
2020-01-15T14:41:00Z,313.91,314.01,313.8,313.85
2020-01-15T14:42:00Z,313.8549,313.86,313.4,313.48
2020-01-15T14:43:00Z,313.485,313.94,313.48,313.82
2020-01-15T14:44:00Z,313.8574,314,313.63,313.63
2020-01-15T14:45:00Z,313.63,313.8,313.31,313.3331
2020-01-15T14:46:00Z,313.3,313.77,313.23,313.6
2020-01-15T14:47:00Z,313.6,313.88,313.59,313.6174
2020-01-15T14:48:00Z,313.61,313.61,313.22,313.498
2020-01-15T14:49:00Z,313.5199,314.07,313.5199,313.9749
2020-01-15T14:50:00Z,313.9749,314.04,313.65,314.01
2020-01-15T14:51:00Z,314.05,314.29,314.0404,314.22
2020-01-15T14:52:00Z,314.23,314.39,314.15,314.32
2020-01-15T14:53:00Z,314.37,314.5,314.26,314.44
2020-01-15T14:54:00Z,314.47,314.72,314.43,314.685
2020-01-15T14:55:00Z,314.695,314.9799,314.54,314.95
2020-01-15T14:56:00Z,314.95,315.06,314.84,314.94
2020-01-15T14:57:00Z,314.9751,315.13,314.9751,315.02
2020-01-15T14:58:00Z,315.01,315.312,314.94,315.21
2020-01-15T14:59:00Z,315.23,315.43,315.11,315.35
2020-01-15T15:00:00Z,315.357,315.5,314.94,315.06
2020-01-15T15:01:00Z,315.07,315.1502,314.775,314.96
2020-01-15T15:02:00Z,314.962,314.97,314.73,314.8788
2020-01-15T15:03:00Z,314.8734,315.03,314.75,314.91
2020-01-15T15:04:00Z,314.915,315.1,314.82,315.0454
2020-01-15T15:05:00Z,315.06,315.09,314.67,314.76
2020-01-15T15:06:00Z,314.79,314.9232,314.6701,314.73
2020-01-15T15:07:00Z,314.7691,315,314.72,314.9822
2020-01-15T15:08:00Z,314.9962,315.26,314.85,315.1785
2020-01-15T15:09:00Z,315.1613,315.28,315.03,315.2328
2020-01-15T15:10:00Z,315.245,315.35,315.07,315.07
2020-01-15T15:11:00Z,315.07,315.11,314.88,314.9
2020-01-15T15:12:00Z,314.89,314.97,314.72,314.8748
2020-01-15T15:13:00Z,314.866,315.01,314.76,314.87
2020-01-15T15:14:00Z,314.89,314.97,314.8385,314.87
2020-01-15T15:15:00Z,314.875,314.92,314.66,314.6846
2020-01-15T15:16:00Z,314.69,314.79,314.59,314.76
2020-01-15T15:17:00Z,314.74,315.03,314.74,314.96
2020-01-15T15:18:00Z,314.9752,315.2602,314.95,315.24
2020-01-15T15:19:00Z,315.25,315.2849,315.06,315.1199
2020-01-15T15:20:00Z,315.08,315.12,314.64,314.8
2020-01-15T15:21:00Z,314.82,314.9099,314.75,314.8269
2020-01-15T15:22:00Z,314.81,314.85,314.62,314.6432
2020-01-15T15:23:00Z,314.639,314.639,314.35,314.475
2020-01-15T15:24:00Z,314.46,314.46,314.13,314.3
2020-01-15T15:25:00Z,314.33,314.35,314.035,314.13
2020-01-15T15:26:00Z,314.13,314.42,314.01,314.3317
2020-01-15T15:27:00Z,314.34,314.4,314.15,314.3011
2020-01-15T15:28:00Z,314.3012,314.31,314.07,314.23
2020-01-15T15:29:00Z,314.21,314.28,314.0839,314.252
2020-01-15T15:30:00Z,314.24,314.42,313.95,313.95
2020-01-15T15:31:00Z,313.945,314.05,313.81,314.01
2020-01-15T15:32:00Z,314.025,314.187,313.9451,314.16
2020-01-15T15:33:00Z,314.19,314.26,313.96,314.06
2020-01-15T15:34:00Z,314.07,314.1,313.831,314.0192
2020-01-15T15:35:00Z,314.03,314.41,314.03,314.3799
2020-01-15T15:36:00Z,314.36,314.53,314.3513,314.5027
2020-01-15T15:37:00Z,314.51,314.65,314.36,314.65
2020-01-15T15:38:00Z,314.6308,314.67,314.38,314.402
2020-01-15T15:39:00Z,314.3823,314.408,314.03,314.06
2020-01-15T15:40:00Z,314.042,314.29,313.97,314.2599
2020-01-15T15:41:00Z,314.2568,314.4199,314.21,314.3362
2020-01-15T15:42:00Z,314.35,314.3723,314.13,314.25
2020-01-15T15:43:00Z,314.2557,314.4304,314.23,314.39
2020-01-15T15:44:00Z,314.4,314.4508,314.22,314.25
2020-01-15T15:45:00Z,314.2444,314.47,314.21,314.43
2020-01-15T15:46:00Z,314.43,314.51,314.395,314.4733
2020-01-15T15:47:00Z,314.46,314.49,314.31,314.32
2020-01-15T15:48:00Z,314.32,314.46,314.31,314.38
2020-01-15T15:49:00Z,314.365,314.41,314.28,314.3244
2020-01-15T15:50:00Z,314.325,314.37,314.26,314.34
2020-01-15T15:51:00Z,314.37,314.55,314.3,314.43
2020-01-15T15:52:00Z,314.4,314.47,314.33,314.43
2020-01-15T15:53:00Z,314.43,314.53,314.32,314.34
2020-01-15T15:54:00Z,314.33,314.3705,314.16,314.27
2020-01-15T15:55:00Z,314.289,314.35,314.16,314.19
2020-01-15T15:56:00Z,314.22,314.39,314.21,314.29
2020-01-15T15:57:00Z,314.2882,314.44,314.26,314.35
2020-01-15T15:58:00Z,314.343,314.39,314.32,314.39
2020-01-15T15:59:00Z,314.38,314.51,314.37,314.5
2020-01-15T16:00:00Z,314.4923,314.67,314.46,314.6256
2020-01-15T16:01:00Z,314.62,314.65,314.27,314.3545
2020-01-15T16:02:00Z,314.3522,314.4,313.9166,313.93
2020-01-15T16:03:00Z,313.92,314.12,313.91,314.03
2020-01-15T16:04:00Z,314.02,314.21,314,314.15
2020-01-15T16:05:00Z,314.14,314.16,313.95,314.01
2020-01-15T16:06:00Z,314.0042,314.03,313.672,313.8373
2020-01-15T16:07:00Z,313.82,314.07,313.76,314.0328
2020-01-15T16:08:00Z,314.045,314.05,313.91,313.92
2020-01-15T16:09:00Z,313.93,313.9699,313.83,313.8517
2020-01-15T16:10:00Z,313.88,313.8904,313.75,313.7806
2020-01-15T16:11:00Z,313.77,313.785,313.55,313.562
2020-01-15T16:12:00Z,313.5692,313.85,313.55,313.75
2020-01-15T16:13:00Z,313.75,314.03,313.75,314.03
2020-01-15T16:14:00Z,314.04,314.18,314.0001,314.0707
2020-01-15T16:15:00Z,314.0743,314.35,314.0743,314.3182
2020-01-15T16:16:00Z,314.32,314.42,314.296,314.345
2020-01-15T16:17:00Z,314.345,314.37,314.21,314.31
2020-01-15T16:18:00Z,314.3,314.3,314.18,314.22
2020-01-15T16:19:00Z,314.21,314.3299,314.21,314.29
2020-01-15T16:20:00Z,314.28,314.32,314.15,314.15
2020-01-15T16:21:00Z,314.14,314.1733,314.02,314.09
2020-01-15T16:22:00Z,314.08,314.08,313.96,314.0301
2020-01-15T16:23:00Z,314.0377,314.08,313.98,314.07
2020-01-15T16:24:00Z,314.055,314.07,313.8829,314.015
2020-01-15T16:25:00Z,314.02,314.13,313.8701,313.9499
2020-01-15T16:26:00Z,313.94,314.07,313.9,314.06
2020-01-15T16:27:00Z,314.09,314.11,314,314.07
2020-01-15T16:28:00Z,314.06,314.1,313.9,313.92
2020-01-15T16:29:00Z,313.93,313.982,313.52,313.6168
2020-01-15T16:30:00Z,313.59,313.7299,313.38,313.57
2020-01-15T16:31:00Z,313.61,313.69,313.56,313.6873
2020-01-15T16:32:00Z,313.68,313.8,313.55,313.6167
2020-01-15T16:33:00Z,313.63,313.83,313.63,313.83
2020-01-15T16:34:00Z,313.835,313.91,313.79,313.8
2020-01-15T16:35:00Z,313.81,314.0999,313.8001,314.0732
2020-01-15T16:36:00Z,314.0732,314.0732,313.87,313.9858
2020-01-15T16:37:00Z,313.97,313.974,313.88,313.92
2020-01-15T16:38:00Z,313.9242,314.15,313.9,314.0999
2020-01-15T16:39:00Z,314.16,314.23,314.072,314.1896
2020-01-15T16:40:00Z,314.1827,314.39,314.1794,314.3499
2020-01-15T16:41:00Z,314.36,314.3931,314.27,314.3449
2020-01-15T16:42:00Z,314.3482,314.39,314.3114,314.3816
2020-01-15T16:43:00Z,314.37,314.3746,314.22,314.2618
2020-01-15T16:44:00Z,314.266,314.3,314.18,314.2505
2020-01-15T16:45:00Z,314.26,314.27,314.15,314.19
2020-01-15T16:46:00Z,314.18,314.25,314.16,314.248
2020-01-15T16:47:00Z,314.2393,314.42,314.2034,314.39
2020-01-15T16:48:00Z,314.44,314.58,314.29,314.29
2020-01-15T16:49:00Z,314.32,314.4,314.28,314.2867
2020-01-15T16:50:00Z,314.2857,314.3,313.9075,314.1
2020-01-15T16:51:00Z,314.1349,314.25,314.0718,314.2152
2020-01-15T16:52:00Z,314.18,314.3,314.16,314.27
2020-01-15T16:53:00Z,314.25,314.29,314.16,314.23
2020-01-15T16:54:00Z,314.22,314.255,313.85,313.9914
2020-01-15T16:55:00Z,314.03,314.25,314.03,314.14
2020-01-15T16:56:00Z,314.08,314.3,314.04,314.04
2020-01-15T16:57:00Z,314.04,314.22,314.0105,314.14
2020-01-15T16:58:00Z,314.1244,314.129,313.67,313.7758
2020-01-15T16:59:00Z,313.79,313.9899,313.79,313.95
2020-01-15T17:00:00Z,313.91,313.99,313.79,313.81
2020-01-15T17:01:00Z,313.8399,313.95,313.77,313.9
2020-01-15T17:02:00Z,313.9101,313.99,313.88,313.89
2020-01-15T17:03:00Z,313.89,313.9166,313.81,313.9
2020-01-15T17:04:00Z,313.8871,313.9,313.76,313.7853
2020-01-15T17:05:00Z,313.81,314.07,313.81,314.0305
2020-01-15T17:06:00Z,314.035,314.3085,314.035,314.3085
2020-01-15T17:07:00Z,314.3085,314.32,314.07,314.09
2020-01-15T17:08:00Z,314.1,314.11,314.01,314.05
2020-01-15T17:09:00Z,314.05,314.05,313.79,313.834
2020-01-15T17:10:00Z,313.851,314,313.79,314
2020-01-15T17:11:00Z,314,314.1599,313.9987,314.1599
2020-01-15T17:12:00Z,314.12,314.25,314.1067,314.1892
2020-01-15T17:13:00Z,314.21,314.22,314.0701,314.21
2020-01-15T17:14:00Z,314.19,314.39,314.18,314.3579
2020-01-15T17:15:00Z,314.36,314.44,314.27,314.31
2020-01-15T17:16:00Z,314.29,314.34,314.1434,314.29
2020-01-15T17:17:00Z,314.315,314.315,314.17,314.24
2020-01-15T17:18:00Z,314.22,314.33,314.18,314.26
2020-01-15T17:19:00Z,314.22,314.22,314,314.11
2020-01-15T17:20:00Z,314.0959,314.1399,314.0785,314.0806
2020-01-15T17:21:00Z,314.09,314.2849,314.07,314.2801
2020-01-15T17:22:00Z,314.28,314.35,314.22,314.31
2020-01-15T17:23:00Z,314.289,314.31,314.2,314.2025
2020-01-15T17:24:00Z,314.2,314.29,314.16,314.2692
2020-01-15T17:25:00Z,314.2899,314.4553,314.2899,314.455
2020-01-15T17:26:00Z,314.45,314.6,314.29,314.3662
2020-01-15T17:27:00Z,314.3619,314.38,314.24,314.2649
2020-01-15T17:28:00Z,314.2521,314.45,314.22,314.42
2020-01-15T17:29:00Z,314.43,314.46,314.27,314.35
2020-01-15T17:30:00Z,314.35,314.4241,314.2701,314.3136
2020-01-15T17:31:00Z,314.3169,314.3499,314.02,314.13
2020-01-15T17:32:00Z,314.1512,314.24,314.11,314.2307
2020-01-15T17:33:00Z,314.2416,314.3,314.191,314.24
2020-01-15T17:34:00Z,314.232,314.24,314.09,314.1143
2020-01-15T17:35:00Z,314.14,314.15,313.909,314.1356
2020-01-15T17:36:00Z,314.15,314.33,314.105,314.298
2020-01-15T17:37:00Z,314.29,314.37,314.25,314.31
2020-01-15T17:38:00Z,314.26,314.29,314.14,314.26
2020-01-15T17:39:00Z,314.2649,314.45,314.25,314.3
2020-01-15T17:40:00Z,314.3,314.42,314.3,314.42
2020-01-15T17:41:00Z,314.42,314.52,314.3912,314.4667
2020-01-15T17:42:00Z,314.46,314.5,314.36,314.45
2020-01-15T17:43:00Z,314.44,314.4417,314.32,314.36
2020-01-15T17:44:00Z,314.3608,314.37,314.2709,314.3
2020-01-15T17:45:00Z,314.29,314.45,314.2236,314.389
2020-01-15T17:46:00Z,314.3999,314.49,314.39,314.42
2020-01-15T17:47:00Z,314.43,314.5,314.33,314.44
2020-01-15T17:48:00Z,314.44,314.44,314.3502,314.38
2020-01-15T17:49:00Z,314.381,314.41,314.08,314.08
2020-01-15T17:50:00Z,314.0881,314.23,314.07,314.1299
2020-01-15T17:51:00Z,314.12,314.12,314,314.07
2020-01-15T17:52:00Z,314.0731,314.0734,313.69,313.74
2020-01-15T17:53:00Z,313.73,313.95,313.7,313.9101
2020-01-15T17:54:00Z,313.929,313.99,313.82,313.87
2020-01-15T17:55:00Z,313.8566,313.99,313.7926,313.93
2020-01-15T17:56:00Z,313.93,313.95,313.8,313.8
2020-01-15T17:57:00Z,313.82,314,313.82,313.965
2020-01-15T17:58:00Z,313.985,314,313.82,313.9555
2020-01-15T17:59:00Z,313.9514,314.015,313.82,313.91
2020-01-15T18:00:00Z,313.9,313.92,313.61,313.6556
2020-01-15T18:01:00Z,313.635,313.9579,313.56,313.9164
2020-01-15T18:02:00Z,313.93,313.95,313.8,313.93
2020-01-15T18:03:00Z,313.96,314.17,313.9362,314.08
2020-01-15T18:04:00Z,314.07,314.07,313.81,313.9586
2020-01-15T18:05:00Z,313.9388,314.24,313.9388,314.15
2020-01-15T18:06:00Z,314.1607,314.17,314.07,314.07
2020-01-15T18:07:00Z,314.0853,314.0853,313.75,313.89
2020-01-15T18:08:00Z,313.895,313.93,313.7065,313.8199
2020-01-15T18:09:00Z,313.795,313.89,313.67,313.8241
2020-01-15T18:10:00Z,313.8419,314.09,313.7706,313.9901
2020-01-15T18:11:00Z,313.9501,313.9588,313.73,313.8112
2020-01-15T18:12:00Z,313.8202,313.96,313.8202,313.87
2020-01-15T18:13:00Z,313.91,314.25,313.88,314.25
2020-01-15T18:14:00Z,314.25,314.2616,314.0847,314.1676
2020-01-15T18:15:00Z,314.16,314.22,314.08,314.1415
2020-01-15T18:16:00Z,314.14,314.3494,314.14,314.28
2020-01-15T18:17:00Z,314.2801,314.3699,314.2701,314.2701
2020-01-15T18:18:00Z,314.28,314.34,314.25,314.3196
2020-01-15T18:19:00Z,314.31,314.44,314.3,314.3601
2020-01-15T18:20:00Z,314.3689,314.39,314.285,314.3013
2020-01-15T18:21:00Z,314.3079,314.3199,314.24,314.24
2020-01-15T18:22:00Z,314.2345,314.24,314.05,314.082
2020-01-15T18:23:00Z,314.0769,314.17,314.01,314.015
2020-01-15T18:24:00Z,314.02,314.05,313.8822,313.95
2020-01-15T18:25:00Z,313.93,314.03,313.75,314.03
2020-01-15T18:26:00Z,313.9973,313.9973,313.88,313.92
2020-01-15T18:27:00Z,313.9214,314,313.905,313.905
2020-01-15T18:28:00Z,313.9099,314.04,313.86,313.92
2020-01-15T18:29:00Z,313.9013,314,313.9013,313.9506
2020-01-15T18:30:00Z,313.9578,314.14,313.9455,314.13
2020-01-15T18:31:00Z,314.12,314.205,314.06,314.2
2020-01-15T18:32:00Z,314.19,314.2074,314.11,314.1399
2020-01-15T18:33:00Z,314.11,314.1303,313.4,313.57
2020-01-15T18:34:00Z,313.55,313.711,313.51,313.6173
2020-01-15T18:35:00Z,313.655,313.71,313.54,313.68
2020-01-15T18:36:00Z,313.69,313.79,313.6465,313.78
2020-01-15T18:37:00Z,313.78,313.85,313.73,313.79
2020-01-15T18:38:00Z,313.76,313.8,313.73,313.7301
2020-01-15T18:39:00Z,313.73,313.77,313.7207,313.76
2020-01-15T18:40:00Z,313.755,313.85,313.6604,313.7438
2020-01-15T18:41:00Z,313.742,313.79,313.64,313.6843
2020-01-15T18:42:00Z,313.6806,313.73,313.64,313.685
2020-01-15T18:43:00Z,313.7,313.71,313.54,313.5606
2020-01-15T18:44:00Z,313.5615,313.6,313.24,313.2625
2020-01-15T18:45:00Z,313.2547,313.32,313.14,313.22
2020-01-15T18:46:00Z,313.24,313.34,313.24,313.275
2020-01-15T18:47:00Z,313.2856,313.34,313.25,313.32
2020-01-15T18:48:00Z,313.31,313.3422,313.2483,313.32
2020-01-15T18:49:00Z,313.3,313.36,313.18,313.265
2020-01-15T18:50:00Z,313.271,313.37,313.21,313.21
2020-01-15T18:51:00Z,313.2,313.24,312.8,312.89
2020-01-15T18:52:00Z,312.874,312.91,312.59,312.6701
2020-01-15T18:53:00Z,312.67,312.69,312.23,312.39
2020-01-15T18:54:00Z,312.38,312.575,312.16,312.25
2020-01-15T18:55:00Z,312.25,312.38,312.19,312.29
2020-01-15T18:56:00Z,312.31,312.54,312.3,312.49
2020-01-15T18:57:00Z,312.47,312.4762,312.26,312.3599
2020-01-15T18:58:00Z,312.3205,312.43,312.25,312.35
2020-01-15T18:59:00Z,312.36,312.7,312.3,312.66
2020-01-15T19:00:00Z,312.67,312.7799,312.56,312.6787
2020-01-15T19:01:00Z,312.67,312.79,312.5,312.79
2020-01-15T19:02:00Z,312.8,312.96,312.7412,312.885
2020-01-15T19:03:00Z,312.885,313.09,312.8605,312.94
2020-01-15T19:04:00Z,312.9326,313.11,312.87,313.05
2020-01-15T19:05:00Z,313.0598,313.1,312.94,312.9584
2020-01-15T19:06:00Z,312.95,313,312.87,312.9999
2020-01-15T19:07:00Z,312.98,313.16,312.915,313.1085
2020-01-15T19:08:00Z,313.0915,313.18,313.01,313.15
2020-01-15T19:09:00Z,313.15,313.4706,313.13,313.36
2020-01-15T19:10:00Z,313.4,313.44,313.27,313.33
2020-01-15T19:11:00Z,313.3499,313.37,313.3,313.32
2020-01-15T19:12:00Z,313.32,313.355,313.21,313.33
2020-01-15T19:13:00Z,313.32,313.34,313.2428,313.28
2020-01-15T19:14:00Z,313.2731,313.3886,313.2,313.2463
2020-01-15T19:15:00Z,313.26,313.35,313.19,313.2001
2020-01-15T19:16:00Z,313.2188,313.3,313.15,313.16
2020-01-15T19:17:00Z,313.1618,313.2199,313.01,313.13
2020-01-15T19:18:00Z,313.1,313.16,313.0299,313.114
2020-01-15T19:19:00Z,313.104,313.21,313.06,313.194
2020-01-15T19:20:00Z,313.194,313.3,313.1693,313.1693
2020-01-15T19:21:00Z,313.1731,313.2,313.05,313.18
2020-01-15T19:22:00Z,313.18,313.2,313.0856,313.1699
2020-01-15T19:23:00Z,313.1748,313.24,313.0786,313.1599
2020-01-15T19:24:00Z,313.14,313.14,312.94,313.0525
2020-01-15T19:25:00Z,313.0598,313.14,313.0598,313.104
2020-01-15T19:26:00Z,313.12,313.21,313.08,313.1702
2020-01-15T19:27:00Z,313.185,313.28,313.16,313.1986
2020-01-15T19:28:00Z,313.2,313.26,313.18,313.2193
2020-01-15T19:29:00Z,313.22,313.3899,313.2137,313.32
2020-01-15T19:30:00Z,313.33,313.35,313.27,313.33
2020-01-15T19:31:00Z,313.34,313.3498,313.2,313.291
2020-01-15T19:32:00Z,313.295,313.32,313.21,313.24
2020-01-15T19:33:00Z,313.23,313.34,313.19,313.34
2020-01-15T19:34:00Z,313.35,313.56,313.3293,313.5
2020-01-15T19:35:00Z,313.49,313.5598,313.43,313.5598
2020-01-15T19:36:00Z,313.54,313.54,313.43,313.4691
2020-01-15T19:37:00Z,313.4828,313.66,313.45,313.61
2020-01-15T19:38:00Z,313.619,313.82,313.6,313.82
2020-01-15T19:39:00Z,313.82,313.83,313.63,313.64
2020-01-15T19:40:00Z,313.64,313.69,313.58,313.62
2020-01-15T19:41:00Z,313.6,313.6243,313.52,313.5203
2020-01-15T19:42:00Z,313.525,313.59,313.52,313.58
2020-01-15T19:43:00Z,313.57,313.66,313.53,313.54
2020-01-15T19:44:00Z,313.53,313.66,313.53,313.5872
2020-01-15T19:45:00Z,313.5999,313.655,313.5703,313.6405
2020-01-15T19:46:00Z,313.6591,313.77,313.57,313.57
2020-01-15T19:47:00Z,313.58,313.62,313.42,313.49
2020-01-15T19:48:00Z,313.4934,313.57,313.41,313.41
2020-01-15T19:49:00Z,313.4197,313.46,313.31,313.4428
2020-01-15T19:50:00Z,313.445,313.45,313.24,313.26
2020-01-15T19:51:00Z,313.27,313.38,313.17,313.3181
2020-01-15T19:52:00Z,313.28,313.37,313.28,313.349
2020-01-15T19:53:00Z,313.34,313.47,313.32,313.45
2020-01-15T19:54:00Z,313.47,313.5,313.45,313.4962
2020-01-15T19:55:00Z,313.49,313.5697,313.48,313.5
2020-01-15T19:56:00Z,313.49,313.49,313.28,313.4199
2020-01-15T19:57:00Z,313.4,313.4,313.21,313.21
2020-01-15T19:58:00Z,313.18,313.21,313.04,313.11
2020-01-15T19:59:00Z,313.11,313.11,312.9,312.96
